0
7
9
16
17
23
26
29
32
36
37
38
39
60
62
74
77
79
83
86
87
88
89
90
97
99
101
119
124
125
130
132
136
141
142
147
155
162
164
167
168
170
178
181
182
183
188
189
193
195
200
201
204
207
210
211
224
230
239
248
258
264
268
278
279
283
287
295
296
297
303
308
313
317
320
322
323
347
349
352
355
368
371
375
376
380
410
422
424
425
426
427
428
431
432
438
439
445
447
449
452
458
463
471
490
491
498
504
510
513
519
525
526
533
553
554
555
563
579
582
593
597
601
602
612
615
625
626
635
639
646
656
659
665
670
671
672
673
674
680
684
685
689
693
694
709
723
724
727
734
736
737
739
743
744
751
754
756
758
759
763
766
768
773
779
780
782
789
795
805
806
807
814
815
818
826
827
837
839
844
850
851
857
858
860
862
865
867
869
875
879
882
884
887
888
889
898
905
917
918
919
921
929
931
934
944
947
948
957
960
963
971
973
974
978
980
987
989
995
996
999
1013
1024
1043
1052
1062
1066
1071
1074
1076
1077
1079
1085
1091
1092
1097
1101
1103
1111
1123
1129
1132
1139
1145
1153
1156
1158
1162
1165
1169
1179
1189
1209
1213
1223
1226
1231
1237
1248
1265
1269
1272
1276
1279
1285
1286
1292
1297
1312
1325
1332
1333
1340
1348
1356
1362
1392
1402
1404
1406
1409
1419
1442
1445
1455
1463
1464
1465
1473
1474
1480
1516
1551
1560
1563
1568
1580
1596
1599
1602
1610
1616
1618
1620
1622
1623
1638
1647
1654
1655
1661
1666
1679
1683
1686
1694
1695
1696
1697
1705
1720
1727
1729
1741
1764
1772
1773
1778
1781
1788
1789
1792
1798
1809
1810
1813
1830
1835
1850
1852
1859
1870
1880
1886
1902
1911
1927
1929
1938
1947
1948
1960
1967
1972
1981
1996
2004
2015
2026
2027
2028
2036
2037
2039
2049
2053
2055
2060
2070
2076
2098
2105
2109
2118
2129
2137
2157
2159
2160
2165
2177
2192
2196
2199
2211
2229
2232
2238
2242
2254
2260
2306
2320
2323
2336
2337
2338
2361
2364
2369
2373
2378
2392
2408
2416
2432
2438
2443
2455
2458
2460
2463
2464
2499
2501
2505
2509
2513
2514
2518
2521
2539
2549
2552
2561
2562
2569
2571
2582
2586
2587
2598
2605
2606
2608
2622
2624
2625
2633
2646
2649
2650
2653
2656
2657
2662
2669
2670
2678
2680
2681
2682
2684
2685
2688
2691
2702
2707
2725
2732
2733
2734
2746
2747
2750
2754
2755
2762
2771
2772
2774
2775
2777
2790
2795
2798
2816
2819
2830
2840
2843
2844
2846
2848
2852
2853
2854
2857
2864
2865
2871
2885
2897
2902
2906
2914
2921
2928
2932
2943
2950
2952
2954
2971
2973
2976
2987
2988
2994
3001
3008
3018
3021
3030
3032
3049
3050
3053
3065
3097
3099
3110
3114
3115
3132
3135
3148
3153
3156
3158
3163
3164
3166
3169
3171
3174
3178
3182
3184
3186
3188
3194
3200
3201
3206
3216
3217
3223
3232
3249
3250
3253
3256
3261
3267
3272
3278
3292
3295
3296
3309
3316
3322
3324
3336
3350
3353
3369
3373
3376
3383
3384
3387
3408
3410
3415
3416
3419
3421
3426
3431
3434
3435
3437
3443
3445
3450
3453
3454
3459
3462
3463
3464
3465
3466
3474
3478
3482
3485
3486
3495
3504
3506
3509
3523
3525
3529
3553
3554
3556
3558
3560
3565
3568
3571
3573
3574
3575
3578
3580
3583
3585
3589
3601
3603
3604
3605
3607
3609
3611
3613
3619
3622
3624
3626
3632
3646
3648
3658
3662
3665
3668
3673
3679
3683
3695
3698
3703
3706
3707
3709
3718
3729
3732
3739
3742
3745
3746
3753
3757
3759
3763
3772
3776
3777
3791
3799
3800
3809
3813
3821
3822
3825
3826
3827
3829
3841
3845
3847
3851
3855
3856
3861
3862
3865
3867
3869
3870
3881
3886
3887
3898
3899
3909
3930
3939
3945
3946
3947
3955
3963
3993
3994
4004
4008
4027
4030
4036
4042
4045
4046
4065
4071
4074
4079
4086
4108
4112
4118
4124
4140
4141
4143
4147
4150
4155
4159
4160
4179
4185
4188
4201
4205
4207
4215
4220
4227
4229
4231
4237
4250
4253
4264
4266
4282
4290
4302
4303
4305
4311
4323
4324
4337
4346
4347
4351
4352
4359
4363
4364
4365
4380
4383
4388
4389
4405
4420
4430
4441
4444
4454
4465
4474
4486
4491
4493
4495
4497
4509
4514
4519
4523
4539
4543
4546
4556
4578
4597
4600
4601
4612
4618
4619
4622
4642
4670
4679
4685
4706
4708
4715
4717
4757
4763
4774
4789
4803
4809
4813
4814
4819
4849
4851
4856
4865
4869
4876
4881
4884
4886
4888
4889
4898
4906
4909
4910
4913
4914
4935
4936
4938
4942
4953
4963
4967
4969
4979
4991
4993
4994
5002
5015
5029
5036
5042
5045
5051
5056
5063
5074
5076
5082
5097
5099
5101
5110
5114
5116
5118
5123
5124
5133
5148
5153
5157
5158
5160
5170
5196
5220
5224
5228
5243
5247
5250
5254
5255
5268
5294
5322
5323
5325
5326
5329
5335
5340
5369
5372
5388
5400
5425
5430
5435
5460
5464
5470
5471
5472
5479
5486
5491
5492
5511
5515
5536
5544
5550
5557
5560
5562
5571
5572
5581
5584
5587
5591
5592
5601
5605
5606
5625
5632
5643
5649
5651
5652
5653
5669
5671
5673
5675
5677
5681
5682
5688
5697
5699
5703
5712
5714
5721
5725
5726
5731
5763
5778
5791
5811
5817
5818
5826
5829
5831
5832
5833
5836
5837
5840
5843
5848
5856
5875
5884
5896
5897
5911
5920
5922
5927
5930
5945
5955
5960
5961
5968
5988
6006
6016
6022
6027
6028
6039
6040
6057
6088
6093
6095
6106
6113
6114
6125
6140
6144
6148
6155
6159
6161
6163
6171
6179
6202
6207
6218
6234
6241
6242
6243
6246
6252
6253
6254
6272
6275
6287
6289
6291
6303
6305
6307
6308
6344
6357
6361
6368
6370
6371
6373
6389
6391
6393
6407
6412
6414
6416
6418
6457
6461
6463
6479
6491
6536
6537
6543
6561
6564
6581
6587
6590
6594
6604
6615
6621
6630
6632
6634
6653
6657
6687
6694
6703
6706
6714
6718
6722
6723
6726
6730
6731
6751
6755
6772
6779
6786
6788
6791
6796
6799
6802
6807
6821
6832
6842
6852
6885
6904
6922
6926
6977
6989
6991
6994
7005
7006
7038
7039
7049
7061
7064
7068
7078
7112
7126
7130
7131
7132
7148
7154
7175
7176
7177
7183
7191
7203
7207
7213
7223
7232
7235
7245
7256
7270
7273
7276
7285
7302
7303
7310
7320
7335
7342
7351
7358
7365
7366
7376
7405
7406
7443
7457
7460
7462
7476
7478
7479
7480
7484
7499
7508
7513
7516
7517
7525
7532
7544
7557
7567
7573
7588
7602
7621
7622
7627
7633
7637
7640
7643
7645
7665
7666
7670
7676
7687
7698
7700
7705
7707
7719
7739
7750
7756
7759
7760
7761
7775
7780
7785
7793
7833
7851
7856
7860
7862
7865
7870
7871
7887
7902
7903
7913
7942
7946
7952
7956
7958
7981
8017
8041
8047
8049
8058
8060
8074
8081
8087
8102
8105
8115
8118
8129
8131
8161
8169
8208
8209
8215
8221
8228
8233
8246
8251
8253
8271
8276
8279
8318
8332
8333
8335
8338
8342
8343
8345
8349
8354
8356
8359
8376
8388
8404
8417
8448
8449
8459
8460
8462
8471
8472
8488
8493
8506
8508
8518
8533
8537
8568
8587
8590
8594
8608
8613
8614
8635
8648
8659
8684
8705
8719
8723
8732
8733
8737
8742
8752
8753
8758
8764
8785
8787
8792
8802
8809
8818
8822
8826
8828
8834
8856
8860
8866
8868
8877
8880
8917
8965
8968
8979
8992
8999
9007
9013
9023
9040
9044
9066
9078
9083
9094
9098
9105
9140
9165
9169
9170
9173
9176
9185
9199
9206
9207
9208
9214
9219
9220
9224
9241
9244
9251
9266
9271
9272
9277
9281
9283
9286
9289
9290
9314
9322
9325
9326
9337
9352
9384
9389
9420
9435
9447
9448
9476
9481
9491
9497
9499
9524
9529
9533
9539
9540
9544
9554
9558
9560
9561
9563
9569
9577
9615
9619
9629
9653
9655
9668
9693
9695
9699
9722
9728
9758
9759
9766
9776
9785
9802
9813
9815
9845
9863
9877
9881
9907
9908
9915
9919
9920
9949
9952
9980
9987
9994
9995
10013
10032
10034
10044
10063
10064
10081
10129
10132
10145
10164
10173
10180
10188
10189
10193
10201
10233
10245
10249
10268
10275
10282
10332
10334
10368
10390
10409
10413
10460
10480
10490
10543
10544
10560
10585
10605
10619
10733
10751
10759
10771
10772
10773
10779
10807
10808
10812
10815
10824
10833
10857
10872
10878
10892
10912
10941
10942
10945
11006
11009
11016
11040
11068
11082
11085
11090
11115
11127
11157
11168
11181
11182
11210
11218
11238
11251
11299
11352
11367
11392
11414
11417
11439
11484
11508
11513
11541
11543
11554
11561
11565
11570
11574
11589
11597
11605
11640
11643
11648
11654
11655
11662
11672
11765
11774
11813
11814
11821
11847
11908
11926
11940
11980
11995
12044
12062
12077
12100
12104
12111
12117
12124
12135
12150
12155
12157
12167
12175
12189
12190
12247
12248
12277
12310
12319
12321
12368
12374
12378
12387
12392
12436
12438
12512
12554
12560
12566
12567
12568
12625
12664
12691
12705
12741
12744
12805
12810
12876
12879
12923
12952
12954
12965
12968
12975
13012
13068
13085
13103
13144
13177
13209
13247
13255
13257
13282
13298
13301
13339
13341
13352
13421
13431
13545
13573
13600
13604
13612
13656
13663
13687
13688
13691
13713
13770
13799
13848
13854
13857
13942
13981
13990
13994
14007
14014
14052
14109
14117
14123
14168
14174
14244
14275
14281
14405
14516
14558
14559
14575
14590
14613
14615
14643
14646
14658
14664
14665
14694
14722
14727
14734
14754
14766
14767
14776
14798
14801
14825
14829
14850
14877
14878
14880
14901
14946
14955
15001
15019
15051
15052
15095
15101
15129
15135
15146
15153
15154
15187
15214
15229
15249
15252
15263
15273
15278
15294
15329
15336
15348
15384
15389
15400
15417
15429
15474
15500
15596
15605
15624
15642
15652
15657
15663
15709
15739
15771
15825
15847
15867
15961
15981
16000
16035
16042
16078
16167
16173
16228
16350
16356
16371
16377
16399
16421
16427
16438
16458
16494
16504
16560
16572
16578
16639
16643
16753
16758
16771
16813
16829
17104
17122
17248
17250
17251
17257
17269
17280
17304
17308
17314
17493
17497
17515
17566
17575
17576
17633
17715
17783
17816
17821
17829
17844
17877
17895
17934
18052
18061
18075
18089
18093
18110
18121
18123
18126
18129
18131
18136
18137
18181
18184
18204
18213
18218
18224
18227
18235
18237
18240
18256
18294
18316
18318
18348
18350
18355
18356
18366
18375
18406
18433
18453
18503
18543
18603
18716
18751
18800
18920
18986
18996
19084
19134
19158
19189
19247
19256
19499
19682
19929
