6
8
9
12
15
17
20
23
26
29
32
36
37
39
42
45
48
51
52
55
58
59
60
63
65
67
68
69
70
71
72
74
77
82
85
87
88
91
93
96
97
98
101
103
108
110
113
117
119
122
123
125
126
130
131
132
136
138
139
144
151
152
155
162
163
165
166
167
169
170
176
178
179
181
183
187
189
190
191
193
197
200
201
204
205
206
207
209
212
214
217
218
219
226
227
230
239
242
244
247
250
253
255
256
260
262
264
272
273
275
278
280
282
287
288
289
295
298
300
303
304
307
312
313
317
320
321
322
326
331
337
344
345
347
351
352
360
362
363
370
371
376
377
378
379
384
386
388
389
394
399
400
402
403
404
409
410
415
419
421
423
424
427
428
430
431
432
435
437
438
439
441
442
445
450
451
453
454
458
463
465
470
475
477
481
485
492
493
494
500
501
503
504
505
511
513
514
516
517
518
519
523
525
529
532
533
537
541
546
548
551
552
553
554
555
563
565
566
567
569
571
575
582
585
587
590
593
594
596
599
601
602
610
612
619
620
621
626
628
631
634
635
636
640
645
648
652
654
658
659
664
665
668
671
672
673
680
681
685
689
690
692
694
696
701
708
710
719
721
725
727
733
734
735
736
739
744
746
751
752
754
759
765
768
773
774
777
778
779
780
782
783
787
788
789
790
792
793
795
796
798
801
805
806
808
810
815
824
825
830
837
843
844
846
850
855
856
857
860
865
867
870
875
878
883
884
887
888
889
891
895
902
903
905
906
909
911
912
918
919
920
924
926
927
930
934
937
940
943
944
946
947
949
955
964
969
973
974
975
976
980
984
987
990
999
1002
1012
1013
1016
1018
1019
1024
1025
1029
1030
1031
1037
1041
1043
1044
1045
1060
1062
1064
1065
1067
1071
1073
1075
1077
1082
1084
1086
1092
1096
1098
1102
1103
1104
1109
1113
1124
1127
1128
1129
1139
1143
1149
1156
1158
1159
1161
1162
1165
1167
1179
1184
1188
1191
1200
1204
1207
1208
1209
1213
1216
1220
1223
1231
1232
1245
1258
1264
1271
1276
1279
1285
1286
1287
1297
1304
1312
1328
1331
1338
1341
1343
1349
1350
1352
1355
1356
1369
1372
1378
1385
1389
1402
1403
1409
1410
1419
1422
1426
1429
1430
1433
1436
1444
1447
1450
1451
1463
1465
1466
1468
1471
1472
1473
1474
1475
1479
1480
1483
1487
1488
1490
1494
1498
1503
1507
1514
1518
1520
1523
1527
1536
1541
1545
1548
1549
1552
1563
1570
1579
1580
1581
1589
1590
1596
1599
1610
1625
1627
1636
1644
1647
1662
1665
1670
1679
1683
1687
1693
1694
1697
1705
1713
1725
1726
1731
1736
1744
1747
1752
1760
1762
1764
1766
1771
1772
1773
1777
1788
1789
1791
1792
1794
1798
1799
1811
1813
1818
1828
1830
1841
1850
1853
1866
1867
1876
1880
1887
1897
1900
1909
1912
1915
1919
1920
1923
1925
1935
1937
1945
1947
1948
1950
1956
1957
1959
1968
1969
1972
1974
1977
1980
1982
1985
1990
1991
1995
1996
2005
2009
2011
2015
2019
2021
2022
2027
2028
2032
2033
2036
2038
2041
2047
2052
2053
2057
2064
2067
2075
2076
2085
2088
2089
2090
2092
2096
2098
2101
2105
2109
2112
2116
2123
2124
2129
2132
2133
2134
2140
2146
2150
2154
2157
2159
2160
2167
2168
2174
2176
2183
2188
2190
2191
2194
2196
2197
2199
2201
2202
2212
2219
2225
2232
2238
2246
2250
2255
2256
2260
2276
2293
2300
2305
2311
2316
2317
2321
2322
2329
2336
2341
2350
2355
2359
2363
2364
2366
2367
2368
2369
2393
2399
2403
2407
2412
2413
2424
2434
2440
2444
2450
2453
2459
2466
2473
2480
2489
2492
2494
2498
2501
2503
2508
2514
2517
2518
2521
2523
2524
2528
2531
2548
2549
2550
2552
2559
2567
2568
2571
2572
2581
2582
2587
2590
2593
2597
2601
2603
2604
2605
2606
2608
2610
2613
2615
2616
2622
2623
2624
2634
2637
2641
2645
2646
2647
2648
2650
2651
2660
2661
2662
2666
2669
2670
2674
2678
2680
2683
2684
2685
2688
2692
2695
2696
2699
2701
2702
2710
2713
2719
2720
2723
2724
2725
2726
2727
2732
2738
2739
2746
2747
2749
2753
2754
2755
2762
2763
2765
2766
2769
2771
2774
2775
2777
2778
2781
2783
2784
2787
2788
2790
2792
2795
2800
2802
2809
2811
2812
2822
2824
2829
2832
2835
2845
2848
2852
2853
2854
2858
2859
2861
2865
2868
2869
2879
2882
2885
2888
2893
2894
2897
2898
2900
2901
2902
2903
2906
2907
2910
2911
2912
2917
2922
2926
2931
2933
2939
2941
2943
2945
2946
2951
2954
2958
2963
2967
2970
2971
2976
2977
2978
2983
2984
2988
2991
2994
2998
3007
3008
3011
3030
3033
3037
3039
3044
3046
3049
3052
3053
3056
3058
3061
3073
3077
3091
3092
3094
3095
3098
3100
3105
3106
3108
3115
3116
3120
3124
3126
3132
3138
3139
3140
3144
3145
3150
3151
3152
3153
3156
3157
3160
3162
3163
3168
3169
3170
3171
3177
3183
3193
3197
3203
3205
3207
3208
3211
3212
3213
3214
3216
3217
3227
3228
3232
3237
3239
3242
3243
3248
3249
3250
3251
3256
3259
3264
3265
3266
3270
3271
3275
3279
3285
3286
3292
3295
3296
3297
3301
3306
3309
3316
3319
3320
3325
3328
3330
3331
3334
3336
3341
3343
3344
3346
3353
3354
3355
3357
3359
3361
3363
3368
3369
3372
3375
3376
3382
3385
3387
3389
3398
3401
3403
3410
3412
3416
3419
3421
3422
3424
3426
3432
3435
3438
3441
3443
3450
3451
3452
3453
3454
3455
3459
3461
3462
3463
3465
3466
3470
3472
3473
3474
3476
3479
3483
3485
3487
3488
3489
3491
3496
3502
3504
3505
3506
3509
3511
3512
3520
3523
3524
3525
3529
3532
3533
3539
3540
3543
3544
3547
3550
3551
3553
3554
3556
3558
3560
3565
3566
3567
3570
3571
3573
3574
3578
3579
3580
3583
3584
3590
3592
3594
3596
3598
3599
3603
3604
3605
3606
3608
3609
3610
3611
3612
3613
3614
3618
3619
3620
3623
3624
3625
3626
3632
3633
3637
3646
3651
3652
3655
3658
3662
3678
3682
3683
3687
3693
3695
3698
3702
3703
3705
3706
3707
3708
3709
3710
3713
3714
3717
3719
3720
3721
3726
3731
3733
3734
3735
3743
3752
3753
3755
3756
3757
3758
3763
3764
3766
3773
3775
3776
3779
3782
3786
3791
3795
3797
3799
3802
3803
3814
3815
3816
3818
3819
3822
3823
3828
3831
3833
3834
3838
3839
3844
3848
3850
3851
3852
3853
3856
3857
3858
3859
3860
3865
3866
3867
3868
3870
3871
3879
3880
3881
3887
3888
3896
3898
3901
3916
3919
3922
3923
3924
3929
3932
3941
3943
3958
3961
3963
3968
3970
3972
3981
3983
3994
3997
4000
4006
4008
4009
4012
4013
4016
4019
4023
4024
4034
4036
4045
4046
4050
4054
4067
4071
4073
4080
4083
4084
4103
4107
4111
4115
4118
4119
4120
4122
4125
4127
4129
4136
4139
4145
4146
4148
4153
4159
4160
4162
4179
4184
4186
4188
4194
4195
4198
4205
4215
4217
4220
4229
4232
4238
4242
4250
4253
4256
4266
4268
4270
4275
4276
4290
4292
4293
4294
4298
4303
4305
4311
4316
4321
4323
4324
4326
4331
4334
4336
4339
4340
4347
4350
4352
4353
4355
4358
4359
4362
4368
4376
4383
4384
4385
4389
4390
4392
4397
4398
4399
4405
4406
4412
4415
4420
4421
4425
4430
4432
4445
4446
4447
4451
4454
4470
4472
4475
4476
4477
4479
4481
4482
4486
4488
4491
4495
4497
4502
4509
4510
4513
4518
4519
4539
4545
4555
4556
4558
4560
4561
4566
4569
4587
4595
4596
4604
4610
4619
4622
4626
4629
4632
4633
4634
4635
4649
4651
4660
4668
4671
4673
4679
4683
4685
4691
4699
4702
4703
4705
4706
4707
4708
4717
4718
4721
4724
4726
4728
4731
4735
4740
4756
4759
4763
4765
4766
4777
4781
4782
4787
4790
4794
4803
4812
4815
4816
4830
4836
4840
4841
4846
4847
4855
4859
4866
4868
4869
4875
4881
4882
4883
4886
4891
4894
4898
4906
4907
4909
4910
4913
4917
4918
4919
4924
4927
4930
4931
4932
4937
4940
4941
4944
4958
4959
4961
4962
4969
4970
4972
4973
4980
4981
4988
4993
4994
4997
5001
5005
5009
5017
5019
5022
5030
5035
5036
5040
5045
5051
5052
5062
5072
5074
5075
5082
5084
5111
5115
5116
5120
5123
5126
5129
5138
5156
5158
5160
5176
5187
5193
5195
5205
5223
5230
5238
5247
5251
5254
5258
5262
5268
5270
5272
5280
5282
5293
5298
5299
5309
5316
5326
5330
5331
5335
5336
5351
5352
5359
5361
5369
5376
5382
5390
5397
5399
5408
5432
5435
5437
5444
5448
5449
5450
5457
5470
5471
5472
5476
5478
5489
5491
5498
5500
5513
5519
5521
5523
5533
5536
5549
5550
5560
5564
5565
5566
5567
5571
5579
5583
5584
5588
5590
5592
5595
5601
5603
5608
5609
5621
5623
5624
5625
5626
5628
5629
5630
5631
5638
5654
5656
5662
5675
5683
5685
5688
5697
5699
5700
5702
5706
5707
5708
5709
5730
5742
5747
5749
5750
5755
5759
5760
5763
5764
5766
5768
5774
5778
5784
5791
5792
5793
5794
5805
5811
5812
5817
5829
5832
5836
5837
5840
5844
5848
5853
5858
5861
5869
5870
5877
5883
5884
5888
5889
5890
5895
5903
5914
5917
5922
5923
5926
5927
5944
5947
5953
5957
5959
5967
5968
5971
5976
5984
5985
5990
5992
5996
6000
6007
6011
6013
6015
6028
6031
6033
6034
6035
6037
6039
6042
6047
6049
6056
6063
6074
6079
6080
6081
6084
6085
6087
6088
6089
6091
6092
6093
6094
6095
6096
6103
6107
6112
6113
6114
6121
6122
6123
6125
6126
6135
6139
6140
6141
6142
6144
6145
6146
6150
6153
6179
6186
6205
6206
6212
6213
6217
6219
6224
6234
6241
6246
6251
6253
6268
6272
6274
6276
6287
6297
6299
6301
6304
6317
6321
6322
6353
6356
6368
6370
6371
6375
6382
6389
6391
6393
6395
6404
6409
6421
6425
6427
6432
6433
6444
6455
6461
6466
6468
6473
6480
6495
6496
6500
6509
6515
6517
6542
6548
6550
6556
6566
6586
6590
6592
6596
6597
6599
6612
6618
6624
6626
6628
6629
6631
6637
6649
6653
6662
6668
6675
6681
6684
6687
6689
6694
6696
6697
6706
6713
6716
6718
6719
6720
6722
6723
6724
6728
6730
6731
6741
6747
6757
6761
6767
6770
6772
6779
6781
6794
6799
6800
6810
6812
6817
6822
6823
6825
6836
6840
6844
6857
6859
6865
6869
6871
6883
6884
6886
6892
6894
6897
6900
6906
6907
6911
6913
6915
6916
6921
6922
6926
6927
6928
6934
6935
6943
6944
6970
6972
6977
6981
6990
6995
7000
7006
7012
7023
7035
7038
7046
7049
7064
7068
7070
7073
7079
7093
7097
7108
7109
7116
7118
7126
7130
7132
7134
7136
7148
7154
7165
7167
7175
7176
7177
7178
7182
7198
7202
7203
7208
7209
7211
7215
7216
7223
7232
7236
7241
7242
7243
7244
7245
7256
7257
7259
7273
7275
7282
7285
7291
7293
7296
7298
7300
7303
7325
7338
7341
7342
7343
7346
7353
7357
7358
7359
7362
7366
7370
7377
7382
7393
7394
7397
7403
7406
7409
7414
7416
7422
7426
7442
7451
7460
7461
7462
7463
7465
7466
7468
7479
7480
7487
7513
7514
7517
7532
7534
7537
7542
7547
7550
7557
7565
7569
7570
7581
7583
7592
7593
7594
7601
7602
7612
7614
7622
7628
7630
7631
7635
7636
7638
7640
7641
7643
7645
7654
7655
7657
7666
7670
7671
7672
7677
7680
7686
7687
7700
7707
7708
7712
7716
7718
7725
7729
7739
7740
7749
7750
7762
7765
7770
7772
7773
7774
7779
7781
7786
7791
7794
7804
7807
7811
7813
7816
7827
7830
7833
7834
7835
7837
7840
7849
7852
7857
7858
7861
7865
7867
7868
7870
7874
7877
7880
7881
7886
7894
7898
7899
7902
7903
7906
7907
7912
7913
7919
7920
7924
7925
7928
7929
7931
7932
7933
7934
7940
7943
7946
7947
7949
7950
7957
7964
7972
7981
7982
7983
7992
8001
8003
8009
8014
8015
8039
8047
8049
8051
8059
8062
8064
8066
8071
8074
8075
8078
8080
8081
8084
8090
8092
8098
8099
8102
8104
8118
8119
8124
8141
8145
8149
8150
8153
8156
8161
8164
8166
8169
8170
8192
8194
8195
8196
8200
8228
8229
8234
8236
8239
8243
8246
8260
8262
8265
8268
8270
8276
8279
8280
8287
8309
8314
8315
8317
8327
8331
8341
8342
8343
8348
8349
8353
8354
8357
8364
8365
8394
8404
8412
8418
8428
8449
8455
8458
8472
8481
8486
8497
8502
8507
8508
8513
8514
8557
8567
8572
8580
8588
8600
8603
8605
8610
8612
8613
8629
8635
8645
8647
8648
8655
8660
8667
8684
8698
8700
8702
8705
8726
8729
8731
8732
8733
8736
8737
8745
8749
8764
8772
8774
8775
8780
8785
8786
8797
8803
8818
8824
8827
8834
8837
8842
8849
8856
8862
8865
8871
8874
8893
8896
8913
8917
8924
8968
8973
8974
8977
8978
8980
8984
8991
8992
9003
9006
9008
9011
9028
9030
9033
9035
9037
9048
9052
9056
9057
9061
9065
9066
9069
9078
9081
9090
9092
9096
9106
9108
9109
9110
9135
9139
9140
9143
9145
9146
9149
9156
9157
9174
9185
9194
9206
9207
9211
9212
9216
9223
9236
9238
9240
9242
9248
9250
9259
9262
9263
9264
9265
9267
9269
9270
9273
9276
9277
9278
9282
9283
9295
9297
9298
9299
9303
9306
9325
9326
9338
9342
9346
9352
9357
9367
9383
9384
9390
9392
9420
9438
9445
9447
9452
9461
9476
9485
9490
9497
9499
9510
9513
9515
9528
9530
9532
9536
9540
9552
9557
9560
9561
9565
9569
9591
9594
9598
9611
9616
9637
9647
9672
9677
9687
9689
9693
9695
9699
9717
9718
9719
9728
9740
9747
9751
9759
9768
9771
9776
9802
9812
9813
9815
9818
9819
9824
9833
9841
9847
9860
9861
9877
9911
9920
9939
9942
9944
9955
9964
9975
9978
9980
9982
9987
9994
10023
10044
10047
10063
10064
10084
10100
10114
10132
10139
10144
10151
10154
10158
10161
10180
10181
10187
10189
10201
10209
10218
10227
10230
10235
10237
10240
10244
10245
10264
10268
10275
10285
10290
10314
10336
10339
10349
10354
10358
10390
10399
10404
10419
10434
10459
10473
10474
10475
10479
10480
10485
10493
10513
10528
10532
10538
10543
10552
10557
10562
10578
10585
10587
10607
10608
10609
10610
10627
10682
10700
10728
10730
10731
10741
10743
10747
10757
10761
10771
10775
10776
10782
10783
10785
10786
10790
10791
10794
10796
10799
10800
10804
10815
10833
10841
10846
10847
10851
10859
10863
10864
10867
10871
10881
10889
10908
10912
10914
10938
10941
10942
10944
10945
10962
10964
10977
11004
11005
11008
11032
11033
11047
11051
11059
11062
11073
11082
11090
11093
11094
11107
11115
11127
11132
11146
11154
11159
11165
11181
11194
11212
11218
11244
11252
11256
11257
11266
11270
11276
11289
11305
11317
11343
11351
11352
11386
11387
11402
11403
11413
11425
11439
11448
11453
11455
11464
11468
11500
11507
11510
11512
11516
11542
11545
11548
11561
11566
11568
11572
11573
11574
11581
11583
11590
11609
11619
11632
11640
11683
11691
11725
11728
11731
11736
11747
11826
11829
11849
11856
11886
11903
11910
11951
11963
11971
11973
11980
12003
12007
12062
12070
12074
12087
12090
12096
12123
12124
12135
12138
12139
12141
12142
12179
12182
12218
12220
12239
12242
12247
12264
12275
12277
12282
12295
12315
12323
12325
12358
12382
12386
12413
12419
12431
12444
12501
12512
12513
12518
12525
12526
12537
12538
12554
12559
12579
12582
12594
12606
12632
12658
12664
12667
12680
12695
12699
12708
12711
12716
12718
12720
12748
12781
12786
12800
12803
12833
12859
12868
12876
12892
12914
12915
12916
12925
12934
12935
12994
13017
13019
13020
13028
13034
13068
13070
13076
13097
13103
13112
13134
13143
13144
13150
13190
13193
13216
13217
13227
13248
13254
13263
13267
13282
13289
13291
13306
13314
13317
13318
13320
13330
13343
13351
13373
13389
13419
13429
13466
13492
13514
13517
13528
13538
13566
13571
13574
13577
13584
13587
13611
13637
13647
13663
13673
13685
13688
13689
13691
13718
13748
13754
13755
13770
13778
13780
13789
13807
13848
13854
13869
13873
13880
13885
13904
13940
13952
13997
14000
14001
14006
14015
14033
14117
14123
14130
14133
14150
14153
14157
14169
14173
14174
14196
14244
14263
14272
14297
14344
14370
14378
14391
14392
14419
14447
14454
14485
14499
14557
14561
14566
14594
14616
14646
14648
14659
14664
14665
14680
14690
14725
14727
14734
14752
14766
14793
14796
14808
14809
14812
14829
14841
14880
14888
14891
14901
14920
14929
14930
14936
14954
14973
14978
15001
15011
15014
15031
15035
15040
15051
15059
15072
15086
15108
15135
15159
15172
15179
15180
15192
15200
15223
15226
15243
15246
15249
15278
15332
15340
15341
15348
15366
15383
15405
15419
15421
15422
15423
15427
15434
15436
15459
15479
15496
15503
15524
15525
15557
15559
15584
15597
15643
15661
15663
15668
15670
15714
15763
15782
15789
15864
15870
15880
15881
15888
15895
15911
15914
15925
15927
15929
15971
15980
16010
16046
16056
16071
16075
16112
16118
16154
16181
16217
16220
16241
16276
16318
16320
16356
16372
16391
16407
16419
16440
16458
16471
16478
16495
16496
16498
16500
16520
16523
16524
16534
16551
16577
16605
16609
16623
16646
16676
16695
16705
16726
16740
16765
16768
16792
16812
16818
16835
16949
17033
17038
17097
17122
17134
17152
17250
17254
17266
17267
17271
17272
17273
17288
17292
17299
17300
17307
17309
17313
17334
17356
17366
17384
17419
17429
17432
17514
17566
17569
17575
17581
17681
17749
17769
17822
17852
17857
17878
17887
17905
17926
17929
17934
17949
17965
18017
18052
18055
18057
18059
18060
18061
18063
18068
18071
18077
18078
18085
18088
18089
18101
18102
18106
18109
18116
18118
18120
18121
18122
18128
18129
18130
18132
18136
18137
18138
18140
18141
18142
18143
18144
18145
18153
18168
18186
18188
18195
18200
18206
18210
18215
18217
18218
18219
18220
18223
18226
18230
18261
18263
18283
18287
18293
18298
18338
18339
18342
18343
18350
18351
18364
18383
18404
18410
18429
18433
18454
18470
18503
18507
18510
18657
18666
18680
18734
18767
18771
18801
18838
18839
18867
18927
18965
18984
18990
19011
19016
19058
19088
19094
19102
19225
19445
19757
