0
3
4
7
8
10
11
13
14
15
16
17
21
23
24
26
27
28
29
30
34
36
37
38
39
41
46
54
55
56
57
58
60
62
64
67
68
70
74
78
82
83
86
88
89
90
92
93
97
101
106
107
108
109
111
113
115
116
117
118
119
122
123
124
125
126
127
128
129
130
136
142
145
151
152
153
155
156
157
160
166
167
168
170
174
175
176
179
180
181
182
183
188
189
194
197
200
201
204
208
210
212
214
215
216
217
222
227
229
236
237
239
240
241
244
245
247
254
258
262
264
266
271
273
275
278
279
280
283
286
287
288
292
295
297
300
303
305
310
313
317
319
320
322
323
331
333
336
340
347
348
349
350
351
352
353
360
362
363
367
370
371
374
375
379
383
388
389
393
394
402
403
408
409
410
420
423
424
425
426
427
428
430
431
432
435
436
437
438
439
441
442
445
446
448
451
453
454
455
464
465
470
472
473
474
475
477
481
483
485
490
491
498
500
501
503
504
505
506
508
510
512
513
514
516
517
519
520
521
522
523
525
530
536
539
540
543
546
547
550
553
554
555
558
560
562
564
569
570
573
579
581
582
584
585
588
594
600
602
603
604
610
611
612
620
622
624
626
628
636
638
641
645
646
649
651
652
656
657
658
659
661
663
665
666
670
671
672
673
674
675
679
680
681
683
684
685
690
691
692
693
694
701
702
704
709
711
719
722
725
727
734
735
736
737
739
741
743
744
747
748
750
751
754
755
757
758
759
760
762
768
772
774
775
778
780
781
782
783
787
788
789
792
795
796
798
799
801
804
805
806
807
809
811
815
817
824
827
830
831
836
837
840
841
847
848
850
852
855
856
857
858
860
866
867
870
872
875
877
878
881
883
884
885
888
889
891
898
902
909
911
918
920
921
923
924
928
930
936
938
942
943
944
946
948
949
953
961
963
965
966
970
971
973
974
978
979
980
983
987
990
992
996
998
1004
1006
1014
1018
1019
1022
1024
1025
1029
1033
1034
1037
1040
1041
1043
1045
1049
1052
1056
1062
1063
1071
1072
1077
1079
1083
1084
1091
1094
1096
1097
1098
1102
1106
1109
1110
1120
1122
1124
1129
1133
1139
1143
1145
1146
1148
1150
1152
1153
1159
1162
1165
1167
1168
1177
1178
1180
1181
1186
1189
1190
1198
1204
1209
1210
1213
1214
1215
1218
1219
1223
1226
1227
1231
1233
1236
1239
1245
1249
1253
1257
1258
1262
1264
1267
1268
1269
1271
1274
1276
1279
1286
1287
1291
1292
1297
1304
1314
1323
1324
1327
1328
1337
1343
1344
1349
1350
1351
1354
1355
1356
1358
1359
1362
1378
1379
1380
1386
1389
1393
1394
1398
1400
1401
1404
1410
1425
1426
1429
1431
1433
1434
1435
1436
1438
1444
1451
1456
1459
1465
1466
1468
1469
1472
1473
1474
1475
1477
1479
1481
1484
1485
1487
1492
1498
1500
1501
1503
1504
1512
1514
1516
1521
1522
1536
1544
1551
1552
1556
1560
1562
1563
1572
1580
1581
1583
1584
1585
1587
1591
1593
1595
1596
1606
1608
1610
1611
1622
1623
1625
1628
1637
1640
1644
1647
1651
1654
1655
1668
1670
1673
1678
1679
1681
1683
1689
1690
1691
1695
1697
1708
1709
1720
1726
1729
1737
1738
1746
1752
1758
1761
1764
1767
1769
1770
1772
1773
1774
1778
1789
1791
1792
1794
1795
1798
1809
1830
1841
1850
1852
1853
1857
1860
1867
1869
1880
1881
1885
1890
1892
1896
1900
1902
1903
1904
1913
1918
1924
1925
1929
1931
1932
1935
1937
1942
1947
1950
1957
1967
1969
1970
1972
1973
1974
1979
1981
1982
1984
1985
1991
1996
2003
2004
2009
2017
2019
2025
2027
2028
2033
2034
2037
2038
2041
2048
2062
2064
2065
2067
2068
2070
2075
2076
2077
2079
2084
2085
2086
2088
2089
2096
2111
2112
2115
2128
2133
2134
2137
2140
2146
2150
2154
2157
2160
2162
2167
2172
2174
2175
2176
2177
2178
2185
2190
2192
2194
2196
2197
2199
2201
2204
2205
2208
2210
2219
2223
2225
2227
2238
2242
2250
2255
2256
2260
2268
2276
2293
2296
2299
2300
2309
2322
2330
2336
2337
2338
2341
2344
2348
2354
2355
2359
2364
2366
2367
2369
2373
2376
2383
2385
2386
2389
2394
2398
2403
2407
2408
2411
2417
2422
2424
2429
2430
2434
2436
2438
2439
2441
2444
2446
2447
2450
2463
2477
2478
2489
2491
2493
2494
2495
2499
2508
2509
2514
2518
2521
2523
2525
2528
2529
2536
2537
2538
2539
2546
2548
2549
2551
2552
2556
2557
2559
2561
2563
2566
2567
2568
2571
2579
2581
2582
2587
2590
2593
2598
2603
2604
2606
2608
2609
2610
2615
2616
2622
2634
2635
2636
2640
2641
2642
2645
2646
2647
2649
2650
2651
2652
2653
2656
2657
2659
2662
2665
2666
2669
2670
2671
2674
2675
2678
2679
2681
2682
2684
2687
2688
2690
2691
2692
2693
2694
2696
2700
2702
2703
2707
2710
2714
2718
2722
2724
2725
2727
2732
2733
2735
2738
2743
2747
2749
2753
2754
2755
2756
2759
2763
2765
2766
2767
2771
2774
2775
2778
2780
2781
2787
2788
2790
2792
2793
2794
2799
2802
2803
2809
2813
2818
2821
2824
2825
2826
2828
2829
2830
2832
2838
2839
2840
2848
2852
2853
2859
2864
2869
2872
2873
2874
2878
2879
2884
2886
2890
2893
2895
2896
2898
2899
2902
2905
2906
2907
2910
2912
2914
2915
2919
2921
2924
2926
2935
2939
2940
2941
2945
2950
2952
2958
2962
2967
2970
2973
2976
2978
2980
2987
2989
2992
2994
2996
3003
3006
3008
3016
3017
3019
3023
3025
3029
3033
3034
3044
3046
3048
3049
3051
3058
3059
3064
3067
3068
3069
3072
3076
3078
3080
3082
3083
3084
3085
3086
3087
3091
3094
3095
3096
3097
3099
3102
3104
3105
3107
3111
3113
3115
3116
3118
3121
3124
3126
3127
3132
3135
3138
3145
3148
3152
3153
3156
3157
3158
3160
3161
3162
3163
3165
3166
3168
3169
3170
3171
3173
3174
3183
3187
3191
3193
3194
3201
3202
3203
3204
3205
3206
3207
3209
3211
3214
3217
3221
3223
3230
3232
3233
3234
3235
3237
3239
3244
3248
3249
3250
3254
3256
3257
3261
3263
3264
3265
3270
3275
3278
3279
3283
3284
3285
3286
3291
3293
3295
3308
3309
3311
3312
3313
3314
3315
3322
3325
3328
3330
3331
3333
3334
3336
3340
3341
3346
3347
3348
3350
3360
3361
3363
3365
3369
3371
3377
3378
3383
3386
3388
3390
3396
3398
3401
3402
3404
3405
3410
3412
3414
3416
3417
3418
3419
3422
3423
3424
3432
3435
3437
3438
3439
3441
3442
3443
3445
3446
3447
3450
3453
3457
3460
3461
3462
3463
3466
3467
3469
3472
3476
3478
3479
3480
3482
3483
3484
3487
3489
3494
3495
3499
3504
3507
3509
3510
3513
3515
3517
3518
3519
3523
3529
3532
3533
3534
3536
3539
3541
3543
3547
3550
3552
3553
3554
3556
3557
3559
3562
3564
3565
3568
3570
3578
3579
3580
3582
3583
3585
3589
3590
3591
3593
3601
3604
3608
3609
3610
3611
3612
3617
3621
3622
3623
3624
3625
3626
3627
3630
3632
3633
3635
3638
3642
3646
3647
3648
3650
3651
3658
3660
3667
3668
3674
3676
3681
3683
3684
3687
3689
3693
3694
3697
3698
3699
3703
3704
3705
3706
3707
3708
3709
3714
3715
3718
3721
3722
3724
3725
3727
3729
3733
3734
3738
3739
3745
3749
3752
3756
3757
3758
3760
3763
3764
3770
3774
3776
3777
3780
3782
3786
3791
3796
3800
3801
3803
3808
3814
3815
3818
3820
3825
3827
3828
3831
3834
3836
3841
3847
3848
3849
3855
3858
3859
3865
3866
3867
3868
3870
3874
3880
3881
3887
3892
3897
3899
3900
3901
3906
3911
3922
3923
3924
3938
3943
3947
3952
3958
3963
3965
3969
3970
3971
3972
3980
3981
3986
3989
3993
3997
4003
4004
4006
4008
4012
4016
4022
4023
4024
4027
4028
4035
4036
4044
4046
4052
4055
4057
4058
4062
4070
4071
4072
4074
4082
4084
4086
4087
4089
4096
4097
4098
4103
4111
4112
4113
4118
4119
4120
4127
4131
4134
4136
4139
4143
4148
4154
4156
4160
4172
4176
4179
4181
4182
4184
4186
4188
4190
4195
4197
4201
4205
4206
4211
4215
4217
4220
4221
4229
4232
4237
4238
4241
4250
4255
4262
4264
4265
4266
4267
4273
4274
4276
4277
4283
4290
4293
4298
4309
4311
4323
4324
4325
4329
4330
4334
4335
4336
4338
4340
4353
4356
4358
4364
4365
4367
4368
4375
4384
4388
4389
4390
4391
4401
4405
4406
4418
4420
4426
4427
4430
4442
4443
4445
4446
4453
4456
4459
4469
4470
4471
4473
4478
4479
4480
4484
4487
4490
4491
4492
4493
4494
4496
4497
4502
4506
4510
4519
4525
4531
4536
4540
4542
4543
4544
4545
4546
4549
4555
4560
4561
4577
4579
4586
4591
4593
4596
4597
4603
4605
4607
4614
4622
4623
4626
4630
4632
4634
4635
4636
4642
4644
4647
4650
4652
4656
4658
4662
4666
4668
4679
4683
4685
4688
4691
4699
4702
4705
4706
4708
4715
4716
4717
4719
4723
4726
4727
4728
4729
4734
4735
4742
4743
4755
4757
4758
4763
4765
4766
4768
4776
4787
4788
4790
4803
4805
4806
4809
4812
4813
4816
4817
4819
4820
4830
4835
4837
4839
4840
4845
4846
4850
4851
4860
4861
4863
4869
4873
4876
4880
4881
4886
4894
4898
4907
4909
4912
4916
4919
4920
4924
4927
4931
4939
4940
4941
4942
4943
4954
4961
4962
4963
4964
4970
4972
4973
4974
4977
4981
4982
4984
4986
4988
4990
4996
5019
5030
5045
5048
5051
5056
5064
5072
5074
5075
5076
5082
5084
5087
5097
5102
5105
5111
5112
5115
5116
5120
5124
5126
5135
5145
5146
5147
5148
5152
5153
5154
5156
5160
5164
5166
5167
5173
5174
5176
5177
5186
5190
5191
5192
5193
5196
5204
5205
5211
5222
5228
5230
5233
5243
5247
5252
5254
5259
5269
5273
5280
5282
5292
5300
5303
5306
5309
5312
5316
5318
5321
5328
5330
5331
5332
5335
5352
5356
5361
5363
5364
5369
5371
5374
5382
5388
5395
5399
5400
5408
5419
5421
5425
5428
5430
5431
5432
5435
5436
5437
5440
5448
5452
5453
5454
5459
5464
5465
5468
5470
5471
5475
5476
5478
5479
5486
5491
5493
5497
5504
5510
5512
5513
5515
5517
5519
5520
5522
5529
5531
5535
5536
5544
5547
5549
5552
5553
5554
5560
5562
5564
5566
5571
5579
5581
5582
5583
5585
5590
5592
5596
5598
5601
5606
5621
5622
5625
5631
5638
5641
5646
5647
5648
5651
5654
5656
5660
5661
5663
5664
5668
5669
5671
5674
5675
5679
5681
5685
5686
5688
5692
5697
5698
5699
5705
5706
5708
5709
5710
5711
5714
5719
5726
5734
5750
5755
5759
5764
5768
5778
5784
5789
5794
5800
5804
5805
5810
5811
5814
5816
5817
5825
5831
5834
5836
5837
5840
5848
5852
5853
5855
5856
5857
5858
5867
5869
5880
5882
5883
5884
5887
5888
5902
5903
5905
5911
5912
5918
5922
5929
5932
5939
5942
5945
5947
5949
5953
5956
5957
5959
5960
5961
5968
5969
5971
5977
5981
5992
5999
6005
6006
6013
6015
6031
6033
6036
6039
6042
6046
6050
6053
6056
6057
6060
6063
6067
6071
6072
6081
6087
6088
6089
6091
6092
6093
6094
6096
6098
6099
6104
6106
6107
6110
6112
6113
6140
6142
6161
6162
6166
6173
6179
6182
6184
6186
6193
6202
6204
6205
6206
6212
6213
6214
6217
6221
6222
6225
6227
6230
6239
6241
6242
6246
6251
6253
6254
6255
6267
6271
6272
6277
6282
6283
6286
6291
6293
6297
6304
6309
6317
6323
6331
6341
6348
6350
6353
6357
6359
6361
6363
6371
6372
6373
6379
6383
6384
6389
6391
6392
6393
6397
6398
6413
6416
6420
6421
6422
6424
6427
6430
6431
6433
6444
6447
6450
6455
6460
6461
6462
6463
6465
6467
6468
6485
6488
6491
6506
6509
6514
6518
6532
6536
6538
6540
6543
6548
6549
6550
6555
6556
6564
6580
6582
6583
6585
6586
6588
6589
6594
6596
6601
6608
6612
6613
6615
6619
6621
6622
6624
6625
6627
6628
6637
6644
6648
6653
6654
6660
6668
6670
6675
6679
6680
6681
6683
6684
6685
6687
6690
6696
6702
6705
6718
6723
6725
6729
6736
6737
6741
6751
6757
6764
6765
6772
6779
6781
6786
6787
6788
6790
6792
6795
6796
6798
6800
6802
6807
6809
6813
6817
6822
6823
6826
6829
6830
6834
6836
6842
6850
6851
6855
6859
6870
6878
6879
6881
6883
6884
6889
6892
6894
6896
6904
6906
6907
6911
6913
6916
6917
6926
6927
6933
6935
6960
6963
6965
6967
6970
6972
6977
6981
6987
6990
6995
6998
7004
7005
7006
7015
7016
7018
7027
7030
7034
7037
7040
7043
7047
7049
7055
7061
7064
7067
7073
7081
7082
7083
7084
7086
7087
7094
7097
7099
7100
7108
7123
7131
7132
7148
7155
7175
7176
7177
7179
7180
7184
7186
7188
7193
7203
7205
7207
7208
7211
7213
7217
7222
7224
7230
7233
7234
7238
7239
7241
7243
7245
7256
7259
7266
7268
7273
7279
7284
7285
7289
7290
7292
7293
7296
7301
7302
7314
7323
7328
7340
7342
7351
7352
7353
7357
7360
7362
7366
7377
7379
7382
7395
7397
7403
7404
7405
7407
7409
7411
7419
7433
7439
7451
7454
7457
7462
7478
7480
7483
7486
7490
7492
7499
7507
7513
7517
7524
7527
7532
7542
7544
7545
7547
7553
7569
7571
7574
7576
7578
7588
7589
7592
7602
7605
7608
7614
7617
7620
7621
7622
7624
7627
7629
7630
7631
7636
7641
7652
7654
7655
7657
7661
7664
7665
7666
7670
7673
7684
7695
7706
7707
7713
7716
7723
7726
7730
7734
7746
7749
7751
7754
7757
7759
7770
7775
7780
7782
7783
7785
7787
7790
7795
7799
7803
7812
7817
7818
7821
7828
7829
7830
7834
7837
7839
7841
7846
7856
7857
7859
7862
7865
7867
7870
7874
7877
7880
7881
7885
7886
7891
7898
7899
7901
7903
7906
7907
7910
7912
7913
7914
7916
7919
7923
7924
7925
7926
7928
7937
7940
7949
7954
7956
7958
7964
7976
7981
7985
7987
7991
7993
8002
8005
8006
8009
8014
8015
8036
8039
8043
8049
8050
8051
8055
8059
8062
8064
8066
8067
8071
8072
8074
8078
8079
8080
8092
8093
8094
8102
8118
8119
8129
8131
8133
8135
8143
8147
8149
8156
8159
8160
8161
8166
8169
8170
8174
8177
8181
8194
8195
8199
8205
8208
8209
8211
8212
8215
8218
8222
8223
8227
8229
8234
8236
8249
8253
8257
8276
8280
8281
8285
8287
8291
8292
8307
8314
8321
8322
8324
8327
8330
8331
8335
8336
8338
8341
8342
8346
8348
8349
8350
8352
8354
8358
8359
8366
8368
8369
8371
8373
8379
8386
8396
8400
8401
8404
8405
8411
8418
8421
8423
8425
8435
8440
8441
8448
8450
8455
8461
8466
8468
8470
8471
8472
8478
8480
8481
8486
8487
8488
8493
8499
8508
8513
8514
8517
8520
8529
8533
8537
8542
8561
8564
8567
8568
8577
8578
8579
8580
8584
8586
8587
8593
8594
8599
8603
8605
8606
8609
8610
8611
8612
8622
8633
8635
8641
8648
8651
8652
8667
8682
8687
8702
8705
8719
8720
8732
8733
8745
8746
8760
8773
8775
8780
8789
8791
8802
8805
8808
8810
8811
8814
8818
8820
8822
8823
8824
8825
8826
8827
8831
8835
8836
8837
8840
8847
8850
8856
8860
8862
8863
8864
8865
8867
8868
8869
8874
8875
8915
8917
8929
8932
8933
8951
8953
8960
8964
8965
8973
8977
8979
8986
8989
8995
8998
9005
9006
9008
9011
9013
9014
9046
9048
9054
9056
9057
9061
9062
9066
9072
9086
9089
9090
9091
9094
9096
9097
9105
9106
9109
9110
9117
9118
9124
9130
9131
9142
9150
9157
9165
9179
9181
9182
9188
9190
9194
9198
9205
9208
9210
9211
9218
9219
9230
9236
9238
9239
9249
9250
9251
9254
9257
9263
9266
9269
9270
9271
9275
9276
9277
9279
9280
9282
9286
9289
9290
9291
9295
9298
9311
9315
9317
9326
9334
9335
9337
9338
9348
9349
9351
9352
9357
9365
9373
9377
9381
9383
9384
9385
9399
9401
9402
9404
9418
9424
9435
9442
9444
9445
9446
9447
9448
9452
9453
9454
9461
9466
9472
9477
9483
9485
9488
9489
9503
9507
9512
9519
9521
9525
9528
9529
9530
9534
9535
9545
9553
9555
9558
9561
9564
9565
9567
9569
9572
9574
9579
9594
9595
9598
9600
9606
9607
9627
9629
9631
9632
9637
9649
9652
9670
9671
9679
9685
9688
9690
9693
9695
9699
9702
9703
9714
9719
9721
9722
9724
9728
9732
9733
9745
9749
9759
9764
9768
9769
9780
9788
9790
9802
9807
9810
9816
9819
9820
9821
9824
9827
9829
9832
9833
9834
9839
9847
9849
9857
9860
9863
9870
9878
9886
9896
9911
9944
9949
9962
9964
9980
9987
9994
9999
10001
10010
10017
10020
10029
10032
10033
10034
10044
10050
10051
10054
10061
10063
10064
10066
10070
10071
10074
10091
10094
10111
10112
10115
10121
10132
10144
10147
10151
10152
10154
10156
10159
10179
10180
10181
10183
10199
10205
10208
10218
10222
10227
10228
10245
10264
10268
10290
10293
10295
10296
10303
10307
10311
10316
10317
10333
10334
10342
10345
10347
10349
10353
10359
10365
10378
10381
10390
10392
10409
10411
10413
10418
10428
10434
10443
10447
10455
10468
10479
10480
10483
10485
10492
10500
10501
10510
10514
10519
10521
10523
10543
10548
10554
10556
10560
10562
10576
10580
10591
10595
10604
10605
10607
10613
10625
10628
10630
10635
10636
10639
10644
10652
10653
10657
10677
10682
10685
10691
10692
10695
10699
10700
10703
10708
10710
10722
10731
10743
10749
10751
10757
10759
10761
10771
10775
10776
10777
10779
10780
10785
10791
10792
10801
10821
10825
10829
10833
10838
10847
10856
10860
10881
10892
10900
10901
10913
10914
10916
10920
10941
10942
10944
10947
10948
10950
10951
10958
10963
10964
10971
10973
10976
10982
10992
11005
11014
11034
11042
11044
11049
11065
11068
11073
11082
11087
11090
11105
11120
11126
11127
11131
11132
11144
11145
11151
11154
11160
11166
11168
11181
11182
11183
11197
11215
11244
11249
11275
11281
11285
11307
11323
11326
11331
11342
11343
11351
11353
11354
11359
11371
11375
11379
11386
11387
11390
11401
11402
11405
11406
11418
11422
11439
11448
11477
11484
11485
11496
11503
11507
11512
11524
11533
11535
11541
11546
11554
11561
11562
11564
11574
11587
11589
11590
11630
11633
11641
11646
11678
11682
11684
11685
11694
11702
11714
11716
11723
11724
11731
11732
11742
11747
11769
11780
11807
11808
11817
11824
11825
11837
11842
11851
11860
11866
11873
11886
11890
11911
11943
11955
11963
11994
11995
12007
12011
12043
12055
12060
12067
12070
12100
12104
12111
12116
12134
12136
12137
12140
12144
12146
12152
12154
12155
12157
12158
12169
12175
12194
12203
12231
12242
12247
12252
12253
12269
12271
12273
12293
12296
12314
12319
12322
12325
12345
12353
12356
12358
12367
12385
12386
12387
12406
12413
12424
12444
12446
12467
12470
12478
12499
12509
12511
12515
12517
12525
12526
12531
12542
12548
12557
12560
12561
12567
12568
12587
12594
12599
12614
12618
12624
12634
12638
12649
12659
12672
12676
12677
12679
12680
12693
12705
12707
12716
12720
12740
12741
12751
12800
12826
12828
12833
12843
12855
12864
12869
12873
12876
12906
12910
12912
12921
12930
12934
12946
12948
12950
12952
12954
12962
12965
12987
12998
13013
13019
13028
13034
13037
13044
13061
13065
13066
13071
13074
13085
13097
13103
13104
13113
13114
13133
13137
13143
13166
13168
13190
13198
13202
13203
13216
13220
13224
13227
13233
13254
13255
13265
13267
13271
13281
13282
13296
13301
13309
13319
13326
13327
13328
13329
13332
13339
13345
13353
13381
13384
13389
13402
13409
13421
13434
13468
13486
13488
13491
13496
13517
13520
13527
13538
13559
13562
13564
13569
13572
13587
13591
13600
13609
13615
13616
13629
13647
13648
13651
13674
13684
13685
13688
13689
13691
13713
13718
13719
13724
13732
13745
13746
13755
13769
13796
13807
13832
13841
13847
13848
13850
13851
13868
13876
13878
13896
13899
13927
13932
13940
13942
13943
13977
13978
13989
14014
14023
14038
14052
14088
14100
14104
14113
14117
14133
14138
14143
14151
14173
14174
14191
14199
14207
14216
14219
14243
14244
14280
14282
14334
14337
14363
14392
14400
14405
14447
14468
14500
14528
14534
14536
14538
14541
14552
14561
14600
14602
14603
14613
14617
14621
14642
14646
14648
14652
14657
14659
14664
14671
14686
14700
14708
14713
14720
14726
14731
14733
14746
14754
14776
14798
14799
14834
14841
14863
14864
14866
14874
14880
14884
14889
14901
14907
14913
14922
14927
14929
14945
14956
14979
14980
14982
14988
14991
15001
15005
15024
15029
15033
15035
15051
15054
15056
15065
15072
15076
15082
15086
15095
15097
15134
15135
15142
15153
15154
15180
15187
15216
15220
15227
15238
15241
15243
15244
15249
15272
15298
15303
15307
15309
15338
15353
15371
15390
15393
15395
15420
15421
15428
15445
15462
15463
15478
15479
15525
15542
15557
15579
15596
15597
15626
15634
15650
15651
15668
15676
15691
15709
15714
15739
15741
15752
15767
15825
15847
15849
15864
15865
15881
15885
15894
15906
15911
15917
15945
15973
16004
16019
16030
16035
16057
16060
16063
16083
16089
16094
16112
16118
16157
16159
16193
16195
16227
16277
16281
16302
16312
16318
16332
16350
16356
16362
16363
16387
16399
16407
16451
16456
16481
16487
16490
16494
16496
16499
16504
16510
16524
16546
16554
16556
16577
16600
16705
16739
16755
16758
16765
16771
16792
16797
16814
16818
16830
16840
16845
16847
16848
16850
16851
16857
16859
16863
16868
16870
16874
16875
16881
16893
16896
16902
16908
16922
16927
16936
16943
16945
16948
16949
16950
16962
16972
16976
16988
16990
16991
17010
17025
17026
17034
17062
17077
17082
17122
17144
17152
17153
17169
17253
17257
17265
17267
17272
17275
17281
17288
17291
17295
17297
17304
17305
17310
17328
17336
17356
17410
17430
17438
17450
17454
17515
17566
17575
17593
17616
17632
17640
17661
17747
17748
17812
17820
17822
17824
17853
17861
17870
17878
17887
17905
17929
17934
17945
17951
17972
17988
18008
18011
18019
18066
18068
18078
18079
18087
18100
18101
18103
18105
18106
18107
18110
18111
18112
18113
18115
18116
18120
18122
18125
18127
18128
18129
18130
18134
18135
18137
18139
18143
18144
18145
18146
18147
18153
18156
18161
18175
18179
18180
18181
18182
18183
18184
18192
18196
18204
18206
18207
18210
18212
18214
18215
18216
18218
18222
18223
18224
18227
18238
18240
18243
18250
18262
18270
18283
18294
18334
18339
18345
18349
18373
18423
18442
18444
18490
18497
18525
18547
18563
18566
18579
18588
18614
18648
18719
18721
18765
18770
18805
18831
18849
18867
18872
18873
18895
18909
18911
18991
18996
19012
19020
19112
19140
19225
19245
19249
19255
19298
19317
19452
19485
19534
19601
19754
19765
19851
