7
17
22
23
26
39
54
55
60
77
87
88
89
108
109
115
119
130
152
155
157
163
169
178
181
187
201
211
219
230
237
239
240
258
262
263
278
279
284
303
320
345
346
349
377
379
380
393
401
408
410
418
423
427
438
451
453
454
460
470
471
475
476
487
541
553
554
555
563
573
582
590
591
596
599
609
620
644
665
708
709
710
721
734
736
744
746
751
752
753
763
778
782
788
795
805
826
831
832
838
839
857
863
866
867
905
917
920
921
973
998
1029
1031
1041
1069
1074
1077
1156
1158
1159
1162
1167
1179
1180
1209
1213
1227
1302
1312
1323
1331
1338
1356
1379
1449
1451
1466
1470
1485
1518
1563
1580
1611
1622
1674
1679
1680
1746
1747
1749
1773
1781
1801
1805
1830
1900
1941
1969
1983
1991
2041
2062
2070
2124
2126
2156
2160
2229
2260
2336
2364
2366
2394
2399
2423
2424
2443
2446
2464
2521
2536
2539
2549
2559
2567
2582
2587
2593
2608
2622
2623
2624
2628
2644
2647
2648
2650
2651
2669
2673
2724
2774
2779
2824
2852
2857
2868
2894
2942
2950
2960
2973
2980
3020
3029
3037
3077
3086
3095
3150
3156
3158
3174
3188
3217
3230
3232
3243
3250
3264
3309
3315
3316
3322
3324
3328
3350
3361
3376
3391
3404
3433
3435
3453
3466
3468
3472
3489
3522
3529
3530
3532
3553
3565
3570
3571
3585
3590
3607
3608
3609
3610
3613
3614
3620
3648
3651
3658
3689
3730
3758
3766
3815
3834
3859
3864
3865
3866
3867
3868
3869
3870
3952
3953
3963
3968
4008
4023
4039
4111
4118
4147
4179
4220
4266
4316
4359
4362
4364
4379
4382
4383
4384
4389
4412
4420
4491
4551
4555
4556
4592
4593
4625
4693
4694
4708
4710
4743
4765
4766
4803
4817
4841
4851
4866
4869
4875
4886
4887
4915
4916
4917
4918
4953
5025
5035
5051
5080
5082
5153
5254
5268
5326
5344
5369
5382
5438
5446
5479
5625
5651
5652
5697
5710
5766
5768
5800
5805
5829
5863
5871
5942
6015
6031
6093
6118
6159
6353
6389
6463
6466
6475
6535
6834
6856
6962
6988
7176
7203
7365
7405
7532
7588
7592
7599
7617
7628
7641
7645
7668
7670
7683
7762
7766
7775
7804
7929
8006
8016
8049
8074
8083
8104
8112
8155
8161
8169
8170
8196
8233
8276
8354
8434
8450
8595
8603
8705
8733
8736
8773
8802
8862
8863
8864
8865
8866
8896
8901
8917
8945
8995
9006
9211
9212
9213
9214
9215
9216
9217
9218
9219
9220
9351
9354
9384
9426
9447
9538
9563
9575
9659
9833
9847
10056
10091
10116
10154
10245
10756
10889
10938
11088
11096
11181
11421
11664
11837
11890
11911
12139
12140
12164
12248
12339
12767
12954
12985
12992
13224
13596
13638
13741
13754
14349
14983
16056
16060
16062
16117
16118
16162
16201
17144
17249
17251
17252
17253
17254
17257
17258
17260
17261
17262
17263
17264
17265
17266
17267
17268
17270
17271
17272
17273
17274
17276
17278
17279
17280
17282
17284
17285
17286
17288
17289
17290
17291
17292
17294
17297
17298
17299
17300
17301
17302
17303
17304
17307
17309
17311
17357
18434
18481
