0
1
3
4
6
7
8
9
10
11
13
14
15
16
17
18
19
20
21
23
24
25
26
27
28
29
30
31
34
35
36
37
38
39
41
42
43
44
45
46
47
48
49
50
53
54
55
56
57
58
59
60
61
62
63
64
65
66
67
68
69
70
71
72
74
75
76
77
78
79
81
82
83
84
85
86
87
88
89
90
91
92
93
94
95
97
98
99
100
101
103
106
107
108
109
110
111
112
113
114
115
116
117
118
119
120
122
123
124
125
126
127
128
129
130
131
132
133
134
135
136
137
138
140
141
142
143
145
146
147
148
149
150
152
153
154
155
156
157
159
162
163
164
165
166
167
168
169
170
171
172
174
175
176
177
178
179
180
181
182
183
184
185
186
187
188
189
190
191
192
193
194
195
197
198
199
200
201
203
204
205
206
207
208
209
210
211
212
213
214
215
216
217
218
219
220
221
222
224
225
226
227
228
229
230
232
233
234
235
236
237
239
240
241
243
244
246
247
248
250
254
255
257
258
259
260
262
263
264
265
266
267
270
271
272
273
274
275
276
277
278
279
280
282
283
284
285
286
287
288
290
293
295
296
297
299
300
301
302
303
304
305
306
307
308
310
311
312
313
314
315
317
319
320
321
322
323
325
326
327
328
330
331
332
333
334
336
337
338
339
340
342
343
344
345
346
347
348
349
350
351
352
354
355
356
357
358
359
360
361
362
363
366
367
368
369
370
371
372
373
374
375
376
377
378
379
380
381
383
384
385
386
387
388
389
393
394
395
396
398
399
400
401
402
403
404
405
406
408
409
410
411
412
413
414
417
418
419
420
421
422
423
424
425
426
427
428
429
430
431
432
433
435
436
437
438
439
440
441
442
443
444
445
446
448
449
450
451
453
454
455
456
457
459
460
463
464
465
469
470
471
473
474
475
476
477
479
480
481
482
483
485
487
488
490
491
492
493
494
496
497
500
501
502
503
504
505
506
507
508
510
511
512
513
514
515
517
518
519
520
521
522
523
525
526
527
529
530
531
532
533
534
535
536
537
538
539
540
541
542
543
544
545
546
547
548
549
550
551
552
553
554
555
556
557
558
561
562
563
564
565
566
567
569
573
574
576
579
581
582
584
585
586
587
588
590
591
592
593
594
595
596
597
598
599
600
601
602
603
604
605
606
607
608
609
610
611
612
613
614
615
616
617
618
619
620
621
622
623
624
625
626
627
628
629
631
632
633
634
635
636
637
638
640
641
642
644
645
646
647
648
650
651
652
653
654
656
658
659
660
661
662
663
664
665
666
667
668
670
671
672
673
675
676
677
678
679
680
681
682
683
684
685
686
687
688
690
691
692
693
694
695
696
697
698
699
700
701
703
704
705
707
708
709
710
711
712
714
715
718
719
720
721
722
723
724
725
727
728
731
733
734
735
736
737
738
739
741
742
743
744
745
746
748
750
751
752
753
754
755
756
757
758
759
760
761
762
763
765
768
769
770
771
772
773
774
775
777
778
779
780
781
782
783
785
786
787
788
789
790
791
792
793
794
795
796
797
798
799
800
801
802
803
804
805
806
807
808
809
810
811
813
815
817
818
819
820
821
822
823
824
825
826
827
830
831
832
833
834
835
836
837
838
839
841
843
844
845
846
847
848
849
850
851
852
853
854
855
856
857
858
859
860
861
862
864
865
866
867
870
871
872
873
875
876
877
878
879
880
881
882
883
884
885
886
887
888
889
891
892
893
895
896
898
900
901
902
903
904
905
906
908
909
910
911
912
913
917
918
919
920
921
922
923
924
925
926
927
928
929
931
932
934
935
936
938
940
941
943
944
945
946
947
948
949
950
952
953
954
955
956
957
958
959
960
961
963
964
965
966
967
968
969
970
971
973
974
975
976
978
980
981
983
984
986
987
990
991
992
993
996
998
999
1000
1003
1004
1005
1008
1009
1011
1012
1013
1014
1015
1016
1017
1018
1019
1022
1023
1024
1025
1027
1028
1029
1030
1031
1033
1034
1038
1039
1040
1041
1043
1044
1045
1046
1048
1049
1050
1051
1052
1055
1056
1057
1061
1062
1063
1065
1066
1067
1068
1069
1070
1071
1072
1073
1074
1075
1076
1077
1078
1079
1080
1081
1082
1083
1084
1085
1086
1088
1089
1090
1091
1092
1094
1096
1097
1098
1103
1104
1105
1106
1107
1108
1109
1110
1111
1112
1113
1114
1115
1117
1119
1120
1122
1123
1124
1125
1126
1127
1129
1131
1132
1133
1135
1139
1140
1143
1144
1145
1146
1149
1150
1152
1153
1154
1155
1156
1157
1158
1159
1160
1161
1162
1164
1165
1166
1167
1168
1169
1171
1172
1174
1178
1179
1180
1181
1182
1184
1186
1187
1189
1190
1191
1194
1196
1197
1198
1199
1200
1201
1204
1205
1206
1207
1208
1209
1210
1211
1212
1213
1215
1216
1218
1219
1220
1221
1223
1224
1227
1228
1229
1230
1231
1232
1233
1234
1235
1236
1237
1238
1242
1244
1245
1248
1249
1250
1251
1253
1254
1255
1256
1257
1258
1260
1262
1263
1264
1265
1267
1268
1269
1271
1272
1273
1274
1275
1276
1277
1278
1279
1280
1285
1286
1287
1288
1291
1292
1293
1295
1296
1297
1299
1302
1304
1308
1309
1310
1311
1312
1313
1314
1315
1316
1317
1319
1320
1321
1322
1323
1324
1325
1326
1327
1328
1329
1331
1333
1335
1338
1339
1343
1345
1346
1347
1348
1349
1350
1351
1354
1355
1356
1357
1358
1359
1361
1362
1363
1365
1368
1369
1370
1372
1373
1375
1378
1379
1380
1381
1383
1385
1386
1387
1389
1390
1392
1393
1394
1395
1398
1399
1400
1402
1403
1404
1406
1408
1409
1410
1411
1413
1415
1416
1418
1419
1425
1426
1427
1429
1430
1431
1433
1434
1435
1436
1437
1438
1439
1440
1442
1443
1444
1445
1446
1447
1450
1451
1455
1456
1457
1458
1459
1463
1464
1465
1466
1467
1468
1469
1472
1473
1474
1475
1477
1479
1480
1481
1482
1483
1485
1487
1488
1490
1494
1495
1496
1497
1498
1499
1500
1503
1504
1506
1508
1510
1512
1513
1514
1516
1518
1520
1521
1522
1523
1524
1526
1527
1528
1529
1535
1536
1541
1542
1543
1544
1545
1546
1547
1548
1549
1551
1552
1554
1555
1556
1558
1559
1560
1561
1562
1563
1564
1565
1566
1567
1568
1570
1571
1572
1573
1576
1578
1579
1580
1581
1583
1584
1587
1589
1590
1592
1593
1595
1596
1597
1599
1600
1601
1603
1606
1607
1608
1610
1613
1615
1616
1618
1619
1620
1622
1623
1624
1625
1626
1627
1628
1629
1630
1633
1635
1636
1637
1639
1641
1643
1644
1645
1647
1649
1650
1653
1655
1658
1659
1660
1661
1664
1665
1667
1668
1669
1670
1671
1673
1674
1677
1678
1679
1680
1681
1682
1683
1686
1687
1688
1689
1690
1692
1693
1695
1696
1697
1698
1699
1701
1703
1704
1705
1708
1710
1711
1712
1713
1714
1715
1716
1719
1720
1722
1726
1727
1729
1731
1732
1733
1736
1737
1738
1739
1741
1742
1743
1744
1745
1746
1747
1748
1749
1756
1757
1759
1760
1761
1762
1764
1766
1767
1769
1770
1771
1772
1773
1774
1777
1778
1781
1782
1783
1785
1788
1789
1791
1792
1794
1795
1797
1798
1799
1801
1802
1804
1805
1808
1809
1810
1811
1818
1819
1820
1821
1822
1828
1829
1830
1831
1832
1834
1835
1836
1837
1839
1840
1841
1845
1847
1848
1850
1852
1853
1855
1856
1857
1858
1859
1860
1862
1867
1868
1869
1870
1874
1875
1876
1880
1881
1884
1885
1886
1887
1889
1890
1891
1892
1894
1895
1896
1897
1900
1901
1902
1904
1905
1907
1909
1910
1911
1915
1916
1918
1919
1920
1922
1923
1925
1927
1929
1931
1932
1933
1935
1936
1937
1938
1939
1940
1941
1942
1945
1946
1947
1948
1950
1951
1953
1956
1957
1958
1959
1960
1961
1962
1966
1968
1969
1970
1972
1973
1974
1976
1977
1979
1980
1981
1982
1984
1985
1986
1989
1990
1991
1992
1996
1998
1999
2000
2003
2004
2005
2006
2008
2009
2010
2012
2013
2014
2015
2016
2017
2019
2021
2024
2025
2026
2027
2028
2030
2031
2032
2033
2036
2037
2038
2039
2040
2041
2043
2046
2047
2048
2049
2050
2051
2052
2053
2054
2055
2057
2058
2059
2060
2062
2064
2066
2067
2068
2070
2071
2073
2075
2076
2077
2078
2079
2082
2084
2085
2086
2087
2088
2089
2090
2092
2096
2097
2098
2099
2100
2101
2103
2104
2105
2107
2109
2111
2113
2114
2115
2116
2118
2119
2123
2124
2125
2127
2128
2129
2130
2131
2132
2133
2134
2135
2136
2137
2138
2140
2144
2146
2150
2151
2154
2155
2157
2158
2159
2160
2161
2162
2165
2167
2168
2169
2171
2172
2173
2174
2176
2177
2178
2179
2183
2185
2188
2189
2190
2192
2194
2195
2196
2197
2198
2199
2200
2201
2202
2204
2205
2209
2210
2212
2213
2214
2217
2219
2220
2222
2223
2224
2225
2226
2227
2229
2232
2233
2235
2237
2238
2239
2241
2242
2246
2248
2249
2250
2251
2252
2253
2254
2255
2256
2257
2259
2260
2262
2264
2265
2266
2267
2268
2269
2271
2273
2276
2277
2279
2283
2289
2290
2293
2294
2296
2299
2300
2306
2307
2308
2309
2310
2311
2312
2315
2317
2318
2321
2322
2323
2324
2327
2328
2329
2330
2331
2332
2333
2334
2335
2336
2337
2338
2341
2344
2345
2348
2350
2352
2354
2355
2358
2359
2360
2361
2363
2364
2365
2366
2367
2368
2369
2370
2371
2372
2373
2376
2377
2378
2379
2381
2383
2385
2386
2390
2392
2393
2394
2396
2398
2399
2400
2401
2402
2403
2404
2407
2408
2410
2411
2412
2415
2416
2417
2418
2419
2421
2422
2423
2424
2425
2426
2429
2430
2432
2434
2435
2436
2437
2438
2441
2443
2444
2445
2446
2447
2448
2449
2450
2452
2453
2455
2458
2460
2463
2464
2466
2467
2471
2472
2473
2477
2478
2482
2486
2487
2489
2490
2491
2492
2493
2494
2498
2499
2501
2502
2503
2505
2506
2508
2509
2510
2513
2514
2515
2516
2517
2518
2520
2521
2523
2524
2526
2527
2528
2529
2530
2531
2533
2534
2536
2537
2538
2539
2540
2543
2545
2546
2547
2548
2549
2550
2551
2552
2553
2555
2556
2557
2558
2559
2560
2561
2562
2563
2565
2566
2567
2568
2569
2570
2571
2574
2575
2576
2579
2581
2582
2583
2584
2587
2588
2590
2592
2593
2594
2595
2596
2597
2598
2599
2600
2601
2602
2603
2604
2605
2606
2608
2609
2610
2611
2612
2613
2614
2615
2616
2617
2619
2622
2623
2624
2625
2627
2628
2629
2633
2634
2635
2636
2637
2638
2640
2641
2643
2644
2645
2646
2647
2648
2649
2650
2651
2652
2653
2656
2657
2658
2659
2660
2661
2662
2663
2664
2665
2666
2667
2668
2669
2670
2671
2672
2674
2675
2676
2677
2678
2680
2681
2682
2683
2684
2685
2686
2687
2688
2690
2691
2692
2693
2694
2695
2696
2698
2699
2700
2701
2702
2703
2705
2706
2708
2709
2710
2712
2713
2714
2715
2716
2717
2719
2720
2721
2722
2723
2724
2725
2726
2727
2728
2729
2731
2732
2733
2734
2735
2737
2738
2739
2740
2742
2743
2744
2745
2746
2747
2748
2749
2750
2752
2753
2754
2755
2756
2757
2758
2759
2760
2761
2762
2763
2764
2765
2766
2767
2768
2769
2770
2771
2772
2773
2774
2775
2777
2778
2780
2781
2782
2783
2784
2786
2787
2789
2790
2791
2792
2793
2794
2795
2796
2797
2799
2800
2802
2803
2805
2807
2808
2809
2810
2811
2813
2814
2815
2816
2817
2818
2821
2822
2823
2824
2825
2827
2828
2829
2830
2832
2833
2834
2836
2837
2838
2839
2840
2842
2843
2844
2846
2848
2850
2851
2852
2853
2854
2855
2856
2857
2859
2860
2861
2863
2864
2865
2867
2868
2869
2870
2871
2873
2874
2875
2876
2877
2878
2879
2882
2884
2885
2886
2887
2888
2889
2890
2891
2893
2894
2895
2897
2898
2899
2900
2901
2902
2903
2904
2906
2907
2908
2909
2910
2912
2914
2915
2916
2918
2919
2920
2921
2922
2924
2926
2927
2928
2929
2930
2931
2932
2933
2934
2935
2937
2938
2939
2940
2941
2942
2944
2945
2946
2947
2948
2949
2950
2952
2953
2954
2956
2957
2958
2959
2960
2961
2962
2964
2965
2967
2969
2970
2971
2972
2973
2974
2975
2976
2977
2978
2980
2981
2983
2985
2986
2987
2988
2989
2991
2992
2994
2996
2997
2998
2999
3001
3002
3003
3004
3007
3008
3009
3010
3012
3014
3015
3016
3017
3018
3019
3020
3021
3023
3024
3025
3029
3030
3031
3032
3033
3034
3035
3037
3038
3042
3044
3046
3047
3048
3049
3050
3051
3052
3053
3055
3056
3057
3058
3059
3060
3061
3062
3063
3064
3065
3067
3068
3069
3070
3071
3072
3073
3075
3076
3077
3078
3079
3080
3081
3082
3083
3084
3085
3086
3087
3088
3089
3090
3091
3092
3093
3094
3095
3097
3098
3099
3100
3102
3104
3105
3107
3108
3109
3110
3111
3112
3113
3114
3115
3116
3118
3120
3121
3122
3123
3124
3125
3126
3127
3128
3130
3131
3132
3133
3134
3135
3137
3138
3139
3140
3141
3142
3144
3145
3147
3148
3149
3150
3152
3153
3154
3156
3157
3158
3159
3160
3161
3162
3163
3164
3165
3166
3168
3169
3170
3171
3172
3173
3174
3175
3176
3177
3180
3183
3184
3185
3186
3187
3188
3189
3190
3191
3192
3193
3194
3196
3197
3199
3200
3201
3202
3203
3204
3205
3206
3207
3208
3209
3210
3211
3213
3214
3215
3216
3217
3218
3219
3223
3224
3225
3226
3228
3230
3231
3232
3233
3234
3235
3237
3238
3239
3242
3243
3244
3245
3248
3250
3251
3253
3254
3255
3256
3257
3258
3259
3260
3261
3262
3263
3264
3265
3266
3267
3269
3270
3271
3275
3276
3277
3278
3279
3281
3282
3283
3284
3285
3286
3287
3288
3289
3290
3291
3292
3293
3294
3295
3296
3298
3301
3302
3305
3308
3309
3310
3311
3312
3313
3314
3315
3316
3317
3319
3320
3322
3323
3324
3325
3327
3328
3330
3331
3332
3333
3334
3335
3336
3337
3338
3340
3341
3342
3343
3344
3345
3346
3347
3348
3349
3350
3352
3353
3354
3356
3357
3358
3359
3360
3361
3362
3363
3365
3367
3368
3369
3370
3371
3372
3373
3375
3376
3377
3378
3379
3383
3384
3385
3386
3387
3388
3389
3390
3391
3395
3396
3397
3398
3399
3400
3402
3403
3404
3405
3406
3407
3408
3410
3411
3412
3413
3414
3415
3416
3417
3418
3419
3420
3421
3422
3423
3424
3426
3427
3428
3429
3430
3431
3432
3434
3435
3436
3437
3438
3439
3441
3442
3443
3444
3448
3449
3450
3451
3452
3453
3454
3455
3456
3457
3459
3461
3462
3463
3464
3465
3466
3467
3468
3469
3470
3471
3472
3473
3474
3475
3476
3477
3478
3479
3480
3482
3483
3484
3485
3486
3487
3489
3491
3493
3494
3495
3496
3497
3500
3503
3504
3506
3507
3508
3509
3510
3511
3512
3513
3515
3516
3517
3518
3519
3520
3521
3522
3523
3524
3525
3526
3527
3528
3529
3530
3532
3533
3534
3535
3536
3538
3539
3540
3542
3543
3544
3545
3546
3547
3548
3550
3551
3552
3553
3554
3556
3557
3558
3559
3560
3561
3562
3563
3564
3565
3566
3567
3568
3570
3571
3572
3573
3574
3576
3578
3579
3580
3581
3582
3583
3584
3585
3586
3590
3591
3592
3593
3594
3595
3596
3597
3598
3599
3600
3601
3603
3604
3605
3606
3607
3608
3609
3610
3611
3612
3613
3614
3615
3616
3617
3619
3620
3621
3623
3624
3625
3626
3627
3629
3630
3632
3634
3635
3636
3637
3638
3641
3642
3643
3646
3647
3648
3649
3650
3651
3652
3654
3655
3657
3658
3659
3660
3661
3662
3664
3665
3666
3667
3668
3670
3672
3673
3674
3676
3679
3680
3681
3682
3683
3685
3686
3687
3688
3689
3690
3691
3693
3694
3695
3697
3698
3699
3700
3701
3702
3703
3704
3705
3706
3707
3708
3709
3710
3711
3712
3713
3714
3715
3716
3717
3718
3719
3720
3721
3722
3723
3725
3727
3728
3729
3730
3731
3732
3733
3734
3735
3736
3737
3738
3739
3740
3741
3742
3743
3745
3746
3747
3748
3749
3750
3751
3752
3753
3756
3757
3758
3759
3760
3761
3763
3764
3766
3767
3768
3769
3770
3771
3772
3773
3774
3776
3777
3778
3782
3783
3785
3786
3789
3790
3791
3792
3793
3795
3799
3800
3801
3802
3803
3804
3806
3807
3808
3809
3811
3812
3813
3814
3815
3817
3818
3819
3820
3821
3822
3823
3824
3825
3826
3827
3828
3829
3831
3833
3834
3836
3837
3838
3839
3840
3841
3842
3843
3844
3845
3846
3847
3848
3849
3850
3852
3853
3854
3855
3856
3857
3858
3859
3860
3861
3862
3863
3864
3865
3866
3867
3868
3869
3870
3871
3872
3873
3874
3879
3880
3881
3883
3884
3885
3886
3887
3889
3890
3891
3894
3895
3896
3897
3898
3899
3900
3901
3902
3906
3907
3909
3911
3913
3915
3916
3918
3919
3920
3921
3922
3923
3924
3927
3930
3931
3932
3933
3934
3937
3938
3939
3941
3943
3944
3945
3946
3947
3948
3949
3952
3953
3954
3955
3956
3958
3959
3960
3961
3962
3963
3965
3966
3967
3968
3969
3970
3972
3974
3979
3980
3982
3983
3984
3988
3989
3993
3994
3997
3998
3999
4000
4001
4002
4003
4004
4005
4006
4007
4008
4009
4010
4011
4012
4013
4014
4016
4017
4018
4019
4020
4022
4023
4024
4027
4028
4030
4032
4033
4034
4035
4036
4038
4039
4041
4042
4043
4045
4046
4048
4049
4050
4051
4052
4053
4054
4055
4058
4059
4061
4062
4067
4069
4070
4071
4072
4073
4074
4075
4076
4077
4079
4080
4082
4084
4086
4087
4088
4089
4090
4091
4092
4095
4096
4098
4100
4101
4103
4104
4105
4106
4107
4108
4109
4110
4111
4112
4113
4115
4118
4119
4120
4122
4123
4124
4125
4127
4128
4129
4131
4134
4135
4136
4137
4139
4140
4142
4143
4145
4146
4147
4148
4149
4150
4152
4153
4154
4155
4156
4157
4158
4159
4160
4163
4164
4165
4166
4168
4169
4170
4171
4172
4175
4179
4180
4181
4183
4184
4185
4186
4187
4188
4190
4191
4192
4193
4194
4195
4197
4198
4200
4201
4205
4206
4208
4211
4212
4213
4215
4216
4217
4218
4219
4220
4221
4223
4224
4226
4227
4228
4229
4230
4231
4232
4234
4235
4236
4237
4238
4239
4240
4241
4242
4243
4244
4245
4248
4250
4251
4253
4254
4255
4256
4257
4258
4259
4260
4264
4265
4266
4267
4268
4269
4270
4272
4273
4274
4275
4276
4277
4278
4281
4283
4290
4291
4292
4293
4294
4298
4299
4300
4301
4302
4303
4304
4308
4309
4310
4311
4312
4313
4316
4319
4321
4323
4324
4326
4328
4329
4330
4331
4334
4335
4336
4337
4338
4340
4341
4345
4346
4347
4348
4349
4351
4352
4353
4354
4355
4356
4358
4359
4360
4362
4363
4364
4365
4366
4367
4368
4369
4370
4371
4372
4374
4375
4378
4379
4381
4382
4383
4384
4385
4388
4389
4390
4391
4392
4393
4394
4395
4396
4397
4398
4399
4400
4401
4402
4403
4405
4406
4407
4408
4413
4415
4418
4420
4422
4423
4424
4425
4426
4427
4430
4432
4434
4436
4437
4438
4439
4440
4441
4442
4443
4444
4445
4446
4447
4448
4452
4453
4454
4455
4456
4457
4458
4459
4466
4467
4468
4469
4470
4471
4472
4473
4474
4475
4476
4477
4478
4479
4480
4481
4483
4484
4486
4487
4489
4490
4491
4492
4493
4494
4495
4496
4497
4498
4499
4500
4501
4502
4510
4511
4512
4513
4515
4517
4518
4519
4523
4527
4528
4529
4531
4534
4536
4539
4542
4543
4544
4545
4546
4549
4551
4554
4555
4556
4558
4559
4560
4561
4562
4563
4566
4567
4568
4569
4571
4572
4574
4576
4577
4578
4579
4580
4582
4584
4585
4586
4587
4588
4590
4591
4592
4593
4595
4596
4597
4598
4602
4603
4604
4606
4607
4610
4611
4612
4613
4614
4616
4617
4618
4619
4621
4622
4623
4625
4626
4630
4631
4632
4633
4634
4635
4636
4637
4640
4641
4642
4643
4644
4645
4646
4647
4648
4649
4650
4651
4652
4655
4657
4658
4659
4660
4661
4662
4663
4665
4666
4667
4668
4670
4671
4673
4675
4676
4677
4678
4679
4680
4681
4682
4683
4685
4687
4688
4689
4690
4691
4693
4694
4695
4696
4697
4699
4700
4701
4702
4703
4704
4705
4706
4707
4708
4710
4711
4712
4713
4715
4716
4717
4718
4719
4721
4722
4723
4724
4725
4726
4727
4728
4730
4734
4735
4736
4738
4742
4743
4744
4745
4747
4751
4752
4753
4754
4755
4756
4757
4758
4759
4761
4763
4764
4765
4766
4768
4769
4770
4774
4775
4776
4779
4781
4785
4787
4788
4789
4790
4791
4794
4795
4797
4798
4802
4803
4804
4805
4806
4807
4808
4809
4810
4811
4812
4813
4814
4815
4816
4817
4819
4820
4821
4826
4827
4828
4829
4830
4831
4833
4834
4837
4838
4839
4840
4841
4843
4845
4846
4847
4849
4850
4851
4853
4858
4860
4861
4862
4863
4864
4865
4866
4868
4869
4871
4873
4874
4875
4876
4877
4878
4879
4881
4882
4883
4884
4886
4887
4888
4889
4891
4894
4895
4898
4900
4901
4903
4906
4907
4908
4909
4910
4911
4912
4913
4914
4915
4917
4918
4919
4920
4923
4924
4925
4926
4927
4928
4929
4930
4931
4933
4935
4936
4938
4940
4941
4942
4943
4945
4952
4953
4955
4957
4958
4959
4961
4962
4963
4967
4968
4969
4970
4971
4972
4973
4974
4976
4977
4979
4980
4981
4982
4983
4984
4986
4987
4988
4992
4993
4994
4996
4997
4998
5001
5002
5003
5005
5006
5007
5008
5010
5011
5012
5013
5017
5019
5022
5025
5026
5029
5030
5032
5034
5035
5036
5037
5038
5040
5041
5042
5045
5047
5048
5050
5051
5052
5056
5060
5061
5063
5064
5068
5071
5072
5074
5075
5076
5078
5079
5081
5082
5084
5087
5088
5089
5090
5093
5095
5097
5101
5102
5103
5105
5108
5109
5110
5111
5112
5114
5115
5116
5117
5119
5120
5121
5124
5125
5126
5127
5130
5134
5135
5136
5138
5141
5144
5148
5149
5151
5152
5153
5154
5156
5157
5158
5160
5164
5166
5167
5168
5169
5170
5172
5176
5179
5181
5183
5184
5186
5187
5190
5192
5193
5194
5195
5196
5197
5199
5201
5204
5205
5210
5211
5212
5213
5220
5221
5222
5223
5226
5227
5228
5229
5230
5233
5234
5235
5238
5243
5244
5245
5247
5248
5250
5251
5252
5253
5254
5255
5258
5259
5261
5262
5263
5264
5265
5266
5267
5268
5270
5271
5272
5273
5276
5277
5279
5282
5285
5286
5287
5289
5290
5292
5293
5297
5300
5301
5303
5304
5305
5306
5309
5310
5311
5312
5316
5317
5319
5322
5323
5325
5326
5327
5328
5329
5330
5331
5332
5334
5335
5338
5340
5341
5348
5349
5351
5352
5353
5356
5358
5360
5361
5364
5365
5366
5367
5369
5370
5373
5374
5375
5376
5379
5380
5381
5382
5384
5387
5388
5390
5392
5393
5395
5397
5399
5400
5402
5403
5405
5407
5408
5409
5412
5413
5415
5416
5418
5419
5421
5422
5423
5425
5428
5431
5432
5433
5435
5438
5439
5441
5442
5443
5446
5448
5449
5450
5452
5453
5454
5456
5457
5458
5460
5461
5464
5465
5466
5467
5470
5471
5472
5473
5475
5476
5477
5478
5479
5480
5481
5482
5483
5484
5486
5487
5489
5491
5494
5497
5498
5499
5500
5502
5504
5506
5507
5508
5510
5511
5512
5513
5515
5516
5517
5519
5520
5521
5523
5524
5526
5527
5528
5529
5530
5531
5532
5533
5534
5536
5544
5546
5549
5550
5551
5553
5554
5556
5557
5558
5559
5560
5562
5563
5564
5565
5566
5567
5568
5570
5571
5572
5573
5574
5575
5579
5580
5581
5582
5583
5584
5585
5586
5589
5590
5591
5592
5593
5595
5596
5597
5598
5599
5600
5601
5603
5605
5606
5608
5612
5614
5615
5616
5617
5618
5619
5620
5621
5623
5624
5625
5626
5630
5631
5632
5634
5635
5638
5639
5640
5641
5642
5644
5645
5646
5647
5648
5649
5650
5651
5652
5653
5654
5655
5656
5659
5660
5661
5662
5663
5664
5666
5668
5669
5670
5671
5673
5674
5675
5676
5677
5678
5679
5680
5681
5683
5685
5686
5687
5688
5689
5690
5692
5694
5697
5699
5700
5701
5702
5703
5705
5706
5707
5708
5710
5711
5712
5714
5715
5717
5718
5719
5720
5721
5722
5723
5724
5726
5727
5728
5729
5730
5732
5734
5736
5737
5738
5739
5741
5742
5743
5745
5747
5749
5750
5751
5754
5755
5758
5759
5760
5763
5764
5765
5766
5767
5768
5773
5776
5778
5779
5780
5783
5784
5789
5790
5791
5792
5793
5794
5795
5796
5797
5798
5799
5800
5804
5805
5806
5810
5811
5812
5813
5814
5815
5816
5817
5818
5821
5825
5826
5827
5829
5830
5831
5832
5833
5834
5835
5836
5837
5838
5840
5841
5842
5843
5844
5845
5847
5848
5849
5850
5851
5852
5853
5855
5856
5858
5859
5861
5864
5866
5867
5868
5869
5871
5872
5874
5875
5876
5878
5879
5880
5882
5883
5884
5887
5888
5890
5891
5892
5894
5897
5898
5901
5903
5905
5906
5907
5909
5911
5913
5914
5915
5916
5917
5918
5920
5922
5924
5925
5926
5927
5929
5930
5931
5932
5933
5934
5936
5941
5942
5945
5946
5947
5948
5949
5950
5952
5953
5955
5956
5957
5959
5960
5961
5962
5963
5964
5966
5968
5969
5970
5971
5972
5973
5975
5976
5977
5980
5981
5983
5984
5985
5987
5989
5990
5992
5993
5994
5995
5996
5997
5999
6000
6002
6005
6007
6011
6013
6015
6019
6021
6022
6023
6026
6027
6028
6029
6031
6032
6033
6035
6036
6037
6038
6039
6040
6042
6043
6044
6045
6046
6048
6049
6050
6052
6053
6054
6055
6056
6057
6058
6059
6060
6063
6066
6067
6068
6069
6070
6072
6073
6074
6076
6080
6081
6083
6085
6087
6089
6091
6092
6093
6094
6095
6096
6097
6098
6100
6103
6104
6106
6107
6108
6109
6110
6111
6112
6113
6114
6118
6120
6121
6122
6123
6124
6125
6126
6128
6133
6134
6136
6137
6138
6139
6140
6142
6143
6144
6145
6146
6147
6148
6150
6153
6155
6156
6157
6158
6159
6160
6161
6162
6163
6164
6166
6170
6171
6173
6175
6178
6179
6181
6182
6183
6184
6185
6186
6192
6193
6194
6198
6199
6200
6201
6202
6204
6205
6206
6207
6208
6209
6212
6213
6214
6215
6216
6218
6219
6220
6221
6222
6223
6224
6225
6226
6227
6230
6232
6233
6235
6239
6241
6242
6243
6245
6246
6248
6250
6251
6252
6253
6254
6255
6259
6261
6263
6267
6270
6271
6272
6273
6274
6275
6276
6277
6278
6279
6281
6282
6283
6284
6285
6286
6289
6290
6291
6293
6295
6297
6298
6302
6303
6304
6305
6306
6307
6308
6309
6310
6311
6312
6314
6316
6317
6321
6322
6323
6324
6325
6326
6328
6329
6330
6331
6332
6333
6334
6335
6336
6337
6340
6342
6343
6344
6347
6348
6350
6351
6352
6353
6354
6355
6356
6357
6358
6359
6360
6361
6362
6363
6364
6365
6366
6367
6369
6370
6371
6372
6373
6374
6375
6379
6381
6382
6383
6384
6385
6387
6388
6389
6390
6391
6392
6393
6394
6396
6398
6399
6400
6403
6405
6409
6411
6412
6413
6414
6415
6416
6418
6419
6420
6421
6422
6424
6425
6426
6427
6428
6430
6432
6433
6435
6436
6438
6440
6441
6444
6446
6447
6450
6451
6453
6455
6457
6458
6461
6462
6463
6464
6465
6466
6467
6468
6469
6472
6474
6479
6480
6481
6485
6486
6487
6488
6489
6491
6492
6493
6495
6496
6505
6506
6507
6509
6512
6513
6514
6515
6519
6520
6523
6526
6528
6529
6530
6531
6532
6533
6534
6535
6536
6537
6538
6539
6540
6542
6543
6544
6545
6548
6549
6550
6552
6553
6556
6557
6560
6561
6564
6571
6573
6574
6576
6577
6578
6579
6580
6582
6584
6585
6586
6587
6588
6589
6590
6591
6592
6594
6596
6597
6599
6600
6601
6602
6603
6609
6610
6612
6613
6615
6616
6619
6620
6621
6622
6624
6625
6626
6627
6628
6629
6631
6632
6633
6634
6636
6637
6639
6642
6645
6646
6649
6651
6652
6653
6655
6656
6657
6660
6661
6662
6665
6666
6667
6668
6669
6670
6671
6672
6673
6675
6676
6679
6680
6681
6682
6683
6684
6685
6687
6689
6690
6691
6693
6694
6695
6696
6698
6700
6701
6702
6703
6704
6705
6706
6710
6711
6713
6715
6716
6717
6718
6719
6720
6721
6722
6723
6726
6727
6728
6729
6730
6731
6734
6735
6736
6737
6738
6741
6743
6744
6747
6749
6750
6751
6752
6753
6755
6757
6761
6762
6763
6764
6765
6766
6767
6769
6772
6773
6777
6779
6781
6782
6784
6786
6787
6790
6791
6792
6794
6795
6796
6799
6800
6801
6802
6803
6805
6806
6807
6808
6809
6810
6812
6813
6814
6817
6818
6819
6821
6822
6824
6825
6826
6827
6829
6830
6832
6833
6836
6837
6842
6844
6845
6846
6850
6851
6853
6854
6855
6857
6859
6864
6865
6866
6868
6869
6870
6871
6872
6874
6876
6877
6878
6879
6881
6883
6884
6885
6886
6889
6891
6892
6893
6894
6897
6900
6902
6903
6904
6906
6907
6910
6913
6914
6915
6916
6917
6918
6919
6920
6922
6923
6924
6926
6927
6929
6931
6934
6935
6936
6937
6938
6939
6941
6943
6944
6945
6948
6950
6953
6954
6955
6956
6957
6958
6960
6962
6963
6965
6966
6967
6969
6970
6972
6973
6976
6977
6979
6981
6982
6986
6989
6990
6992
6993
6994
6995
6997
6999
7000
7004
7005
7006
7009
7010
7011
7013
7014
7016
7019
7020
7024
7025
7027
7029
7034
7035
7036
7037
7038
7039
7040
7041
7042
7044
7046
7048
7049
7050
7052
7053
7055
7056
7057
7060
7061
7064
7065
7066
7068
7069
7070
7074
7075
7078
7079
7083
7086
7087
7089
7091
7094
7095
7098
7100
7101
7103
7104
7108
7109
7110
7111
7117
7118
7121
7122
7123
7124
7125
7126
7127
7128
7129
7130
7131
7132
7133
7134
7135
7136
7140
7141
7143
7144
7146
7148
7152
7153
7154
7155
7159
7165
7166
7167
7169
7172
7174
7175
7176
7177
7178
7179
7180
7182
7183
7186
7188
7189
7191
7192
7193
7194
7198
7199
7203
7205
7207
7208
7209
7211
7212
7213
7215
7216
7217
7219
7220
7221
7222
7223
7224
7225
7226
7228
7229
7230
7231
7232
7233
7234
7235
7236
7238
7239
7240
7241
7242
7243
7244
7245
7246
7248
7250
7253
7254
7255
7256
7257
7259
7261
7264
7266
7267
7268
7270
7271
7273
7274
7275
7276
7279
7280
7282
7283
7284
7285
7286
7289
7290
7291
7292
7293
7294
7296
7297
7298
7299
7300
7302
7303
7310
7311
7314
7315
7320
7321
7322
7323
7325
7326
7328
7331
7333
7335
7338
7340
7341
7342
7343
7344
7345
7346
7347
7348
7350
7351
7352
7353
7356
7357
7358
7360
7362
7365
7366
7367
7369
7370
7375
7376
7377
7379
7382
7384
7385
7387
7388
7390
7391
7393
7394
7395
7397
7398
7402
7403
7404
7405
7406
7409
7410
7412
7413
7414
7416
7419
7420
7422
7425
7428
7429
7433
7435
7437
7438
7439
7441
7442
7444
7445
7446
7447
7449
7450
7451
7452
7453
7454
7455
7458
7459
7461
7462
7463
7464
7465
7468
7469
7472
7473
7474
7475
7476
7477
7478
7479
7480
7482
7483
7486
7487
7488
7489
7490
7491
7494
7496
7499
7501
7503
7504
7505
7507
7508
7509
7512
7513
7514
7515
7516
7517
7518
7519
7520
7523
7524
7525
7526
7527
7528
7529
7531
7532
7533
7534
7535
7536
7537
7538
7539
7542
7544
7545
7547
7548
7549
7550
7551
7552
7553
7555
7557
7558
7559
7562
7567
7569
7570
7571
7572
7573
7574
7575
7576
7578
7579
7580
7581
7583
7584
7585
7586
7587
7588
7589
7592
7593
7594
7596
7598
7599
7601
7602
7604
7605
7607
7608
7609
7610
7611
7614
7615
7617
7618
7619
7620
7621
7623
7624
7625
7626
7627
7628
7630
7631
7632
7633
7634
7635
7636
7637
7638
7641
7642
7643
7645
7646
7647
7649
7650
7651
7654
7657
7658
7662
7664
7665
7666
7668
7669
7671
7673
7676
7677
7678
7680
7682
7683
7684
7686
7687
7688
7691
7692
7693
7694
7695
7697
7699
7700
7702
7703
7706
7707
7708
7711
7713
7715
7716
7719
7722
7724
7725
7726
7727
7729
7730
7732
7734
7739
7740
7741
7744
7745
7746
7748
7749
7750
7751
7752
7753
7754
7755
7756
7758
7759
7761
7762
7764
7765
7766
7767
7768
7769
7770
7771
7772
7773
7774
7775
7777
7778
7779
7780
7783
7784
7785
7786
7787
7788
7790
7793
7794
7795
7796
7797
7799
7800
7801
7804
7806
7807
7809
7810
7811
7812
7816
7817
7818
7819
7821
7822
7824
7825
7826
7827
7828
7830
7831
7832
7834
7835
7836
7837
7840
7841
7842
7843
7844
7845
7846
7847
7848
7849
7850
7852
7853
7856
7857
7858
7862
7863
7864
7865
7867
7868
7869
7870
7871
7873
7874
7877
7878
7879
7880
7881
7882
7883
7885
7886
7891
7894
7895
7896
7897
7898
7902
7903
7904
7905
7906
7907
7908
7909
7910
7911
7912
7913
7914
7915
7916
7917
7918
7921
7923
7924
7925
7926
7927
7928
7929
7930
7933
7934
7935
7937
7939
7940
7941
7942
7944
7946
7947
7948
7949
7950
7951
7952
7954
7955
7956
7957
7958
7959
7960
7961
7962
7963
7964
7968
7969
7970
7971
7972
7973
7980
7981
7982
7984
7986
7987
7988
7991
7992
7993
7994
7995
7997
7999
8002
8003
8006
8007
8008
8009
8011
8012
8014
8015
8016
8017
8021
8024
8025
8030
8034
8035
8039
8041
8042
8043
8044
8045
8047
8049
8051
8053
8054
8055
8057
8058
8059
8060
8061
8062
8063
8064
8065
8066
8068
8071
8072
8074
8077
8078
8079
8080
8081
8084
8087
8088
8089
8090
8092
8093
8096
8099
8100
8102
8104
8105
8108
8111
8115
8116
8117
8118
8119
8120
8121
8123
8125
8128
8130
8131
8133
8135
8136
8138
8141
8143
8144
8145
8146
8147
8149
8150
8152
8153
8155
8156
8158
8160
8161
8162
8164
8165
8166
8168
8169
8170
8174
8179
8180
8181
8186
8189
8192
8193
8194
8195
8197
8198
8199
8200
8203
8205
8206
8207
8209
8211
8212
8214
8215
8216
8221
8222
8223
8225
8227
8228
8229
8230
8232
8233
8234
8235
8236
8237
8238
8239
8241
8243
8245
8246
8248
8249
8250
8251
8252
8253
8255
8256
8257
8261
8264
8265
8266
8268
8270
8271
8276
8277
8278
8279
8280
8281
8282
8287
8288
8289
8292
8298
8304
8306
8313
8314
8315
8317
8318
8319
8320
8321
8322
8323
8324
8326
8327
8330
8331
8333
8335
8336
8337
8338
8341
8342
8343
8345
8346
8347
8348
8349
8350
8353
8354
8355
8357
8358
8359
8360
8361
8362
8364
8365
8366
8368
8369
8370
8371
8372
8374
8376
8377
8378
8379
8381
8382
8384
8385
8386
8387
8388
8389
8390
8391
8392
8393
8394
8395
8397
8400
8401
8403
8405
8411
8412
8413
8415
8416
8417
8418
8421
8422
8423
8424
8425
8426
8428
8430
8434
8437
8439
8440
8441
8443
8444
8448
8449
8450
8455
8456
8457
8458
8459
8460
8461
8462
8463
8464
8465
8467
8469
8470
8471
8472
8473
8475
8480
8481
8483
8484
8486
8487
8488
8489
8491
8492
8495
8496
8498
8499
8501
8502
8504
8505
8506
8507
8508
8509
8511
8514
8515
8516
8518
8522
8526
8527
8528
8530
8532
8533
8535
8536
8537
8539
8541
8542
8544
8549
8556
8557
8560
8561
8567
8568
8570
8571
8572
8574
8577
8578
8579
8580
8582
8583
8584
8586
8587
8588
8590
8591
8594
8597
8598
8599
8600
8601
8603
8605
8606
8608
8609
8611
8612
8613
8614
8616
8618
8620
8622
8628
8629
8633
8634
8635
8642
8643
8645
8647
8648
8650
8651
8652
8654
8655
8660
8667
8669
8670
8674
8676
8680
8682
8684
8687
8694
8699
8700
8702
8705
8709
8711
8716
8718
8719
8723
8725
8726
8732
8733
8735
8736
8737
8740
8741
8742
8745
8746
8748
8752
8753
8756
8758
8760
8761
8764
8768
8769
8770
8772
8773
8775
8780
8782
8783
8785
8786
8787
8789
8790
8791
8792
8793
8796
8797
8798
8799
8801
8802
8803
8805
8808
8809
8810
8811
8813
8814
8816
8818
8820
8822
8823
8824
8825
8826
8827
8828
8829
8830
8831
8834
8835
8836
8837
8839
8840
8842
8843
8847
8849
8850
8851
8852
8853
8856
8857
8859
8860
8861
8862
8863
8864
8865
8866
8867
8868
8869
8870
8871
8873
8874
8875
8876
8877
8878
8889
8893
8894
8896
8897
8898
8901
8903
8904
8912
8913
8914
8916
8917
8920
8921
8922
8923
8924
8927
8928
8930
8932
8933
8938
8939
8942
8943
8944
8947
8948
8949
8951
8953
8954
8955
8957
8958
8959
8960
8964
8965
8968
8970
8972
8973
8974
8977
8978
8979
8980
8981
8982
8983
8984
8985
8986
8988
8989
8990
8991
8992
8993
8995
8998
8999
9000
9005
9006
9007
9008
9011
9013
9014
9015
9016
9018
9024
9025
9026
9028
9030
9033
9035
9036
9037
9038
9040
9044
9045
9046
9047
9048
9049
9050
9052
9053
9054
9055
9056
9057
9058
9059
9060
9061
9062
9065
9066
9069
9071
9072
9076
9078
9079
9081
9083
9085
9086
9089
9090
9091
9092
9093
9094
9095
9096
9097
9101
9102
9105
9106
9107
9108
9109
9110
9111
9114
9120
9122
9123
9124
9126
9127
9128
9129
9130
9131
9135
9137
9139
9140
9142
9143
9148
9149
9150
9152
9153
9154
9155
9156
9157
9164
9165
9166
9169
9170
9171
9172
9173
9174
9175
9177
9178
9179
9180
9181
9182
9184
9185
9191
9192
9194
9195
9196
9198
9199
9205
9206
9207
9208
9210
9211
9212
9213
9214
9215
9216
9217
9218
9219
9220
9223
9225
9227
9228
9231
9233
9236
9238
9239
9240
9241
9242
9243
9246
9247
9248
9249
9250
9251
9252
9253
9254
9255
9256
9257
9258
9262
9263
9264
9265
9266
9267
9268
9269
9270
9271
9272
9273
9274
9275
9276
9277
9278
9279
9280
9281
9282
9283
9284
9286
9287
9288
9289
9290
9291
9293
9295
9296
9297
9298
9299
9300
9303
9304
9305
9307
9308
9310
9311
9312
9313
9314
9315
9317
9320
9322
9325
9326
9327
9328
9330
9334
9335
9337
9338
9340
9344
9345
9346
9348
9349
9350
9351
9352
9353
9355
9357
9359
9360
9361
9362
9363
9366
9371
9373
9374
9377
9378
9383
9384
9385
9390
9391
9392
9393
9395
9402
9404
9405
9412
9414
9416
9417
9418
9420
9422
9423
9424
9425
9426
9429
9431
9432
9435
9439
9440
9441
9442
9443
9445
9446
9447
9448
9450
9451
9452
9453
9454
9455
9459
9460
9461
9462
9465
9466
9468
9474
9476
9477
9478
9481
9483
9484
9485
9488
9489
9490
9491
9493
9494
9496
9497
9498
9499
9500
9501
9502
9503
9504
9505
9506
9507
9508
9511
9513
9517
9518
9519
9520
9521
9523
9524
9525
9526
9527
9529
9530
9532
9534
9535
9536
9537
9539
9540
9541
9542
9543
9544
9545
9547
9548
9549
9550
9551
9553
9554
9556
9557
9559
9560
9561
9563
9564
9565
9567
9568
9569
9570
9571
9572
9573
9575
9579
9581
9582
9583
9585
9586
9589
9590
9591
9593
9594
9595
9598
9600
9603
9604
9605
9606
9607
9609
9610
9611
9613
9614
9615
9617
9618
9619
9620
9621
9623
9625
9627
9628
9629
9630
9632
9634
9637
9638
9639
9640
9641
9644
9649
9651
9653
9655
9656
9660
9661
9665
9666
9667
9669
9670
9671
9672
9674
9677
9681
9682
9685
9687
9688
9690
9691
9693
9694
9695
9699
9702
9706
9708
9709
9711
9713
9714
9715
9717
9718
9719
9721
9722
9724
9728
9733
9738
9740
9742
9747
9748
9750
9751
9752
9753
9754
9757
9758
9759
9763
9764
9765
9766
9767
9768
9769
9770
9771
9775
9777
9778
9781
9783
9790
9794
9796
9797
9798
9802
9804
9807
9808
9810
9811
9812
9815
9816
9817
9818
9819
9820
9822
9823
9824
9825
9827
9828
9829
9830
9831
9832
9833
9834
9835
9838
9840
9841
9842
9845
9846
9847
9848
9849
9850
9855
9857
9859
9860
9861
9862
9863
9866
9868
9870
9871
9872
9873
9874
9876
9877
9878
9879
9881
9884
9886
9887
9888
9896
9898
9899
9904
9906
9907
9908
9909
9910
9911
9913
9914
9916
9917
9919
9920
9921
9926
9931
9935
9940
9941
9942
9943
9944
9945
9947
9951
9952
9953
9954
9955
9963
9964
9968
9975
9976
9977
9980
9981
9982
9986
9987
9988
9990
9991
9995
10000
10001
10003
10004
10009
10010
10013
10015
10017
10018
10021
10023
10029
10032
10034
10036
10037
10038
10039
10040
10043
10044
10047
10048
10050
10052
10056
10058
10061
10063
10064
10065
10066
10067
10071
10074
10075
10077
10079
10085
10087
10088
10094
10095
10096
10098
10099
10100
10101
10102
10106
10110
10111
10114
10117
10119
10121
10125
10127
10129
10131
10132
10143
10144
10145
10151
10152
10154
10155
10156
10157
10158
10159
10161
10163
10164
10166
10169
10170
10172
10173
10178
10179
10180
10181
10184
10185
10186
10188
10189
10190
10192
10193
10195
10202
10203
10209
10210
10212
10214
10218
10224
10225
10227
10229
10230
10231
10232
10233
10237
10241
10242
10243
10244
10245
10252
10254
10256
10258
10262
10264
10266
10268
10271
10275
10277
10279
10282
10287
10290
10291
10293
10294
10296
10298
10304
10307
10308
10309
10316
10317
10323
10324
10332
10333
10334
10335
10338
10342
10344
10348
10349
10351
10354
10356
10357
10358
10359
10364
10365
10368
10371
10374
10380
10381
10387
10388
10389
10390
10391
10392
10393
10394
10395
10399
10404
10409
10410
10413
10423
10424
10426
10428
10432
10434
10436
10439
10443
10445
10447
10450
10455
10458
10462
10468
10471
10473
10474
10479
10480
10482
10483
10485
10486
10489
10492
10494
10495
10499
10500
10502
10509
10510
10511
10513
10514
10517
10519
10521
10523
10528
10529
10538
10539
10543
10544
10545
10548
10549
10551
10553
10554
10557
10558
10559
10562
10565
10566
10571
10572
10573
10576
10582
10583
10585
10587
10590
10591
10595
10596
10599
10600
10604
10605
10607
10609
10610
10613
10614
10617
10625
10627
10640
10644
10648
10657
10662
10667
10669
10672
10674
10675
10677
10682
10684
10689
10691
10692
10699
10700
10701
10702
10704
10708
10711
10715
10716
10717
10718
10720
10721
10722
10724
10725
10728
10731
10733
10734
10736
10738
10740
10742
10743
10745
10748
10749
10751
10754
10757
10759
10761
10764
10768
10771
10772
10775
10776
10777
10778
10779
10780
10782
10784
10785
10786
10787
10788
10789
10790
10791
10792
10795
10797
10799
10801
10804
10805
10806
10807
10808
10809
10813
10814
10815
10818
10821
10825
10826
10833
10836
10837
10838
10839
10846
10847
10849
10850
10851
10854
10855
10856
10857
10860
10864
10866
10868
10869
10870
10872
10875
10879
10881
10889
10892
10893
10894
10896
10897
10898
10900
10901
10908
10909
10912
10914
10915
10920
10927
10928
10931
10934
10935
10936
10937
10938
10939
10941
10942
10943
10944
10945
10947
10948
10949
10950
10955
10957
10959
10961
10962
10964
10967
10969
10971
10972
10973
10979
10988
10993
10994
10995
10996
10998
11001
11005
11006
11008
11014
11015
11016
11020
11021
11029
11031
11032
11033
11036
11038
11040
11041
11042
11044
11045
11046
11047
11050
11051
11053
11058
11064
11065
11066
11067
11068
11069
11073
11079
11081
11082
11086
11088
11089
11090
11093
11094
11096
11103
11105
11107
11108
11114
11115
11125
11126
11127
11130
11131
11134
11138
11141
11144
11145
11146
11148
11150
11151
11153
11154
11155
11157
11159
11160
11163
11164
11165
11166
11170
11172
11181
11182
11183
11187
11188
11191
11192
11193
11194
11195
11204
11210
11211
11212
11218
11221
11224
11227
11238
11244
11251
11256
11260
11266
11267
11270
11275
11276
11277
11285
11286
11287
11288
11292
11293
11295
11299
11300
11301
11303
11305
11306
11307
11313
11316
11319
11320
11321
11323
11326
11329
11331
11332
11342
11343
11344
11346
11348
11351
11352
11353
11354
11356
11358
11359
11360
11365
11371
11375
11379
11380
11383
11385
11386
11387
11390
11392
11394
11395
11400
11401
11402
11403
11404
11405
11406
11407
11410
11411
11413
11414
11417
11418
11419
11421
11422
11426
11435
11437
11438
11439
11440
11444
11448
11450
11453
11454
11455
11456
11457
11460
11464
11469
11471
11476
11477
11480
11482
11483
11484
11486
11488
11490
11492
11495
11496
11500
11501
11502
11503
11508
11511
11512
11515
11517
11518
11526
11527
11530
11533
11534
11535
11538
11540
11541
11542
11543
11545
11546
11547
11548
11550
11553
11554
11557
11558
11561
11563
11565
11566
11568
11571
11572
11573
11574
11578
11580
11581
11583
11585
11587
11590
11593
11596
11599
11601
11605
11606
11607
11609
11610
11614
11618
11619
11627
11629
11630
11631
11632
11637
11639
11640
11641
11642
11643
11644
11645
11646
11648
11654
11661
11662
11665
11675
11679
11683
11684
11685
11697
11701
11702
11705
11707
11710
11713
11714
11715
11716
11717
11721
11728
11729
11730
11731
11739
11740
11742
11743
11750
11751
11758
11762
11764
11765
11766
11769
11774
11780
11782
11784
11787
11794
11798
11807
11813
11814
11818
11826
11827
11829
11833
11836
11837
11842
11847
11849
11850
11851
11854
11858
11860
11863
11866
11870
11871
11877
11883
11886
11890
11899
11903
11904
11906
11914
11915
11918
11921
11923
11925
11940
11941
11942
11943
11947
11948
11955
11956
11962
11963
11964
11978
11980
11982
11986
11992
11994
11995
12004
12006
12007
12011
12013
12014
12015
12021
12027
12029
12033
12036
12040
12043
12047
12048
12055
12060
12061
12062
12066
12067
12068
12069
12070
12080
12081
12083
12086
12087
12100
12104
12105
12111
12112
12114
12115
12117
12119
12121
12122
12123
12124
12126
12127
12128
12130
12132
12134
12135
12137
12138
12139
12140
12141
12142
12144
12145
12146
12148
12150
12157
12158
12159
12161
12164
12165
12167
12169
12170
12171
12172
12173
12177
12178
12179
12180
12183
12184
12189
12191
12194
12195
12197
12199
12205
12210
12211
12212
12214
12215
12218
12224
12225
12227
12229
12230
12231
12234
12235
12237
12239
12242
12243
12246
12247
12248
12249
12251
12252
12253
12257
12259
12260
12262
12263
12264
12265
12274
12275
12277
12280
12281
12287
12288
12289
12292
12293
12294
12296
12297
12298
12302
12304
12307
12311
12313
12314
12316
12317
12319
12320
12321
12322
12323
12325
12327
12328
12337
12339
12344
12346
12349
12352
12353
12354
12355
12356
12357
12358
12359
12363
12367
12368
12374
12377
12380
12382
12385
12386
12387
12388
12392
12395
12398
12399
12404
12405
12406
12411
12413
12419
12424
12427
12436
12438
12442
12445
12447
12448
12450
12467
12470
12478
12482
12483
12496
12499
12509
12514
12515
12517
12518
12520
12522
12523
12524
12526
12529
12531
12532
12533
12534
12539
12542
12548
12550
12554
12555
12557
12559
12561
12562
12563
12564
12565
12567
12568
12573
12579
12582
12585
12587
12594
12595
12597
12603
12606
12609
12621
12638
12639
12641
12643
12645
12650
12653
12657
12659
12663
12665
12669
12670
12673
12676
12677
12680
12682
12684
12686
12687
12692
12693
12694
12699
12705
12706
12710
12714
12715
12716
12718
12720
12721
12723
12724
12726
12728
12730
12738
12740
12741
12743
12746
12749
12756
12757
12760
12761
12764
12767
12774
12778
12786
12789
12791
12796
12798
12799
12800
12801
12808
12813
12828
12832
12833
12839
12855
12856
12857
12858
12868
12869
12870
12876
12879
12880
12881
12885
12891
12894
12898
12901
12905
12907
12908
12910
12914
12915
12917
12919
12922
12923
12926
12927
12929
12930
12933
12934
12946
12948
12950
12952
12953
12954
12958
12960
12961
12962
12963
12965
12966
12967
12968
12969
12970
12972
12974
12975
12976
12977
12979
12982
12983
12989
12990
12994
12996
12998
13013
13017
13019
13022
13028
13034
13035
13039
13041
13042
13044
13051
13053
13055
13061
13062
13068
13070
13075
13079
13080
13085
13088
13092
13093
13097
13103
13105
13106
13113
13120
13121
13124
13130
13131
13132
13133
13134
13137
13138
13139
13141
13144
13150
13151
13155
13156
13158
13160
13163
13169
13172
13177
13179
13181
13185
13189
13190
13191
13194
13196
13200
13202
13203
13205
13206
13209
13223
13224
13227
13231
13234
13236
13237
13238
13239
13240
13241
13242
13245
13246
13247
13248
13253
13254
13255
13260
13262
13263
13265
13267
13273
13274
13275
13278
13281
13282
13288
13289
13290
13291
13295
13297
13298
13300
13302
13306
13309
13310
13314
13317
13319
13320
13321
13322
13324
13327
13328
13332
13334
13338
13339
13341
13345
13349
13351
13353
13354
13356
13358
13361
13363
13369
13381
13382
13383
13385
13388
13389
13393
13394
13400
13401
13406
13409
13413
13418
13419
13421
13426
13427
13430
13431
13432
13434
13435
13437
13438
13447
13449
13455
13462
13468
13471
13473
13475
13479
13482
13483
13484
13485
13489
13491
13492
13493
13495
13496
13506
13507
13511
13512
13514
13517
13518
13520
13521
13527
13528
13529
13530
13532
13533
13535
13539
13544
13545
13555
13556
13559
13562
13564
13567
13568
13570
13571
13572
13574
13577
13578
13581
13583
13584
13586
13587
13588
13591
13599
13600
13602
13605
13609
13615
13616
13617
13621
13623
13625
13629
13630
13634
13641
13645
13647
13648
13649
13650
13651
13652
13655
13656
13658
13660
13661
13662
13663
13664
13665
13666
13673
13674
13676
13684
13685
13686
13687
13688
13689
13690
13691
13695
13705
13706
13708
13711
13712
13713
13714
13718
13724
13735
13739
13741
13742
13743
13746
13748
13750
13752
13755
13756
13757
13758
13760
13761
13763
13764
13765
13767
13769
13770
13776
13780
13781
13789
13792
13796
13801
13805
13807
13810
13811
13812
13813
13816
13825
13833
13835
13837
13844
13845
13847
13848
13850
13853
13854
13856
13857
13858
13859
13867
13868
13870
13877
13879
13881
13890
13893
13896
13900
13903
13910
13912
13913
13915
13916
13917
13920
13924
13927
13928
13929
13930
13938
13940
13942
13945
13948
13955
13960
13961
13967
13974
13975
13977
13978
13980
13983
13984
13993
13997
14000
14001
14002
14003
14006
14007
14014
14015
14018
14019
14023
14029
14032
14033
14034
14038
14042
14043
14046
14052
14055
14059
14065
14070
14074
14076
14077
14098
14100
14105
14109
14113
14114
14117
14121
14123
14126
14128
14131
14133
14143
14150
14157
14160
14162
14165
14167
14168
14169
14173
14174
14185
14188
14191
14192
14193
14200
14203
14205
14219
14225
14226
14239
14244
14248
14260
14261
14266
14268
14274
14275
14280
14281
14282
14286
14288
14289
14294
14304
14309
14312
14334
14335
14337
14340
14343
14345
14349
14352
14356
14360
14362
14363
14364
14367
14370
14373
14374
14377
14379
14381
14383
14384
14391
14392
14401
14404
14405
14419
14447
14449
14451
14452
14453
14454
14467
14469
14472
14487
14499
14500
14505
14529
14530
14535
14540
14543
14550
14552
14554
14557
14560
14561
14563
14564
14574
14577
14588
14590
14593
14594
14597
14602
14603
14609
14615
14617
14619
14621
14622
14626
14627
14641
14646
14648
14650
14652
14653
14657
14658
14659
14662
14663
14664
14665
14666
14669
14670
14671
14672
14675
14677
14678
14679
14681
14682
14686
14693
14694
14697
14698
14701
14702
14705
14708
14712
14713
14714
14720
14721
14726
14730
14731
14733
14734
14735
14736
14738
14742
14745
14746
14747
14751
14752
14753
14754
14756
14761
14765
14766
14770
14776
14779
14781
14782
14783
14785
14788
14789
14792
14793
14794
14795
14796
14797
14798
14799
14803
14808
14810
14812
14813
14814
14819
14822
14825
14826
14827
14830
14831
14832
14834
14837
14839
14841
14843
14848
14852
14855
14857
14858
14860
14863
14864
14866
14868
14870
14874
14878
14880
14882
14884
14886
14888
14893
14894
14901
14902
14903
14904
14905
14907
14909
14910
14911
14912
14913
14916
14918
14925
14926
14927
14932
14933
14935
14936
14947
14948
14949
14950
14952
14953
14954
14956
14961
14963
14968
14969
14971
14973
14979
14980
14982
14983
14986
14988
14989
14990
14991
14992
15000
15001
15003
15005
15006
15009
15010
15011
15014
15019
15020
15024
15028
15029
15030
15033
15034
15035
15040
15043
15045
15051
15054
15055
15056
15057
15059
15061
15066
15067
15072
15073
15076
15082
15086
15087
15092
15095
15097
15104
15107
15108
15109
15113
15115
15116
15117
15119
15121
15122
15124
15125
15129
15134
15135
15136
15137
15142
15143
15153
15154
15156
15158
15162
15163
15167
15168
15179
15180
15181
15185
15188
15191
15195
15202
15206
15209
15210
15211
15212
15213
15214
15216
15218
15220
15226
15227
15229
15235
15238
15239
15242
15243
15244
15245
15248
15249
15252
15255
15258
15263
15270
15272
15273
15275
15277
15278
15279
15281
15286
15287
15288
15294
15298
15299
15300
15301
15303
15305
15306
15307
15317
15319
15321
15324
15337
15338
15340
15341
15344
15346
15347
15350
15353
15356
15365
15373
15378
15384
15386
15389
15390
15395
15398
15403
15404
15406
15409
15417
15419
15421
15423
15426
15427
15431
15436
15445
15451
15455
15459
15461
15463
15464
15467
15478
15479
15480
15486
15500
15503
15506
15507
15508
15510
15512
15515
15518
15525
15526
15530
15533
15537
15540
15543
15556
15557
15559
15566
15570
15579
15581
15590
15595
15596
15597
15599
15602
15603
15605
15620
15621
15627
15629
15634
15645
15648
15650
15653
15654
15661
15663
15666
15668
15674
15676
15677
15689
15691
15693
15709
15714
15717
15725
15726
15737
15739
15742
15746
15749
15754
15756
15759
15761
15764
15765
15777
15782
15791
15795
15810
15811
15826
15847
15848
15852
15854
15865
15866
15869
15870
15875
15881
15885
15888
15893
15904
15907
15911
15916
15917
15924
15925
15929
15931
15932
15936
15942
15945
15947
15948
15954
15961
15966
15973
15976
15979
15981
15983
15984
15993
15994
16000
16001
16006
16010
16012
16019
16032
16035
16036
16037
16043
16045
16046
16047
16048
16051
16056
16057
16063
16071
16077
16083
16087
16089
16090
16094
16099
16102
16108
16112
16114
16116
16117
16118
16123
16131
16132
16133
16143
16148
16152
16153
16154
16156
16159
16160
16162
16167
16170
16180
16181
16183
16184
16185
16193
16194
16195
16196
16199
16201
16206
16212
16215
16219
16227
16228
16238
16241
16245
16250
16261
16269
16281
16282
16288
16290
16294
16299
16301
16311
16312
16314
16316
16318
16324
16335
16339
16343
16344
16346
16350
16356
16357
16358
16359
16362
16366
16368
16369
16370
16372
16373
16377
16380
16384
16386
16392
16393
16397
16399
16400
16405
16407
16408
16409
16411
16417
16421
16422
16423
16429
16431
16435
16436
16437
16438
16439
16440
16446
16447
16449
16450
16453
16454
16455
16456
16458
16479
16481
16482
16485
16488
16490
16491
16494
16496
16498
16499
16500
16504
16510
16514
16515
16516
16520
16522
16523
16524
16528
16529
16530
16543
16546
16548
16551
16554
16556
16560
16566
16568
16572
16575
16576
16583
16585
16590
16596
16602
16604
16605
16607
16609
16611
16613
16624
16625
16628
16629
16638
16642
16643
16645
16648
16649
16655
16659
16668
16676
16692
16694
16695
16698
16700
16703
16704
16705
16706
16709
16710
16712
16724
16734
16739
16749
16751
16753
16754
16755
16758
16763
16765
16768
16770
16771
16775
16791
16792
16796
16808
16812
16814
16818
16820
16821
16827
16829
16830
16831
16832
16848
16865
16892
16907
16915
16937
16949
16952
16992
17000
17030
17068
17070
17096
17097
17098
17105
17116
17122
17123
17132
17133
17134
17141
17144
17151
17152
17153
17155
17159
17165
17169
17173
17178
17186
17234
17250
17251
17252
17253
17254
17255
17256
17258
17259
17261
17262
17263
17264
17265
17266
17267
17268
17269
17270
17271
17272
17273
17274
17275
17276
17278
17279
17280
17282
17283
17284
17289
17290
17292
17295
17296
17297
17298
17300
17302
17303
17304
17305
17306
17307
17308
17310
17311
17313
17321
17322
17324
17332
17346
17352
17356
17362
17405
17406
17407
17412
17419
17420
17425
17426
17430
17436
17440
17443
17452
17454
17458
17471
17479
17480
17487
17490
17493
17501
17505
17510
17514
17515
17536
17539
17546
17548
17554
17555
17558
17559
17565
17566
17570
17571
17575
17576
17588
17593
17614
17632
17640
17654
17661
17664
17678
17697
17720
17748
17751
17778
17779
17787
17792
17798
17801
17802
17805
17806
17811
17813
17819
17820
17821
17822
17824
17826
17841
17852
17853
17857
17858
17872
17876
17878
17887
17890
17897
17905
17907
17916
17928
17929
17931
17934
17945
17946
17947
17949
17951
17953
17959
17961
17968
17969
17970
17972
17988
17989
18011
18013
18014
18017
18051
18052
18053
18054
18055
18056
18057
18058
18060
18061
18062
18063
18064
18065
18066
18068
18071
18074
18078
18079
18082
18083
18084
18085
18087
18088
18089
18092
18093
18094
18095
18096
18098
18099
18100
18101
18103
18104
18105
18106
18107
18108
18109
18110
18111
18112
18113
18114
18115
18116
18117
18118
18119
18120
18121
18122
18123
18124
18125
18126
18127
18128
18129
18130
18131
18132
18133
18134
18135
18136
18137
18138
18139
18140
18141
18142
18143
18144
18145
18146
18150
18152
18156
18161
18162
18164
18168
18170
18171
18173
18174
18175
18176
18177
18179
18180
18181
18182
18183
18184
18185
18186
18187
18194
18196
18199
18201
18203
18204
18205
18206
18207
18208
18210
18211
18212
18213
18214
18215
18216
18217
18218
18219
18220
18221
18222
18223
18224
18225
18226
18227
18228
18229
18230
18237
18238
18239
18241
18242
18243
18250
18251
18252
18256
18259
18260
18261
18262
18263
18266
18268
18269
18270
18274
18275
18277
18282
18283
18284
18285
18286
18288
18294
18295
18298
18301
18304
18305
18307
18308
18311
18312
18315
18316
18319
18321
18323
18328
18330
18332
18334
18339
18345
18346
18349
18350
18351
18353
18354
18355
18357
18365
18366
18368
18376
18378
18380
18381
18388
18390
18391
18394
18397
18401
18404
18406
18410
18423
18430
18433
18437
18441
18443
18448
18449
18454
18459
18470
18472
18479
18481
18482
18485
18488
18489
18490
18495
18496
18497
18498
18503
18504
18505
18509
18517
18518
18519
18520
18528
18533
18540
18542
18543
18546
18554
18555
18556
18557
18564
18566
18575
18582
18586
18588
18592
18600
18601
18625
18626
18629
18631
18636
18641
18643
18648
18665
18671
18678
18683
18691
18699
18704
18708
18712
18715
18717
18719
18720
18721
18722
18727
18729
18735
18738
18741
18742
18746
18750
18754
18756
18759
18762
18765
18768
18769
18772
18779
18780
18785
18790
18798
18799
18801
18803
18805
18807
18808
18822
18824
18825
18826
18828
18829
18830
18831
18834
18839
18840
18841
18842
18843
18846
18853
18854
18855
18859
18862
18873
18876
18879
18882
18890
18894
18895
18897
18904
18910
18914
18921
18927
18933
18940
18943
18949
18955
18958
18964
18968
18969
18980
18982
18983
18984
18985
18987
18990
18994
18996
18999
19006
19009
19010
19012
19013
19014
19020
19029
19035
19041
19087
19094
19100
19105
19110
19112
19114
19116
19118
19130
19132
19147
19150
19163
19165
19168
19178
19180
19188
19189
19223
19225
19233
19238
19249
19259
19267
19271
19287
19291
19389
19393
19409
19411
19417
19434
19441
19445
19463
19485
19503
19506
19534
19551
19552
19621
19638
19659
19667
19672
19718
19721
19747
19758
19760
19778
19814
19816
19839
19854
19879
19902
19915
19928
