0
1
3
4
6
7
8
9
10
12
13
15
16
17
18
19
21
22
23
24
26
28
29
31
32
35
36
39
41
42
47
48
50
53
54
55
57
58
59
60
61
62
63
67
68
70
71
72
73
74
75
77
78
80
82
83
84
85
86
87
88
89
90
91
92
93
94
95
97
98
99
100
101
103
105
106
107
108
110
113
114
115
116
118
119
120
122
123
124
125
126
127
128
130
131
133
134
135
136
137
138
139
140
141
142
145
146
147
149
150
151
152
153
154
155
156
157
159
161
162
163
164
165
166
167
168
169
170
171
172
173
174
178
180
181
182
183
185
186
188
189
190
191
193
195
196
197
198
200
201
203
204
205
206
207
210
212
213
214
215
216
217
218
219
222
224
226
227
229
230
231
232
233
234
236
237
238
239
240
241
242
244
247
248
250
254
257
258
259
260
261
262
263
264
270
271
272
273
274
275
278
279
280
281
282
284
286
287
288
289
290
293
295
296
297
298
299
300
303
304
305
307
308
309
310
312
313
314
317
319
320
321
322
324
325
329
333
335
340
344
345
346
347
349
352
353
356
357
359
360
361
362
363
364
366
368
370
371
372
374
375
376
377
378
379
383
384
387
388
389
391
393
394
395
397
399
402
403
404
406
408
409
410
411
416
417
418
419
422
423
424
425
426
427
428
430
431
432
433
435
436
437
438
439
440
441
442
445
446
448
449
450
451
452
454
455
456
457
458
459
463
464
465
467
469
471
473
474
475
477
480
481
482
483
485
488
491
492
497
500
501
502
503
504
505
506
508
509
510
511
513
514
517
519
521
522
524
525
526
527
529
530
532
534
535
536
537
538
539
540
541
542
543
546
548
549
550
551
552
553
554
555
556
558
559
561
565
566
567
575
576
579
582
583
585
587
588
589
590
592
593
595
596
597
599
600
601
602
603
604
607
608
609
610
611
612
613
614
615
616
617
619
620
621
622
623
624
625
628
631
632
634
635
636
637
638
640
645
646
649
650
651
652
653
658
659
662
663
664
665
666
668
670
671
672
673
679
680
681
682
684
685
687
689
692
693
694
695
696
697
698
700
701
703
706
708
709
710
714
715
718
719
720
721
723
724
725
727
728
731
734
735
736
737
738
739
740
741
743
746
749
750
751
753
754
755
757
758
759
760
762
763
765
768
770
773
774
775
777
778
780
781
782
783
785
787
788
789
792
793
795
796
798
799
800
801
803
804
805
806
809
811
814
815
817
818
819
820
821
823
824
825
826
827
829
830
832
836
837
839
841
843
846
848
849
850
853
855
856
857
858
859
860
861
862
864
865
867
868
869
872
873
874
875
876
878
881
882
883
884
885
886
887
888
889
891
896
897
900
903
904
905
906
908
909
911
913
917
918
919
920
921
922
926
927
928
929
930
931
932
934
935
940
941
942
943
944
945
946
949
950
953
955
956
957
958
961
963
964
966
967
968
971
973
974
976
978
980
982
983
984
986
987
989
990
991
992
994
996
997
998
999
1002
1003
1004
1006
1008
1009
1011
1012
1013
1014
1015
1016
1019
1022
1024
1025
1027
1028
1029
1030
1033
1034
1036
1037
1038
1040
1041
1042
1043
1049
1052
1055
1056
1061
1062
1063
1065
1066
1069
1071
1072
1074
1075
1076
1077
1078
1079
1081
1082
1083
1084
1085
1086
1088
1089
1091
1092
1097
1098
1103
1104
1105
1106
1109
1110
1113
1115
1120
1122
1123
1124
1125
1127
1129
1132
1133
1135
1136
1137
1142
1143
1144
1145
1147
1148
1150
1153
1155
1156
1158
1159
1161
1162
1163
1166
1167
1168
1171
1172
1176
1179
1180
1181
1184
1186
1188
1189
1190
1191
1198
1199
1200
1202
1203
1204
1207
1209
1210
1212
1213
1214
1215
1216
1217
1219
1220
1223
1226
1227
1228
1229
1230
1231
1232
1233
1234
1235
1236
1242
1244
1245
1248
1249
1250
1251
1255
1258
1263
1265
1268
1269
1271
1272
1274
1276
1277
1278
1279
1280
1283
1285
1286
1292
1295
1297
1299
1300
1304
1305
1306
1307
1308
1312
1314
1316
1317
1318
1321
1323
1325
1327
1328
1329
1331
1334
1335
1338
1341
1344
1345
1346
1347
1348
1349
1350
1352
1353
1354
1355
1356
1358
1359
1362
1365
1368
1369
1370
1372
1373
1374
1375
1378
1379
1381
1383
1384
1385
1386
1389
1390
1392
1393
1394
1400
1402
1403
1404
1406
1407
1410
1411
1417
1418
1419
1425
1426
1427
1428
1430
1431
1433
1434
1435
1436
1439
1441
1443
1444
1446
1447
1448
1450
1451
1453
1456
1457
1459
1463
1465
1466
1468
1469
1470
1472
1473
1474
1478
1479
1480
1481
1483
1485
1487
1488
1490
1491
1492
1493
1495
1497
1498
1500
1502
1503
1504
1505
1507
1508
1513
1516
1518
1520
1521
1522
1524
1526
1535
1536
1541
1544
1545
1548
1549
1550
1551
1552
1553
1554
1556
1560
1562
1563
1566
1567
1570
1571
1572
1573
1576
1577
1579
1580
1581
1583
1584
1585
1589
1590
1592
1593
1596
1599
1601
1606
1610
1611
1613
1616
1619
1620
1622
1623
1625
1627
1628
1629
1630
1633
1637
1639
1641
1642
1644
1647
1652
1654
1655
1657
1660
1662
1663
1664
1665
1667
1668
1669
1670
1672
1673
1674
1677
1678
1679
1680
1683
1687
1688
1691
1692
1693
1694
1695
1697
1698
1700
1703
1705
1706
1709
1712
1714
1716
1717
1719
1722
1726
1728
1729
1731
1735
1736
1739
1744
1745
1746
1747
1748
1752
1755
1758
1759
1760
1761
1762
1764
1765
1766
1769
1770
1772
1773
1774
1780
1781
1788
1789
1791
1792
1795
1797
1798
1799
1801
1805
1808
1809
1810
1811
1812
1819
1820
1821
1828
1830
1832
1835
1836
1838
1839
1850
1851
1852
1853
1856
1857
1859
1860
1867
1870
1871
1875
1876
1877
1880
1884
1887
1889
1894
1901
1902
1904
1909
1910
1915
1916
1917
1918
1920
1923
1925
1927
1929
1931
1935
1937
1938
1939
1940
1941
1942
1943
1945
1946
1947
1950
1951
1955
1956
1957
1958
1959
1960
1962
1964
1965
1967
1969
1970
1972
1973
1976
1977
1979
1980
1981
1982
1985
1986
1988
1989
1990
1991
1997
2001
2003
2004
2005
2008
2009
2010
2011
2012
2014
2015
2016
2017
2018
2019
2021
2022
2026
2027
2028
2029
2032
2033
2035
2036
2037
2038
2039
2041
2043
2046
2048
2049
2050
2052
2054
2055
2060
2064
2066
2067
2068
2070
2073
2075
2076
2077
2081
2083
2084
2088
2089
2092
2094
2095
2098
2099
2100
2101
2102
2103
2109
2110
2113
2114
2116
2124
2125
2127
2130
2132
2133
2134
2137
2138
2140
2141
2146
2149
2150
2151
2154
2157
2159
2164
2165
2166
2167
2168
2170
2172
2174
2176
2177
2178
2183
2190
2192
2194
2195
2196
2197
2199
2200
2201
2202
2205
2209
2213
2214
2219
2229
2232
2234
2235
2238
2239
2240
2241
2246
2251
2252
2254
2260
2261
2262
2268
2273
2284
2286
2289
2290
2292
2293
2296
2300
2303
2307
2308
2309
2310
2311
2313
2320
2322
2323
2327
2330
2335
2337
2338
2341
2343
2344
2348
2354
2355
2359
2363
2364
2366
2368
2369
2376
2381
2385
2386
2388
2392
2393
2394
2397
2398
2399
2402
2403
2406
2407
2408
2410
2412
2416
2418
2422
2424
2425
2426
2430
2432
2434
2435
2436
2438
2443
2444
2446
2448
2450
2452
2453
2455
2456
2457
2463
2464
2466
2467
2468
2469
2477
2482
2484
2489
2490
2491
2492
2493
2494
2495
2496
2497
2498
2499
2500
2501
2502
2503
2505
2508
2509
2511
2513
2514
2516
2517
2518
2519
2521
2522
2526
2527
2528
2529
2530
2531
2536
2537
2539
2540
2543
2544
2545
2548
2549
2550
2551
2552
2553
2556
2557
2559
2562
2566
2567
2568
2569
2571
2573
2574
2578
2581
2582
2583
2584
2585
2586
2587
2588
2590
2593
2595
2596
2597
2601
2602
2603
2604
2605
2607
2608
2609
2610
2611
2613
2614
2615
2616
2617
2619
2622
2623
2624
2625
2628
2629
2637
2639
2640
2641
2643
2644
2645
2646
2647
2648
2649
2650
2651
2652
2656
2657
2658
2659
2660
2661
2662
2663
2664
2665
2666
2667
2669
2670
2671
2674
2675
2676
2678
2679
2680
2681
2682
2683
2684
2685
2688
2690
2691
2692
2697
2698
2699
2700
2701
2702
2703
2705
2708
2710
2713
2714
2715
2717
2719
2721
2722
2724
2725
2727
2728
2729
2730
2732
2733
2734
2735
2738
2739
2742
2743
2744
2746
2747
2748
2749
2750
2752
2754
2758
2759
2760
2761
2762
2763
2765
2766
2769
2771
2772
2775
2776
2778
2779
2780
2781
2782
2783
2784
2786
2787
2788
2790
2791
2792
2793
2795
2796
2798
2802
2804
2807
2808
2809
2810
2811
2813
2814
2816
2817
2819
2820
2821
2823
2824
2826
2827
2828
2829
2830
2832
2833
2837
2838
2839
2840
2841
2843
2844
2846
2847
2848
2850
2852
2853
2854
2855
2856
2857
2859
2861
2862
2864
2865
2867
2868
2869
2871
2874
2876
2878
2879
2882
2885
2886
2888
2892
2893
2895
2897
2898
2899
2900
2901
2902
2903
2904
2905
2906
2907
2910
2912
2914
2915
2918
2922
2924
2928
2931
2932
2933
2934
2935
2937
2939
2940
2941
2943
2945
2947
2948
2949
2950
2951
2953
2954
2955
2956
2959
2962
2963
2965
2970
2971
2973
2976
2978
2980
2983
2984
2985
2988
2989
2992
2993
2994
2997
2999
3000
3002
3007
3008
3009
3010
3011
3012
3013
3016
3017
3020
3021
3023
3025
3026
3027
3028
3029
3030
3031
3033
3034
3037
3039
3046
3047
3049
3050
3051
3052
3053
3057
3058
3060
3061
3063
3064
3065
3066
3068
3069
3075
3078
3083
3084
3086
3088
3091
3092
3094
3095
3096
3097
3098
3099
3100
3104
3105
3106
3107
3111
3112
3113
3114
3115
3116
3117
3119
3120
3122
3123
3124
3126
3127
3128
3130
3132
3133
3134
3136
3137
3139
3142
3144
3145
3146
3148
3150
3151
3152
3153
3154
3155
3156
3157
3158
3159
3160
3161
3162
3163
3165
3166
3167
3168
3169
3170
3171
3172
3173
3174
3176
3177
3178
3180
3183
3184
3185
3186
3187
3188
3189
3190
3193
3194
3195
3196
3198
3201
3203
3205
3206
3207
3210
3211
3213
3214
3215
3216
3217
3219
3222
3223
3224
3226
3227
3228
3231
3232
3233
3234
3235
3237
3239
3240
3242
3244
3245
3246
3248
3250
3254
3256
3258
3259
3261
3262
3263
3264
3265
3269
3270
3271
3272
3274
3275
3276
3278
3279
3285
3287
3288
3289
3291
3292
3293
3295
3296
3298
3301
3302
3305
3308
3309
3311
3312
3313
3314
3315
3316
3317
3318
3322
3323
3324
3325
3327
3328
3330
3331
3334
3336
3339
3340
3341
3342
3343
3344
3346
3347
3348
3349
3350
3353
3354
3356
3357
3359
3360
3361
3363
3367
3368
3369
3370
3371
3372
3375
3376
3377
3378
3382
3383
3384
3385
3386
3388
3389
3390
3397
3398
3401
3402
3403
3404
3405
3406
3407
3408
3409
3410
3412
3413
3415
3416
3418
3419
3421
3423
3424
3425
3426
3428
3431
3432
3435
3436
3437
3438
3439
3440
3441
3443
3447
3448
3450
3451
3453
3455
3456
3457
3458
3459
3461
3462
3463
3464
3465
3466
3467
3470
3472
3473
3474
3476
3477
3478
3479
3480
3482
3483
3484
3485
3487
3489
3490
3492
3493
3495
3497
3498
3503
3504
3506
3507
3509
3510
3511
3513
3515
3516
3517
3519
3520
3521
3522
3523
3524
3525
3526
3527
3528
3529
3530
3531
3532
3533
3534
3536
3538
3539
3544
3546
3547
3548
3549
3551
3552
3553
3554
3556
3557
3558
3559
3560
3562
3563
3564
3565
3566
3567
3568
3569
3570
3571
3573
3574
3576
3578
3579
3580
3581
3582
3583
3584
3589
3590
3591
3595
3596
3597
3598
3599
3600
3601
3603
3604
3605
3606
3607
3608
3609
3610
3611
3612
3613
3617
3618
3619
3620
3621
3623
3624
3625
3626
3627
3628
3629
3630
3632
3633
3635
3637
3641
3646
3648
3650
3651
3654
3655
3656
3658
3660
3665
3667
3669
3672
3676
3679
3682
3683
3687
3689
3691
3692
3693
3694
3695
3696
3697
3698
3699
3700
3701
3702
3703
3704
3705
3706
3707
3708
3709
3711
3713
3715
3718
3719
3720
3722
3723
3725
3727
3729
3731
3732
3733
3734
3735
3737
3738
3740
3741
3746
3747
3749
3751
3752
3753
3756
3757
3758
3759
3760
3763
3764
3766
3767
3769
3770
3772
3773
3774
3775
3776
3777
3780
3782
3785
3786
3788
3789
3790
3791
3792
3795
3800
3801
3802
3803
3804
3806
3809
3811
3812
3813
3814
3815
3816
3818
3819
3820
3821
3822
3824
3825
3826
3827
3828
3829
3830
3831
3834
3840
3841
3844
3845
3846
3847
3848
3850
3851
3855
3857
3859
3860
3861
3863
3864
3865
3866
3867
3868
3870
3871
3872
3873
3874
3879
3880
3882
3884
3886
3887
3888
3889
3891
3892
3897
3898
3899
3900
3901
3902
3909
3911
3912
3913
3915
3919
3921
3922
3923
3924
3926
3927
3930
3935
3937
3938
3939
3940
3941
3943
3944
3945
3946
3947
3949
3953
3954
3958
3959
3960
3961
3963
3967
3968
3969
3970
3971
3972
3974
3976
3979
3980
3981
3983
3985
3987
3993
3997
3998
3999
4000
4001
4005
4006
4007
4008
4009
4012
4013
4016
4017
4018
4019
4020
4021
4022
4023
4024
4026
4027
4032
4033
4034
4035
4036
4038
4039
4043
4044
4045
4046
4048
4049
4056
4060
4065
4067
4069
4070
4071
4074
4076
4077
4079
4080
4082
4083
4085
4086
4087
4090
4094
4095
4097
4098
4101
4103
4104
4107
4108
4110
4111
4112
4113
4114
4116
4118
4119
4120
4122
4125
4127
4128
4129
4131
4136
4139
4140
4141
4142
4143
4145
4146
4147
4148
4149
4153
4155
4156
4157
4158
4159
4160
4163
4164
4165
4166
4170
4172
4173
4175
4176
4177
4178
4179
4180
4182
4183
4184
4185
4186
4187
4188
4194
4197
4199
4200
4201
4205
4206
4212
4215
4216
4217
4218
4219
4220
4226
4228
4229
4230
4231
4236
4237
4238
4239
4240
4242
4243
4244
4245
4249
4250
4252
4253
4255
4256
4259
4260
4262
4264
4265
4266
4267
4268
4269
4270
4271
4273
4274
4275
4276
4278
4280
4284
4293
4294
4295
4298
4299
4301
4303
4308
4309
4310
4311
4313
4316
4319
4323
4324
4325
4329
4330
4331
4336
4337
4338
4340
4347
4349
4350
4351
4352
4353
4355
4356
4357
4358
4359
4364
4366
4368
4370
4371
4372
4373
4375
4378
4380
4381
4382
4383
4384
4385
4388
4389
4390
4391
4392
4393
4396
4402
4403
4405
4407
4408
4410
4412
4413
4415
4418
4419
4420
4421
4424
4425
4426
4427
4428
4430
4438
4439
4441
4443
4444
4445
4449
4451
4454
4455
4456
4458
4459
4467
4469
4470
4471
4474
4475
4478
4480
4481
4482
4483
4484
4486
4487
4489
4490
4491
4492
4494
4495
4496
4497
4500
4501
4502
4506
4508
4510
4511
4512
4513
4514
4516
4518
4519
4522
4523
4525
4527
4533
4534
4539
4540
4541
4542
4543
4544
4545
4546
4549
4551
4553
4555
4556
4557
4559
4561
4562
4563
4567
4568
4576
4577
4582
4584
4587
4590
4591
4592
4593
4594
4596
4597
4599
4600
4603
4605
4607
4610
4611
4612
4613
4614
4616
4617
4618
4619
4622
4625
4630
4631
4632
4634
4635
4636
4637
4640
4647
4649
4650
4651
4652
4654
4655
4656
4657
4660
4661
4663
4664
4668
4670
4673
4676
4677
4678
4679
4682
4683
4685
4686
4688
4691
4694
4695
4696
4699
4701
4702
4703
4705
4707
4708
4709
4710
4712
4714
4715
4716
4718
4719
4723
4724
4726
4727
4728
4734
4735
4736
4742
4743
4750
4751
4753
4754
4755
4757
4759
4760
4763
4765
4766
4768
4770
4771
4772
4774
4776
4779
4780
4781
4784
4785
4787
4788
4790
4792
4793
4794
4797
4799
4800
4801
4802
4805
4806
4809
4810
4812
4813
4814
4816
4817
4821
4826
4828
4829
4830
4831
4833
4835
4837
4839
4840
4841
4843
4845
4846
4847
4850
4851
4855
4859
4861
4862
4863
4864
4869
4870
4871
4873
4874
4875
4879
4881
4882
4883
4886
4887
4890
4891
4892
4894
4896
4898
4900
4904
4906
4907
4908
4909
4910
4911
4912
4913
4914
4915
4916
4917
4918
4919
4920
4921
4923
4925
4927
4930
4931
4937
4938
4939
4940
4941
4943
4946
4952
4953
4955
4957
4959
4961
4962
4963
4965
4967
4968
4970
4971
4972
4973
4975
4976
4978
4979
4980
4987
4993
4994
4996
4997
5001
5005
5006
5007
5008
5010
5011
5013
5016
5019
5022
5028
5030
5033
5034
5035
5036
5038
5040
5041
5042
5043
5045
5047
5051
5052
5063
5064
5065
5068
5069
5072
5074
5075
5076
5078
5081
5082
5084
5087
5088
5089
5090
5092
5097
5099
5101
5102
5103
5105
5106
5110
5111
5112
5114
5115
5116
5120
5121
5124
5125
5133
5134
5135
5137
5142
5144
5145
5146
5147
5148
5149
5152
5153
5156
5158
5160
5161
5166
5172
5174
5176
5184
5188
5192
5193
5194
5195
5196
5198
5204
5205
5215
5217
5220
5222
5223
5228
5231
5233
5235
5236
5238
5240
5243
5247
5251
5254
5255
5257
5258
5261
5263
5265
5267
5268
5269
5272
5273
5275
5279
5282
5286
5290
5292
5293
5294
5295
5301
5302
5303
5309
5310
5311
5312
5313
5317
5322
5323
5325
5326
5330
5331
5334
5335
5338
5339
5340
5341
5342
5343
5345
5348
5349
5352
5354
5356
5359
5361
5363
5365
5366
5367
5368
5369
5370
5373
5374
5376
5377
5379
5382
5388
5392
5394
5395
5399
5401
5402
5403
5405
5408
5409
5412
5413
5417
5418
5421
5422
5423
5424
5425
5426
5428
5430
5432
5433
5435
5436
5437
5438
5439
5440
5441
5442
5444
5446
5447
5448
5449
5453
5456
5458
5460
5461
5463
5464
5466
5468
5470
5471
5472
5475
5476
5477
5478
5479
5480
5481
5482
5484
5486
5487
5488
5489
5490
5491
5492
5493
5496
5497
5499
5500
5502
5504
5505
5506
5507
5508
5510
5511
5512
5513
5515
5516
5517
5519
5521
5522
5523
5525
5526
5528
5530
5531
5534
5535
5536
5544
5547
5549
5550
5551
5556
5559
5560
5562
5563
5564
5565
5566
5567
5568
5570
5571
5573
5579
5580
5581
5583
5584
5585
5586
5587
5588
5590
5591
5592
5593
5594
5595
5598
5599
5603
5605
5606
5610
5611
5615
5616
5621
5624
5625
5628
5629
5631
5638
5639
5640
5642
5645
5647
5648
5649
5651
5652
5653
5654
5655
5656
5658
5660
5661
5662
5664
5669
5674
5675
5676
5678
5681
5686
5688
5691
5697
5698
5699
5700
5702
5703
5704
5705
5706
5708
5709
5710
5712
5713
5720
5721
5722
5724
5726
5729
5730
5731
5734
5736
5738
5740
5742
5743
5747
5748
5749
5751
5755
5759
5760
5762
5763
5764
5767
5773
5774
5776
5778
5779
5784
5789
5790
5792
5793
5794
5795
5798
5800
5803
5804
5805
5806
5810
5811
5816
5817
5818
5819
5821
5827
5829
5833
5834
5835
5836
5837
5840
5842
5843
5844
5850
5851
5852
5853
5855
5856
5858
5859
5860
5861
5866
5867
5868
5869
5871
5875
5876
5880
5881
5882
5884
5888
5893
5896
5897
5901
5902
5903
5904
5907
5908
5914
5915
5916
5917
5918
5920
5922
5923
5927
5929
5930
5931
5936
5942
5944
5946
5947
5948
5949
5950
5952
5953
5955
5957
5959
5961
5966
5968
5969
5973
5974
5980
5981
5987
5990
5992
5993
5995
5996
5997
5999
6005
6006
6007
6008
6011
6015
6018
6019
6022
6025
6027
6028
6031
6032
6036
6037
6039
6040
6041
6042
6044
6045
6046
6047
6048
6050
6051
6052
6055
6056
6057
6058
6061
6063
6066
6067
6069
6076
6077
6079
6081
6085
6087
6088
6089
6090
6092
6093
6094
6097
6098
6099
6103
6104
6106
6108
6109
6110
6111
6113
6114
6117
6118
6121
6122
6125
6126
6133
6134
6137
6138
6139
6140
6142
6143
6144
6145
6146
6149
6150
6153
6156
6157
6158
6159
6162
6164
6166
6175
6179
6182
6185
6186
6189
6200
6201
6207
6208
6210
6212
6213
6214
6216
6219
6222
6223
6224
6225
6227
6229
6230
6232
6233
6235
6241
6242
6243
6245
6248
6252
6253
6254
6255
6256
6261
6262
6270
6272
6273
6274
6276
6282
6286
6291
6293
6297
6299
6300
6302
6303
6306
6307
6309
6310
6312
6313
6314
6321
6322
6325
6329
6331
6334
6335
6337
6339
6340
6341
6342
6343
6344
6349
6350
6351
6353
6355
6356
6357
6359
6360
6361
6362
6363
6364
6366
6369
6370
6371
6372
6373
6374
6377
6383
6386
6388
6389
6390
6391
6392
6393
6401
6410
6413
6414
6415
6416
6418
6419
6420
6421
6423
6424
6425
6427
6430
6432
6433
6435
6436
6438
6439
6446
6447
6450
6451
6457
6458
6461
6462
6463
6464
6465
6466
6468
6469
6479
6480
6481
6482
6483
6487
6488
6489
6491
6493
6500
6507
6509
6510
6511
6513
6517
6518
6522
6525
6531
6532
6533
6535
6536
6537
6540
6543
6544
6545
6548
6549
6550
6553
6555
6556
6559
6560
6561
6564
6565
6571
6574
6576
6577
6580
6583
6584
6585
6586
6587
6589
6590
6592
6593
6594
6595
6596
6597
6599
6600
6601
6602
6609
6610
6612
6615
6617
6621
6625
6626
6627
6629
6631
6637
6639
6642
6645
6650
6652
6653
6654
6655
6656
6665
6668
6669
6671
6672
6673
6675
6680
6682
6684
6687
6689
6690
6691
6694
6697
6698
6700
6701
6703
6704
6705
6706
6710
6711
6713
6715
6718
6719
6720
6722
6723
6729
6730
6731
6736
6739
6741
6748
6750
6757
6761
6762
6765
6767
6768
6769
6770
6772
6778
6779
6784
6786
6787
6789
6790
6791
6792
6796
6799
6800
6801
6802
6804
6805
6807
6809
6810
6811
6812
6813
6814
6815
6823
6825
6833
6834
6836
6839
6840
6844
6850
6851
6857
6859
6862
6865
6867
6869
6870
6871
6872
6878
6879
6880
6881
6883
6884
6885
6886
6889
6890
6891
6892
6893
6894
6895
6897
6898
6900
6903
6906
6907
6909
6911
6912
6915
6916
6922
6923
6924
6925
6926
6927
6929
6934
6935
6936
6941
6943
6944
6948
6950
6952
6954
6956
6957
6960
6964
6965
6966
6967
6970
6973
6977
6980
6986
6987
6988
6989
6990
6991
6993
6999
7002
7004
7005
7007
7008
7009
7012
7027
7029
7034
7036
7037
7038
7039
7040
7042
7046
7047
7049
7052
7055
7056
7061
7064
7065
7067
7068
7073
7074
7075
7077
7078
7079
7081
7083
7086
7089
7091
7093
7097
7098
7099
7100
7101
7102
7108
7109
7111
7112
7114
7115
7123
7125
7126
7128
7129
7132
7133
7134
7135
7140
7141
7142
7148
7152
7154
7155
7157
7158
7159
7164
7167
7169
7171
7175
7176
7177
7178
7183
7186
7188
7189
7191
7192
7194
7198
7202
7203
7205
7208
7209
7210
7211
7212
7213
7215
7221
7222
7223
7224
7226
7230
7232
7234
7235
7238
7239
7241
7242
7243
7244
7245
7246
7248
7250
7252
7254
7256
7257
7259
7261
7264
7268
7270
7271
7274
7275
7280
7282
7284
7285
7286
7291
7292
7293
7298
7300
7302
7303
7306
7311
7314
7315
7319
7320
7322
7323
7326
7328
7333
7334
7340
7342
7345
7349
7352
7353
7357
7358
7360
7362
7363
7365
7366
7367
7370
7375
7376
7377
7378
7379
7382
7384
7385
7391
7393
7397
7398
7402
7403
7404
7405
7406
7407
7408
7409
7410
7413
7414
7416
7417
7419
7422
7426
7427
7428
7439
7446
7447
7448
7449
7451
7454
7457
7458
7460
7461
7462
7463
7470
7472
7473
7476
7477
7478
7480
7481
7483
7492
7494
7498
7501
7503
7504
7505
7506
7507
7508
7509
7513
7514
7516
7517
7519
7528
7532
7533
7534
7535
7538
7542
7544
7546
7547
7550
7551
7552
7554
7555
7557
7558
7559
7562
7563
7564
7567
7569
7570
7571
7572
7573
7578
7579
7580
7582
7583
7584
7586
7587
7588
7589
7592
7593
7595
7596
7598
7599
7601
7602
7604
7605
7608
7614
7615
7617
7618
7619
7621
7624
7626
7627
7629
7630
7633
7634
7635
7637
7638
7641
7643
7647
7648
7649
7650
7652
7654
7657
7661
7662
7664
7665
7666
7670
7674
7675
7676
7680
7681
7682
7683
7684
7686
7687
7691
7693
7694
7695
7699
7700
7701
7703
7704
7706
7707
7708
7714
7716
7718
7719
7720
7721
7722
7724
7727
7729
7730
7734
7735
7736
7739
7741
7745
7746
7748
7749
7750
7751
7756
7757
7758
7759
7760
7761
7762
7764
7766
7770
7773
7775
7776
7778
7779
7780
7781
7783
7784
7785
7786
7787
7792
7793
7794
7795
7797
7799
7800
7803
7804
7806
7807
7808
7811
7812
7813
7815
7817
7818
7820
7825
7826
7828
7829
7830
7834
7835
7837
7838
7840
7841
7842
7844
7847
7848
7851
7852
7854
7856
7857
7858
7861
7862
7863
7865
7867
7868
7870
7871
7873
7874
7877
7878
7880
7881
7886
7887
7888
7891
7893
7894
7895
7896
7897
7898
7899
7900
7901
7903
7904
7905
7906
7907
7908
7909
7910
7911
7914
7915
7917
7918
7922
7923
7924
7925
7926
7930
7931
7934
7935
7937
7940
7944
7946
7949
7951
7952
7953
7954
7955
7956
7958
7961
7963
7964
7966
7967
7969
7970
7971
7972
7976
7977
7980
7981
7982
7983
7984
7987
7989
7992
7993
7995
7998
8000
8003
8006
8007
8008
8010
8014
8017
8022
8024
8034
8035
8036
8039
8040
8041
8042
8043
8045
8047
8049
8051
8054
8056
8058
8059
8062
8063
8064
8065
8066
8068
8071
8072
8074
8075
8077
8078
8079
8080
8081
8084
8086
8087
8088
8092
8093
8100
8102
8104
8105
8107
8112
8113
8116
8118
8119
8120
8125
8128
8129
8131
8133
8138
8139
8143
8144
8146
8150
8152
8154
8155
8158
8161
8166
8169
8170
8174
8175
8180
8188
8189
8192
8194
8195
8196
8197
8198
8199
8204
8206
8209
8213
8215
8218
8223
8227
8228
8229
8232
8233
8234
8236
8237
8239
8243
8245
8246
8248
8249
8251
8252
8253
8257
8262
8268
8271
8275
8276
8278
8279
8280
8281
8282
8285
8287
8291
8295
8300
8312
8313
8314
8315
8317
8318
8320
8322
8325
8326
8330
8331
8332
8335
8336
8337
8338
8341
8342
8343
8345
8346
8347
8348
8349
8350
8354
8356
8357
8359
8360
8364
8365
8366
8368
8369
8370
8372
8373
8382
8383
8384
8387
8388
8392
8395
8396
8397
8402
8403
8404
8405
8407
8409
8412
8417
8418
8421
8424
8425
8428
8430
8431
8434
8437
8440
8443
8444
8448
8449
8450
8455
8460
8461
8462
8463
8466
8471
8472
8473
8475
8480
8481
8482
8483
8484
8486
8487
8491
8493
8497
8500
8506
8511
8513
8514
8518
8522
8532
8533
8535
8541
8544
8550
8557
8562
8568
8569
8572
8573
8574
8575
8576
8577
8578
8579
8580
8583
8586
8587
8589
8590
8591
8594
8597
8603
8605
8606
8607
8608
8609
8610
8612
8613
8614
8616
8619
8621
8625
8633
8635
8638
8640
8648
8652
8655
8660
8666
8667
8671
8673
8677
8679
8680
8683
8684
8687
8698
8700
8705
8706
8711
8714
8716
8723
8731
8732
8733
8736
8737
8741
8742
8743
8746
8747
8749
8752
8755
8758
8760
8764
8769
8771
8773
8775
8777
8780
8783
8785
8786
8787
8789
8791
8792
8796
8797
8798
8799
8800
8801
8808
8811
8813
8818
8820
8822
8824
8826
8827
8828
8829
8830
8831
8833
8834
8835
8836
8837
8841
8842
8843
8847
8849
8854
8856
8857
8860
8862
8863
8864
8865
8866
8868
8869
8870
8871
8873
8874
8877
8882
8894
8896
8899
8900
8906
8909
8914
8916
8917
8920
8922
8925
8926
8929
8938
8939
8940
8942
8943
8944
8945
8947
8949
8952
8955
8958
8961
8965
8966
8968
8970
8971
8973
8974
8977
8978
8980
8981
8982
8983
8984
8992
8999
9003
9005
9008
9011
9012
9013
9018
9019
9024
9025
9028
9029
9031
9034
9035
9037
9044
9047
9049
9052
9053
9054
9058
9060
9062
9063
9066
9071
9076
9079
9080
9081
9083
9085
9090
9092
9095
9096
9097
9099
9101
9102
9108
9109
9110
9113
9114
9115
9123
9125
9128
9131
9135
9137
9141
9142
9143
9144
9146
9148
9149
9150
9151
9152
9153
9157
9158
9166
9172
9173
9174
9177
9178
9184
9185
9191
9193
9195
9196
9198
9199
9204
9207
9208
9210
9211
9212
9213
9215
9217
9219
9222
9228
9229
9231
9232
9233
9236
9238
9239
9242
9245
9248
9250
9252
9254
9258
9259
9262
9263
9264
9265
9267
9268
9269
9270
9272
9273
9274
9275
9277
9278
9279
9280
9281
9282
9283
9284
9286
9287
9288
9290
9295
9297
9303
9304
9305
9309
9312
9314
9315
9316
9320
9326
9327
9328
9330
9334
9335
9337
9338
9339
9344
9350
9351
9352
9353
9356
9357
9363
9364
9368
9373
9374
9378
9382
9383
9385
9386
9387
9390
9391
9393
9394
9398
9399
9412
9415
9416
9417
9418
9421
9423
9426
9429
9432
9435
9438
9439
9445
9446
9447
9449
9451
9453
9459
9460
9461
9463
9466
9468
9474
9476
9477
9478
9479
9481
9483
9484
9485
9488
9489
9490
9491
9492
9498
9499
9501
9503
9507
9510
9512
9513
9519
9520
9521
9525
9526
9527
9530
9532
9535
9537
9540
9541
9543
9547
9549
9550
9551
9553
9555
9556
9560
9561
9562
9563
9564
9565
9567
9568
9570
9571
9574
9578
9579
9582
9588
9593
9594
9595
9598
9603
9607
9608
9609
9615
9616
9618
9619
9626
9629
9634
9636
9640
9642
9644
9645
9649
9652
9653
9654
9666
9668
9669
9670
9672
9673
9677
9678
9681
9682
9683
9684
9687
9690
9693
9694
9695
9699
9707
9713
9715
9716
9717
9718
9719
9721
9722
9724
9727
9728
9731
9734
9735
9737
9738
9740
9747
9748
9749
9750
9751
9755
9759
9761
9765
9766
9767
9769
9771
9776
9777
9781
9788
9791
9794
9797
9798
9802
9807
9808
9809
9810
9813
9815
9816
9820
9821
9823
9827
9828
9829
9833
9835
9839
9845
9847
9849
9850
9851
9855
9857
9860
9862
9868
9879
9884
9886
9896
9898
9899
9902
9903
9906
9907
9908
9909
9910
9911
9915
9918
9920
9922
9940
9944
9949
9950
9953
9955
9959
9961
9963
9964
9982
9985
9987
9989
9994
9995
10009
10012
10017
10018
10019
10022
10023
10025
10029
10032
10034
10035
10037
10044
10048
10050
10051
10056
10061
10063
10064
10065
10067
10088
10091
10094
10095
10118
10126
10127
10132
10139
10154
10155
10157
10158
10159
10163
10164
10169
10173
10179
10180
10181
10184
10188
10189
10190
10192
10195
10200
10203
10216
10218
10227
10230
10231
10233
10234
10235
10237
10242
10245
10249
10254
10260
10263
10265
10266
10268
10269
10271
10286
10287
10298
10301
10304
10306
10307
10312
10317
10322
10323
10326
10330
10336
10337
10342
10343
10344
10345
10347
10348
10350
10354
10358
10359
10361
10365
10367
10371
10383
10384
10388
10389
10390
10392
10399
10403
10404
10406
10410
10413
10422
10426
10428
10434
10443
10445
10447
10449
10450
10455
10470
10471
10473
10474
10479
10480
10482
10485
10488
10490
10491
10494
10495
10497
10501
10505
10513
10519
10533
10538
10543
10545
10552
10558
10560
10562
10565
10571
10573
10580
10585
10591
10592
10595
10600
10607
10610
10613
10616
10622
10625
10627
10629
10632
10635
10636
10640
10644
10647
10654
10667
10668
10672
10674
10675
10684
10692
10693
10695
10699
10702
10705
10715
10717
10722
10723
10728
10730
10731
10733
10734
10743
10745
10751
10753
10761
10764
10767
10768
10771
10773
10774
10775
10776
10777
10779
10781
10782
10784
10786
10788
10790
10791
10792
10793
10797
10798
10799
10801
10804
10806
10808
10809
10810
10813
10814
10815
10823
10826
10827
10830
10833
10834
10836
10838
10841
10845
10846
10853
10857
10860
10864
10869
10871
10873
10877
10879
10881
10892
10893
10898
10900
10905
10909
10912
10913
10915
10917
10920
10927
10936
10938
10941
10942
10944
10945
10949
10962
10964
10969
10971
10972
10973
10978
10979
10994
10995
10999
11000
11003
11005
11019
11021
11025
11035
11036
11041
11044
11046
11051
11052
11061
11064
11065
11068
11079
11082
11086
11087
11090
11092
11094
11101
11107
11108
11115
11116
11123
11125
11126
11127
11131
11134
11138
11139
11140
11141
11143
11144
11145
11146
11147
11151
11154
11157
11160
11163
11166
11171
11181
11182
11183
11194
11195
11197
11204
11208
11210
11212
11218
11221
11225
11238
11240
11241
11248
11250
11251
11256
11259
11266
11270
11285
11289
11299
11306
11312
11314
11316
11317
11322
11323
11326
11331
11344
11345
11348
11351
11353
11371
11387
11388
11390
11392
11393
11395
11399
11400
11402
11403
11404
11405
11406
11409
11410
11411
11413
11414
11417
11418
11422
11426
11439
11442
11448
11449
11454
11455
11458
11459
11460
11464
11469
11472
11480
11500
11502
11503
11508
11511
11512
11513
11523
11529
11533
11535
11541
11543
11545
11546
11547
11549
11552
11553
11554
11557
11558
11561
11564
11568
11572
11573
11574
11577
11578
11582
11583
11585
11587
11603
11605
11606
11607
11613
11618
11619
11624
11627
11632
11634
11639
11640
11642
11643
11648
11660
11679
11682
11685
11700
11702
11713
11717
11719
11723
11724
11726
11728
11729
11731
11732
11735
11739
11740
11744
11747
11763
11780
11787
11797
11799
11807
11809
11813
11814
11824
11826
11829
11833
11836
11837
11844
11847
11851
11855
11863
11866
11876
11884
11890
11903
11908
11910
11917
11927
11939
11940
11941
11946
11955
11959
11961
11963
11968
11969
11971
11973
11976
11978
11980
11993
11996
11999
12007
12013
12015
12018
12027
12037
12046
12057
12062
12064
12069
12079
12080
12085
12090
12100
12104
12112
12118
12121
12122
12123
12127
12128
12130
12133
12134
12135
12138
12139
12140
12141
12142
12144
12146
12147
12150
12151
12158
12161
12164
12166
12172
12175
12176
12178
12179
12180
12184
12187
12189
12191
12194
12195
12199
12205
12210
12213
12219
12221
12224
12227
12229
12230
12236
12239
12243
12246
12247
12252
12257
12263
12267
12271
12276
12280
12281
12282
12288
12293
12296
12297
12309
12310
12315
12316
12318
12319
12321
12325
12328
12331
12339
12341
12353
12354
12355
12356
12358
12359
12364
12371
12373
12382
12385
12387
12403
12405
12408
12414
12415
12419
12427
12428
12431
12434
12436
12442
12445
12460
12470
12482
12491
12499
12504
12506
12510
12511
12512
12515
12520
12521
12522
12523
12527
12532
12539
12548
12550
12554
12559
12561
12562
12564
12567
12568
12579
12584
12587
12606
12635
12638
12645
12650
12658
12659
12660
12665
12676
12677
12680
12682
12683
12687
12699
12701
12702
12705
12707
12710
12714
12715
12716
12733
12736
12738
12739
12741
12745
12748
12752
12775
12782
12792
12793
12796
12798
12799
12810
12817
12828
12840
12843
12857
12868
12870
12876
12879
12891
12892
12898
12904
12905
12908
12912
12914
12917
12925
12927
12930
12950
12953
12954
12962
12965
12966
12980
12985
12989
12990
12992
12994
12998
13001
13012
13014
13016
13017
13019
13020
13034
13035
13059
13061
13069
13074
13076
13080
13085
13088
13092
13097
13101
13103
13106
13113
13119
13125
13129
13131
13133
13134
13137
13138
13141
13143
13144
13150
13151
13152
13158
13164
13167
13168
13174
13176
13189
13190
13202
13203
13208
13209
13213
13216
13224
13227
13231
13232
13246
13248
13252
13253
13255
13265
13267
13269
13275
13279
13281
13282
13284
13291
13295
13297
13302
13304
13306
13310
13313
13314
13317
13322
13327
13329
13331
13334
13337
13339
13343
13354
13361
13363
13368
13369
13374
13378
13382
13385
13389
13397
13399
13402
13409
13415
13419
13423
13430
13433
13436
13441
13447
13455
13462
13483
13485
13488
13491
13507
13511
13514
13517
13519
13520
13523
13525
13527
13535
13538
13545
13546
13559
13560
13562
13567
13572
13577
13578
13579
13584
13600
13602
13609
13611
13617
13623
13628
13629
13634
13637
13647
13650
13654
13655
13656
13661
13663
13673
13674
13680
13681
13684
13685
13687
13688
13689
13690
13691
13692
13701
13705
13711
13713
13716
13718
13724
13742
13745
13746
13747
13748
13753
13754
13760
13763
13768
13770
13771
13776
13791
13793
13806
13808
13811
13813
13817
13844
13848
13849
13854
13856
13857
13858
13863
13868
13873
13877
13881
13888
13892
13893
13903
13904
13909
13912
13913
13917
13920
13926
13934
13942
13949
13958
13959
13960
13964
13969
13978
13980
13981
13986
13989
13990
14000
14001
14003
14012
14014
14033
14034
14038
14039
14042
14047
14049
14065
14070
14071
14087
14096
14100
14105
14108
14109
14114
14117
14121
14126
14131
14132
14133
14150
14153
14161
14168
14169
14172
14173
14174
14187
14203
14204
14207
14223
14244
14245
14248
14252
14282
14289
14293
14304
14322
14334
14337
14344
14364
14374
14378
14383
14386
14392
14400
14404
14413
14427
14443
14447
14467
14471
14474
14483
14490
14512
14521
14535
14541
14557
14558
14559
14564
14574
14581
14585
14594
14601
14612
14614
14615
14619
14626
14628
14645
14646
14648
14651
14655
14657
14659
14664
14665
14666
14670
14679
14680
14708
14712
14719
14720
14723
14726
14733
14734
14736
14741
14746
14747
14749
14752
14754
14757
14758
14763
14764
14765
14766
14769
14773
14776
14777
14780
14785
14792
14793
14794
14803
14804
14806
14812
14814
14822
14825
14829
14831
14834
14838
14841
14850
14852
14858
14861
14864
14872
14873
14880
14881
14884
14888
14889
14890
14901
14904
14909
14915
14918
14919
14921
14927
14929
14935
14944
14945
14949
14952
14953
14957
14968
14974
14978
14982
14983
14986
14987
14988
14989
14991
14996
15000
15001
15007
15015
15016
15020
15034
15035
15047
15051
15053
15054
15055
15059
15066
15082
15083
15086
15089
15090
15095
15097
15100
15108
15109
15110
15116
15117
15135
15148
15149
15153
15155
15157
15158
15159
15170
15172
15179
15180
15184
15186
15195
15197
15210
15212
15214
15216
15219
15222
15223
15226
15229
15242
15243
15246
15252
15266
15275
15277
15278
15279
15280
15287
15293
15300
15310
15317
15319
15322
15330
15332
15338
15340
15346
15347
15348
15367
15371
15373
15382
15388
15393
15395
15421
15424
15427
15435
15436
15443
15444
15451
15455
15462
15465
15468
15478
15479
15491
15492
15505
15507
15514
15520
15524
15530
15533
15534
15540
15545
15557
15563
15570
15574
15576
15591
15595
15596
15597
15599
15600
15610
15626
15657
15663
15666
15668
15677
15681
15682
15683
15689
15706
15709
15712
15714
15730
15734
15735
15742
15749
15754
15759
15763
15764
15765
15767
15771
15777
15780
15782
15783
15847
15849
15854
15859
15861
15865
15870
15872
15877
15881
15882
15883
15887
15898
15904
15906
15912
15914
15925
15934
15939
15954
15970
15973
15981
15991
16001
16012
16019
16035
16037
16042
16056
16057
16059
16062
16063
16071
16075
16085
16089
16099
16112
16117
16131
16133
16152
16153
16154
16160
16162
16164
16167
16173
16181
16185
16202
16203
16227
16240
16259
16262
16269
16276
16296
16299
16300
16311
16320
16333
16339
16340
16356
16357
16365
16372
16373
16375
16377
16394
16397
16399
16405
16409
16424
16429
16439
16449
16450
16454
16458
16464
16478
16488
16489
16491
16494
16496
16499
16500
16504
16505
16506
16516
16518
16520
16521
16523
16524
16529
16534
16542
16567
16568
16577
16578
16590
16602
16604
16609
16624
16636
16646
16647
16662
16676
16685
16694
16704
16710
16713
16716
16733
16758
16762
16771
16772
16785
16792
16805
16808
16811
16814
16827
16830
16842
16855
16858
16861
16862
16871
16873
16878
16888
16894
16895
16897
16920
16922
16924
16925
16934
16937
16941
16949
16952
16960
16963
16965
16969
16989
16999
17009
17021
17023
17030
17036
17037
17055
17056
17061
17066
17072
17076
17097
17102
17116
17122
17125
17132
17134
17141
17153
17159
17165
17169
17186
17196
17221
17242
17250
17251
17252
17254
17255
17256
17257
17259
17261
17265
17267
17271
17273
17274
17275
17276
17278
17280
17282
17283
17285
17286
17287
17288
17289
17290
17291
17292
17294
17296
17297
17298
17299
17301
17303
17305
17306
17310
17320
17322
17323
17343
17357
17381
17384
17405
17412
17416
17423
17425
17430
17432
17438
17455
17459
17464
17490
17493
17497
17506
17508
17513
17514
17515
17518
17521
17539
17548
17554
17559
17566
17570
17575
17606
17614
17629
17630
17633
17640
17661
17668
17691
17749
17768
17777
17787
17795
17801
17820
17821
17824
17826
17849
17853
17877
17878
17887
17890
17897
17929
17931
17934
17942
17945
17949
17950
17953
17972
17974
17988
18009
18017
18020
18041
18052
18055
18057
18060
18061
18063
18065
18068
18069
18071
18074
18077
18078
18081
18082
18085
18087
18088
18092
18093
18096
18100
18104
18105
18106
18107
18108
18110
18111
18112
18113
18114
18115
18116
18118
18119
18120
18121
18123
18124
18125
18126
18130
18131
18132
18133
18135
18136
18137
18139
18140
18141
18143
18144
18145
18146
18149
18151
18152
18156
18161
18162
18163
18167
18173
18174
18176
18177
18179
18180
18181
18182
18184
18185
18186
18187
18198
18201
18204
18205
18207
18208
18209
18210
18212
18213
18214
18215
18216
18217
18218
18219
18220
18221
18222
18223
18224
18225
18226
18227
18228
18229
18230
18237
18239
18241
18247
18261
18263
18266
18275
18293
18294
18296
18298
18302
18304
18309
18312
18320
18326
18328
18342
18344
18349
18350
18351
18352
18355
18364
18365
18367
18368
18375
18379
18381
18391
18400
18401
18404
18410
18412
18413
18433
18443
18444
18460
18465
18469
18473
18481
18484
18487
18497
18503
18518
18520
18534
18537
18557
18558
18595
18605
18607
18612
18615
18621
18629
18636
18643
18644
18650
18653
18660
18668
18677
18678
18680
18683
18690
18693
18700
18701
18702
18703
18707
18730
18737
18743
18759
18773
18778
18808
18821
18839
18845
18861
18863
18864
18868
18874
18882
18886
18892
18893
18896
18933
18935
18938
18950
18952
18956
18979
18980
18984
18985
18986
18993
18994
18997
19012
19022
19023
19042
19089
19114
19124
19128
19131
19133
19136
19140
19141
19150
19182
19198
19225
19229
19320
19375
19410
19445
19554
19582
19594
19640
19644
19671
19673
19674
