7
10
11
23
39
54
60
64
67
68
74
75
83
88
108
119
130
131
137
138
167
189
193
215
217
219
237
262
308
317
338
367
387
399
400
422
427
431
439
451
474
481
482
504
508
513
533
537
538
549
554
559
569
579
582
589
597
619
625
650
656
673
681
694
697
698
708
710
736
737
739
758
765
770
793
795
804
811
815
817
862
879
885
904
912
918
923
942
946
954
960
978
1006
1014
1025
1034
1069
1074
1077
1084
1098
1108
1110
1123
1126
1127
1144
1145
1165
1199
1213
1230
1268
1274
1279
1323
1338
1347
1362
1373
1375
1396
1404
1407
1443
1468
1474
1479
1480
1507
1526
1563
1579
1593
1610
1616
1627
1655
1679
1705
1706
1729
1736
1773
1795
1798
1830
1860
1864
1872
1880
1904
1920
1925
1930
1945
1950
1956
1958
1972
1973
1977
1982
1983
1985
1986
2025
2037
2067
2069
2099
2111
2124
2141
2145
2168
2177
2205
2214
2232
2337
2366
2376
2408
2444
2455
2466
2494
2517
2539
2548
2552
2559
2562
2568
2571
2581
2582
2584
2593
2595
2618
2624
2642
2645
2648
2658
2662
2666
2669
2682
2688
2694
2702
2727
2729
2747
2758
2759
2766
2775
2809
2821
2829
2830
2851
2859
2899
2902
2939
2941
2945
2954
2965
2994
3012
3013
3031
3065
3094
3107
3126
3127
3134
3156
3161
3175
3210
3211
3232
3250
3253
3254
3267
3292
3295
3317
3323
3331
3340
3373
3376
3390
3403
3405
3407
3422
3425
3462
3466
3471
3472
3474
3484
3487
3489
3516
3525
3552
3556
3569
3573
3583
3598
3604
3609
3620
3623
3625
3630
3648
3675
3688
3693
3700
3702
3731
3733
3758
3763
3766
3767
3803
3819
3823
3840
3845
3846
3864
3887
3894
3911
3940
3971
3993
4027
4033
4045
4090
4103
4111
4112
4145
4146
4149
4152
4153
4170
4191
4197
4228
4234
4250
4274
4313
4359
4387
4389
4453
4455
4533
4539
4540
4543
4549
4563
4579
4595
4628
4633
4666
4723
4742
4765
4790
4816
4846
4850
4887
4910
4955
4975
4988
4994
5013
5019
5036
5040
5051
5054
5056
5069
5075
5114
5125
5127
5247
5263
5271
5282
5300
5326
5369
5382
5388
5412
5447
5464
5470
5489
5491
5499
5519
5520
5521
5535
5563
5636
5673
5675
5686
5719
5734
5760
5764
5779
5804
5841
5851
5903
5959
5966
5992
6001
6013
6050
6073
6081
6092
6137
6150
6161
6164
6193
6204
6212
6217
6241
6249
6272
6274
6342
6353
6427
6481
6537
6586
6599
6665
6673
6687
6703
6704
6772
6799
6801
6807
6874
6881
6886
6900
6903
6915
6922
6965
6977
6992
7046
7049
7055
7064
7065
7073
7095
7103
7112
7126
7136
7141
7229
7232
7239
7241
7254
7284
7303
7321
7333
7362
7378
7379
7382
7394
7405
7437
7482
7538
7572
7573
7588
7617
7635
7636
7641
7657
7665
7666
7670
7704
7715
7722
7785
7794
7803
7816
7825
7836
7917
7920
7950
7953
7959
7976
7980
7981
8051
8074
8078
8115
8118
8119
8161
8192
8280
8300
8317
8365
8366
8368
8373
8390
8426
8437
8449
8461
8472
8481
8497
8508
8513
8605
8635
8655
8699
8705
8732
8733
8770
8827
8847
8857
8882
8917
8923
8934
9013
9024
9027
9044
9061
9096
9109
9110
9113
9199
9207
9208
9211
9215
9236
9239
9252
9263
9283
9289
9373
9402
9445
9468
9476
9499
9522
9526
9530
9557
9561
9610
9635
9669
9670
9694
9724
9752
9768
9817
9911
9915
9941
9953
9980
10023
10032
10080
10096
10159
10181
10218
10244
10295
10355
10365
10399
10499
10587
10622
10664
10672
10716
10761
10785
10788
10789
10790
10791
10795
10849
10938
10961
11042
11127
11153
11331
11359
11418
11426
11578
11582
11644
11707
11797
11810
11813
11911
12123
12128
12139
12169
12180
12252
12263
12264
12323
12346
12499
12650
12873
12914
12962
12963
13068
13253
13267
13295
13306
13312
13368
13415
13528
13562
13571
13579
13617
13776
13997
14065
14239
14648
14780
14829
14838
14848
14878
14887
14925
15039
15058
15071
15108
15134
15210
15220
15298
15350
15409
15463
15597
15629
15737
16152
16449
16644
16679
16719
16918
16950
17253
17258
17285
17325
17425
17490
17934
18017
18068
18133
18140
18175
18176
18181
18187
18192
18203
18206
18263
18350
18437
18541
18839
18968
19009
19225
19716
