0
1
3
4
5
6
7
8
9
10
11
12
13
15
16
17
18
20
21
22
23
24
26
27
28
29
30
31
32
33
35
36
37
39
40
41
42
43
45
46
47
48
50
51
53
54
55
56
57
58
59
60
61
62
63
64
65
66
67
68
69
70
71
72
73
74
75
76
77
78
79
81
82
83
84
85
86
87
88
89
90
91
92
93
94
95
96
97
98
99
100
101
103
105
106
107
108
109
110
111
112
113
114
115
116
117
118
119
120
122
123
124
125
126
127
128
129
130
131
132
133
134
135
136
137
138
140
141
142
143
144
145
146
147
148
149
150
151
152
153
154
155
156
157
158
159
160
162
163
166
167
168
170
171
172
173
174
175
177
178
179
180
181
182
183
185
186
187
188
189
191
193
194
196
197
198
199
200
201
202
203
204
205
206
207
208
209
210
211
212
213
214
215
216
217
218
219
221
222
223
224
225
226
227
228
229
230
233
234
235
236
237
239
240
241
242
243
244
247
248
250
254
255
256
257
258
260
261
262
263
264
265
267
268
270
271
272
273
275
276
278
279
280
281
282
283
284
285
286
287
288
289
290
293
294
295
296
297
299
300
301
302
303
304
305
307
308
310
312
313
314
315
317
319
320
321
322
323
325
326
328
329
330
334
337
338
339
340
341
342
343
344
345
346
347
349
350
351
352
353
354
355
356
357
358
359
360
361
362
363
364
365
366
367
368
369
370
371
372
373
374
375
376
377
378
379
380
381
383
384
385
386
387
388
389
390
391
393
394
397
398
400
401
402
403
404
405
406
407
408
409
410
411
413
415
416
417
418
419
420
421
422
423
424
425
426
427
428
430
431
432
433
434
435
436
437
438
439
440
441
442
445
446
447
448
449
450
451
453
454
455
457
458
459
460
461
463
464
465
466
467
468
469
470
471
473
474
475
477
479
480
481
482
483
485
488
489
490
491
492
493
494
495
497
498
500
501
502
503
504
505
506
508
509
510
511
513
514
516
517
518
519
520
521
522
523
525
526
527
529
532
533
534
535
536
537
538
539
540
541
542
543
544
545
546
548
549
550
551
552
553
554
555
556
557
558
559
561
563
564
565
566
567
568
569
571
573
574
575
576
579
581
582
583
584
585
586
587
588
589
590
591
592
593
594
595
596
597
599
600
601
602
603
604
606
607
608
609
610
611
612
614
615
616
617
618
619
620
621
622
623
624
625
626
628
631
632
633
634
635
636
637
638
639
640
641
645
646
647
648
649
650
651
652
653
654
655
656
657
658
659
662
663
664
665
666
667
668
670
671
672
673
675
676
678
679
680
681
682
683
684
685
686
687
688
689
690
692
693
694
695
696
697
698
700
701
702
703
704
706
707
708
709
710
711
712
714
715
717
718
719
720
721
722
723
724
725
726
727
728
729
731
732
733
734
735
736
737
738
739
740
741
743
744
746
748
749
750
751
752
753
754
755
756
757
758
759
761
763
765
767
768
770
772
773
774
775
777
778
779
780
781
782
783
785
786
787
788
789
790
791
792
793
794
795
796
798
799
800
801
803
804
805
806
807
810
811
812
814
815
816
817
819
820
821
822
823
824
825
826
827
830
831
832
834
835
836
837
839
840
842
843
844
846
847
848
849
850
853
854
855
856
857
858
859
860
861
862
863
864
865
867
868
869
870
871
872
873
874
875
876
877
878
879
880
881
883
884
885
886
887
888
889
891
892
893
894
895
896
897
898
900
901
902
903
904
905
906
908
909
911
912
913
917
918
919
920
921
922
924
925
926
927
928
929
930
931
932
933
934
935
936
937
938
940
941
942
943
944
945
946
947
948
949
950
951
952
953
955
956
957
958
960
961
963
964
965
966
967
968
969
971
973
974
975
976
977
978
979
980
983
984
986
987
988
990
991
992
994
995
996
997
998
999
1001
1002
1003
1004
1005
1006
1008
1009
1011
1012
1013
1014
1015
1016
1018
1019
1022
1023
1024
1025
1027
1028
1029
1030
1031
1032
1033
1034
1035
1036
1037
1038
1040
1041
1043
1044
1045
1046
1049
1050
1051
1052
1055
1056
1057
1060
1061
1062
1063
1064
1065
1067
1068
1069
1070
1071
1073
1074
1076
1077
1078
1079
1081
1082
1083
1084
1085
1086
1088
1089
1091
1092
1096
1097
1098
1099
1101
1102
1103
1104
1105
1106
1107
1108
1109
1110
1111
1112
1113
1120
1121
1122
1123
1124
1125
1126
1127
1128
1129
1131
1132
1133
1135
1136
1137
1138
1139
1141
1142
1143
1144
1145
1146
1147
1148
1149
1150
1152
1153
1155
1156
1157
1158
1159
1161
1162
1163
1164
1165
1166
1167
1168
1172
1174
1178
1179
1180
1181
1183
1184
1185
1186
1187
1188
1189
1190
1191
1192
1194
1195
1196
1198
1199
1200
1201
1202
1206
1207
1208
1209
1210
1211
1213
1214
1215
1216
1217
1219
1220
1223
1224
1225
1226
1227
1228
1229
1231
1232
1233
1234
1235
1236
1237
1241
1242
1244
1245
1246
1248
1249
1250
1251
1253
1254
1255
1256
1257
1258
1261
1265
1267
1268
1269
1271
1272
1274
1275
1276
1277
1278
1279
1280
1283
1285
1286
1287
1288
1290
1291
1292
1293
1294
1295
1296
1297
1299
1300
1301
1302
1303
1304
1305
1306
1308
1309
1310
1312
1313
1316
1319
1320
1321
1322
1323
1327
1328
1329
1331
1333
1334
1335
1338
1339
1340
1344
1347
1348
1349
1350
1351
1352
1353
1354
1355
1356
1358
1360
1362
1364
1365
1367
1368
1369
1370
1372
1373
1375
1378
1379
1380
1381
1384
1385
1386
1387
1389
1390
1392
1398
1399
1400
1401
1402
1403
1404
1406
1408
1409
1410
1411
1413
1414
1416
1417
1418
1419
1421
1422
1425
1426
1427
1429
1432
1433
1434
1435
1436
1437
1439
1440
1441
1442
1443
1444
1446
1447
1448
1449
1450
1451
1453
1455
1456
1457
1458
1459
1463
1464
1465
1466
1467
1468
1469
1470
1471
1472
1473
1474
1475
1478
1479
1480
1481
1483
1484
1485
1487
1488
1489
1490
1491
1492
1493
1494
1495
1496
1497
1498
1500
1502
1503
1504
1505
1507
1508
1509
1513
1514
1515
1516
1518
1519
1521
1522
1523
1524
1526
1527
1529
1531
1535
1536
1540
1541
1543
1545
1546
1547
1548
1549
1550
1551
1552
1553
1554
1556
1559
1560
1562
1563
1565
1566
1567
1568
1570
1571
1572
1573
1575
1576
1577
1579
1580
1581
1584
1585
1587
1589
1590
1591
1592
1593
1595
1596
1598
1599
1600
1603
1606
1609
1610
1611
1613
1616
1618
1619
1620
1622
1623
1624
1625
1628
1629
1630
1632
1633
1635
1636
1637
1639
1640
1641
1643
1644
1645
1646
1647
1651
1652
1653
1654
1655
1656
1657
1658
1659
1660
1661
1662
1663
1664
1667
1668
1669
1670
1671
1672
1673
1674
1677
1678
1679
1680
1683
1684
1686
1687
1688
1689
1690
1692
1693
1694
1695
1696
1697
1699
1703
1705
1706
1707
1708
1709
1710
1711
1712
1713
1714
1716
1717
1719
1720
1722
1723
1725
1726
1727
1728
1729
1731
1732
1733
1736
1737
1739
1742
1744
1745
1746
1747
1748
1749
1752
1755
1756
1757
1758
1759
1760
1761
1762
1763
1764
1765
1766
1768
1769
1770
1771
1772
1773
1774
1777
1778
1782
1783
1784
1787
1788
1789
1791
1792
1794
1795
1798
1799
1802
1805
1808
1809
1810
1811
1812
1813
1815
1817
1818
1819
1820
1821
1822
1826
1828
1830
1832
1833
1835
1836
1838
1841
1843
1844
1845
1847
1848
1850
1851
1852
1853
1855
1856
1857
1859
1863
1864
1866
1867
1868
1869
1870
1873
1874
1875
1876
1877
1880
1881
1882
1884
1886
1891
1892
1894
1896
1900
1901
1902
1904
1905
1907
1908
1909
1912
1913
1915
1917
1918
1919
1920
1922
1923
1924
1925
1927
1929
1931
1932
1933
1935
1937
1938
1939
1940
1941
1942
1944
1945
1946
1947
1948
1950
1951
1953
1955
1956
1957
1958
1959
1960
1961
1962
1964
1965
1966
1967
1968
1969
1970
1971
1972
1973
1974
1976
1977
1979
1980
1982
1983
1984
1985
1986
1989
1990
1991
1994
1996
1997
2003
2004
2005
2006
2008
2009
2010
2011
2012
2013
2015
2016
2017
2018
2019
2020
2021
2022
2024
2025
2026
2027
2028
2029
2030
2032
2033
2034
2035
2036
2037
2038
2039
2041
2043
2044
2046
2047
2048
2049
2050
2052
2053
2054
2055
2056
2057
2059
2062
2063
2064
2065
2066
2067
2068
2069
2070
2073
2074
2075
2076
2078
2079
2085
2087
2088
2089
2090
2091
2092
2093
2095
2098
2099
2100
2101
2103
2104
2105
2106
2107
2109
2111
2113
2114
2115
2119
2123
2124
2125
2127
2128
2129
2130
2132
2133
2134
2136
2137
2140
2141
2143
2144
2145
2146
2150
2154
2155
2156
2157
2158
2159
2160
2162
2164
2165
2166
2167
2168
2169
2170
2172
2174
2175
2176
2177
2178
2179
2180
2183
2185
2186
2189
2190
2191
2192
2193
2194
2195
2196
2197
2198
2199
2200
2201
2202
2204
2205
2207
2208
2209
2214
2216
2219
2220
2222
2223
2224
2225
2227
2229
2231
2232
2233
2235
2238
2239
2240
2242
2244
2246
2247
2248
2249
2250
2251
2253
2254
2255
2256
2257
2258
2260
2263
2264
2265
2266
2268
2269
2270
2271
2273
2276
2277
2279
2281
2284
2288
2290
2292
2293
2296
2297
2298
2300
2301
2303
2305
2307
2308
2309
2310
2311
2313
2315
2316
2318
2320
2321
2322
2323
2324
2327
2328
2329
2330
2331
2332
2333
2335
2336
2337
2338
2341
2343
2344
2345
2348
2350
2352
2354
2355
2359
2361
2363
2364
2365
2366
2367
2368
2369
2370
2371
2372
2373
2375
2376
2378
2379
2380
2381
2385
2386
2387
2388
2389
2392
2393
2394
2395
2398
2399
2402
2403
2406
2407
2408
2410
2412
2415
2416
2417
2418
2421
2422
2423
2424
2425
2426
2427
2429
2430
2432
2434
2435
2436
2438
2440
2441
2442
2443
2444
2445
2446
2448
2450
2452
2453
2454
2455
2457
2459
2460
2463
2464
2466
2467
2470
2472
2473
2475
2477
2480
2481
2482
2484
2486
2487
2488
2489
2490
2491
2492
2493
2494
2495
2496
2498
2499
2500
2501
2502
2503
2504
2505
2507
2508
2509
2510
2511
2513
2514
2515
2516
2517
2518
2519
2521
2522
2523
2524
2525
2526
2528
2529
2531
2532
2533
2535
2536
2537
2539
2540
2543
2545
2546
2547
2548
2549
2550
2551
2552
2553
2555
2556
2557
2558
2559
2560
2561
2562
2563
2564
2565
2566
2567
2568
2569
2570
2571
2573
2574
2575
2578
2581
2582
2583
2584
2585
2586
2587
2588
2590
2592
2593
2594
2595
2596
2597
2598
2599
2600
2601
2602
2603
2604
2605
2606
2607
2608
2609
2610
2611
2612
2613
2615
2616
2619
2620
2621
2622
2623
2624
2625
2627
2628
2629
2633
2634
2635
2636
2637
2640
2641
2642
2643
2644
2645
2646
2647
2648
2649
2650
2651
2652
2656
2657
2658
2659
2660
2661
2662
2663
2664
2665
2666
2667
2669
2670
2671
2672
2673
2674
2675
2676
2677
2678
2679
2680
2681
2682
2683
2684
2685
2686
2687
2688
2689
2690
2691
2692
2693
2694
2696
2697
2698
2700
2702
2703
2704
2705
2706
2707
2708
2709
2710
2711
2712
2713
2714
2715
2717
2718
2720
2721
2722
2723
2724
2725
2726
2727
2729
2732
2733
2734
2736
2737
2738
2739
2740
2742
2746
2747
2748
2749
2752
2754
2755
2757
2758
2759
2760
2761
2762
2763
2765
2766
2769
2770
2771
2773
2774
2775
2776
2777
2778
2779
2780
2781
2782
2783
2784
2786
2787
2788
2789
2790
2792
2793
2794
2795
2796
2798
2799
2800
2801
2802
2803
2805
2807
2808
2809
2810
2811
2812
2813
2814
2816
2817
2818
2819
2820
2821
2822
2823
2824
2825
2826
2827
2828
2829
2830
2832
2833
2835
2836
2837
2838
2839
2840
2843
2844
2845
2846
2848
2850
2851
2852
2853
2854
2855
2856
2857
2859
2860
2861
2862
2863
2864
2865
2866
2867
2868
2869
2870
2871
2873
2875
2876
2877
2878
2879
2882
2883
2885
2889
2890
2892
2893
2894
2895
2896
2897
2898
2899
2900
2901
2902
2903
2904
2905
2906
2907
2908
2909
2910
2912
2914
2915
2916
2918
2919
2920
2921
2922
2924
2926
2927
2928
2929
2930
2931
2932
2933
2934
2935
2938
2939
2940
2941
2942
2943
2945
2946
2947
2948
2949
2950
2951
2952
2953
2954
2955
2956
2959
2960
2961
2962
2963
2964
2965
2967
2968
2970
2971
2972
2973
2974
2975
2976
2977
2978
2979
2980
2982
2983
2984
2985
2987
2988
2989
2991
2992
2994
2996
2997
2998
2999
3000
3001
3002
3003
3004
3006
3007
3008
3010
3011
3012
3013
3015
3016
3017
3018
3019
3020
3021
3022
3023
3025
3026
3028
3029
3030
3031
3032
3033
3034
3035
3036
3037
3040
3042
3044
3046
3047
3048
3049
3050
3051
3052
3053
3056
3057
3058
3059
3060
3061
3064
3065
3066
3067
3068
3069
3070
3071
3073
3075
3076
3077
3078
3079
3082
3083
3084
3085
3086
3087
3088
3090
3091
3092
3094
3095
3096
3097
3098
3099
3100
3103
3104
3105
3106
3107
3108
3110
3111
3112
3113
3114
3115
3116
3117
3118
3119
3123
3124
3125
3126
3127
3128
3130
3131
3132
3133
3134
3136
3137
3138
3139
3140
3141
3143
3144
3145
3146
3149
3150
3151
3152
3153
3154
3155
3156
3157
3158
3160
3161
3162
3163
3164
3165
3166
3168
3169
3170
3171
3172
3174
3176
3177
3179
3180
3181
3182
3183
3184
3185
3186
3187
3188
3189
3190
3191
3192
3193
3194
3195
3196
3197
3200
3201
3203
3204
3205
3206
3207
3208
3209
3210
3211
3212
3213
3214
3215
3216
3217
3218
3219
3222
3223
3225
3226
3227
3228
3230
3231
3232
3233
3234
3235
3237
3238
3239
3240
3241
3242
3243
3244
3245
3248
3249
3250
3251
3253
3254
3255
3256
3257
3258
3259
3260
3261
3262
3263
3264
3265
3266
3267
3268
3269
3270
3271
3272
3274
3275
3276
3277
3278
3279
3281
3283
3284
3285
3286
3287
3288
3289
3290
3291
3292
3293
3296
3297
3298
3299
3301
3302
3305
3308
3309
3310
3311
3313
3314
3315
3316
3317
3319
3320
3322
3323
3324
3325
3328
3329
3330
3331
3332
3334
3336
3337
3339
3340
3341
3342
3343
3345
3346
3347
3348
3349
3350
3353
3354
3355
3356
3357
3358
3359
3361
3364
3365
3366
3367
3368
3369
3370
3371
3372
3373
3375
3376
3377
3378
3379
3380
3382
3383
3384
3385
3386
3387
3388
3389
3390
3394
3395
3397
3398
3399
3400
3401
3402
3403
3404
3405
3406
3407
3408
3409
3410
3412
3413
3414
3415
3416
3417
3418
3419
3420
3421
3422
3423
3424
3426
3428
3429
3431
3432
3433
3435
3436
3437
3438
3439
3441
3442
3443
3444
3445
3447
3448
3450
3451
3452
3453
3454
3455
3456
3457
3459
3460
3461
3462
3463
3464
3465
3466
3467
3468
3469
3470
3471
3472
3473
3474
3475
3476
3477
3478
3479
3480
3482
3483
3484
3485
3486
3487
3488
3489
3491
3492
3493
3494
3495
3496
3497
3498
3499
3500
3502
3503
3504
3505
3506
3507
3509
3510
3511
3512
3513
3514
3515
3516
3517
3518
3519
3520
3521
3522
3523
3524
3525
3526
3527
3528
3529
3530
3532
3533
3534
3536
3537
3538
3539
3540
3541
3542
3543
3544
3545
3547
3548
3549
3550
3551
3552
3553
3554
3555
3556
3557
3558
3559
3560
3562
3563
3565
3566
3567
3568
3570
3571
3572
3573
3574
3575
3576
3578
3579
3580
3581
3582
3583
3584
3585
3589
3590
3591
3592
3593
3594
3596
3597
3598
3599
3600
3601
3602
3603
3604
3605
3606
3607
3608
3609
3610
3611
3612
3613
3614
3615
3616
3619
3620
3621
3623
3624
3625
3626
3627
3629
3630
3632
3633
3634
3635
3637
3638
3639
3641
3642
3643
3644
3645
3646
3647
3648
3650
3651
3652
3653
3654
3655
3656
3658
3659
3661
3662
3665
3666
3667
3668
3670
3673
3675
3676
3677
3678
3679
3680
3681
3682
3683
3685
3687
3689
3690
3691
3692
3693
3694
3695
3696
3697
3698
3699
3700
3701
3702
3703
3704
3705
3706
3707
3708
3709
3710
3711
3713
3714
3715
3716
3717
3718
3719
3720
3721
3722
3723
3724
3725
3726
3727
3729
3730
3731
3732
3733
3734
3735
3737
3738
3739
3740
3741
3742
3743
3744
3746
3748
3749
3751
3752
3753
3755
3756
3757
3758
3759
3760
3761
3763
3764
3766
3767
3768
3769
3770
3771
3772
3773
3774
3776
3777
3779
3780
3782
3784
3785
3786
3788
3789
3790
3791
3793
3794
3795
3796
3797
3799
3800
3801
3802
3803
3804
3806
3808
3809
3810
3812
3813
3814
3815
3816
3818
3819
3820
3821
3822
3823
3824
3825
3826
3827
3828
3829
3830
3831
3833
3834
3835
3837
3839
3840
3841
3843
3844
3845
3846
3847
3848
3849
3850
3851
3853
3854
3855
3856
3857
3858
3859
3860
3861
3862
3863
3864
3865
3866
3867
3868
3869
3870
3871
3872
3873
3874
3879
3880
3881
3882
3884
3886
3887
3888
3890
3891
3892
3893
3894
3896
3897
3898
3899
3900
3901
3902
3906
3908
3909
3911
3912
3913
3915
3918
3919
3921
3922
3923
3924
3926
3927
3929
3930
3931
3933
3934
3935
3936
3937
3938
3939
3940
3941
3942
3943
3944
3945
3946
3947
3953
3954
3955
3956
3957
3958
3959
3960
3961
3962
3963
3967
3968
3969
3970
3971
3972
3974
3976
3977
3979
3980
3981
3982
3983
3984
3987
3988
3989
3991
3993
3994
3995
3996
3997
3998
3999
4000
4001
4005
4006
4007
4008
4009
4010
4012
4013
4014
4016
4017
4018
4019
4020
4022
4023
4024
4026
4027
4030
4032
4033
4034
4035
4036
4038
4039
4040
4042
4043
4044
4045
4046
4048
4053
4054
4055
4056
4059
4060
4062
4064
4066
4067
4070
4071
4072
4073
4074
4075
4077
4079
4080
4082
4083
4084
4085
4086
4087
4088
4089
4090
4092
4093
4094
4095
4096
4097
4098
4099
4100
4101
4103
4104
4105
4106
4107
4108
4109
4110
4111
4112
4113
4114
4116
4117
4118
4119
4120
4122
4123
4124
4125
4126
4127
4128
4129
4131
4134
4136
4137
4138
4139
4140
4141
4145
4146
4147
4148
4149
4150
4153
4154
4155
4156
4157
4158
4159
4160
4162
4164
4165
4166
4169
4171
4172
4173
4174
4175
4176
4177
4178
4179
4180
4181
4183
4184
4185
4186
4187
4188
4189
4190
4191
4192
4194
4195
4196
4197
4198
4199
4200
4201
4203
4205
4206
4208
4209
4211
4212
4214
4215
4216
4217
4218
4219
4220
4221
4222
4223
4224
4226
4228
4229
4230
4231
4232
4236
4237
4238
4239
4240
4241
4242
4243
4245
4250
4252
4253
4254
4255
4256
4257
4258
4259
4261
4264
4265
4266
4267
4268
4269
4270
4271
4272
4273
4274
4275
4276
4278
4280
4281
4284
4286
4287
4289
4290
4291
4292
4293
4294
4297
4298
4299
4300
4301
4302
4303
4304
4305
4306
4308
4309
4310
4311
4312
4313
4314
4315
4316
4317
4321
4322
4323
4324
4325
4326
4328
4329
4330
4331
4334
4335
4336
4337
4338
4339
4340
4345
4347
4348
4349
4350
4351
4352
4353
4354
4355
4356
4357
4358
4359
4360
4362
4363
4364
4368
4369
4370
4371
4372
4373
4374
4375
4376
4378
4381
4382
4383
4384
4385
4387
4388
4389
4390
4391
4392
4393
4394
4395
4396
4397
4398
4399
4400
4401
4402
4403
4404
4405
4406
4407
4408
4409
4411
4412
4413
4415
4418
4420
4421
4422
4424
4425
4426
4427
4428
4430
4434
4437
4438
4439
4440
4441
4444
4445
4446
4447
4448
4449
4451
4452
4453
4454
4455
4456
4458
4459
4464
4465
4466
4467
4468
4469
4470
4472
4473
4474
4476
4478
4479
4480
4481
4482
4483
4484
4486
4487
4488
4489
4490
4491
4492
4493
4494
4495
4496
4497
4502
4506
4509
4510
4511
4513
4514
4515
4516
4517
4518
4519
4523
4524
4527
4528
4529
4530
4531
4532
4533
4534
4535
4536
4539
4542
4543
4544
4545
4546
4549
4551
4552
4554
4555
4556
4557
4558
4559
4560
4561
4562
4563
4565
4566
4567
4568
4569
4571
4572
4574
4575
4576
4577
4578
4579
4580
4582
4584
4585
4587
4588
4590
4591
4592
4593
4594
4595
4596
4597
4599
4600
4603
4604
4605
4607
4610
4611
4612
4613
4614
4615
4618
4619
4620
4621
4622
4625
4626
4628
4629
4630
4631
4632
4633
4634
4635
4636
4639
4640
4642
4643
4645
4646
4647
4649
4650
4651
4652
4655
4658
4659
4660
4662
4663
4666
4668
4669
4670
4671
4673
4674
4676
4677
4678
4679
4683
4684
4685
4687
4688
4689
4690
4691
4692
4693
4694
4695
4696
4698
4699
4701
4702
4703
4704
4705
4706
4707
4708
4709
4710
4712
4713
4714
4715
4716
4717
4718
4719
4721
4722
4723
4724
4725
4726
4727
4728
4730
4731
4733
4734
4735
4742
4743
4745
4746
4747
4750
4751
4752
4753
4755
4756
4757
4758
4759
4760
4763
4765
4766
4768
4769
4770
4772
4774
4776
4777
4778
4779
4780
4781
4782
4784
4787
4788
4790
4791
4794
4797
4798
4799
4800
4801
4802
4803
4804
4805
4806
4807
4808
4809
4810
4811
4812
4813
4814
4815
4816
4817
4820
4821
4822
4826
4827
4828
4829
4830
4831
4833
4834
4835
4836
4837
4838
4839
4840
4841
4843
4844
4845
4846
4847
4850
4851
4853
4857
4859
4860
4861
4862
4863
4864
4865
4866
4868
4869
4871
4872
4873
4874
4875
4876
4878
4879
4881
4882
4883
4884
4886
4887
4888
4889
4890
4891
4894
4895
4896
4898
4899
4900
4902
4903
4904
4906
4907
4908
4909
4910
4912
4913
4914
4915
4916
4917
4918
4919
4920
4921
4923
4924
4927
4928
4929
4930
4931
4932
4935
4937
4939
4940
4941
4942
4943
4946
4948
4952
4953
4955
4957
4958
4959
4961
4962
4963
4964
4967
4968
4969
4970
4971
4972
4973
4976
4978
4979
4980
4981
4984
4987
4988
4990
4991
4993
4994
4996
4997
4998
4999
5001
5002
5005
5006
5007
5008
5009
5010
5011
5013
5016
5017
5019
5021
5022
5026
5028
5030
5033
5034
5035
5036
5038
5040
5041
5042
5045
5047
5048
5049
5050
5051
5052
5054
5055
5056
5060
5061
5062
5064
5065
5066
5068
5070
5071
5072
5074
5075
5076
5077
5081
5082
5083
5084
5087
5088
5089
5090
5092
5093
5095
5097
5098
5099
5100
5101
5102
5104
5105
5106
5108
5110
5111
5112
5114
5116
5119
5122
5123
5124
5125
5126
5129
5133
5134
5135
5136
5138
5144
5147
5148
5151
5152
5153
5154
5156
5157
5158
5160
5161
5166
5167
5169
5170
5171
5172
5174
5175
5176
5179
5181
5182
5184
5186
5187
5188
5190
5192
5193
5194
5195
5196
5197
5198
5200
5203
5204
5205
5206
5215
5218
5220
5222
5223
5224
5226
5228
5229
5230
5231
5233
5234
5235
5236
5238
5240
5242
5243
5244
5246
5247
5248
5249
5252
5254
5255
5257
5258
5261
5262
5263
5264
5265
5267
5268
5269
5270
5271
5272
5273
5274
5275
5277
5279
5280
5282
5285
5286
5287
5288
5291
5292
5293
5294
5295
5298
5300
5301
5302
5304
5305
5309
5310
5311
5312
5313
5315
5316
5317
5318
5321
5322
5323
5326
5327
5328
5329
5330
5331
5333
5335
5337
5338
5339
5340
5341
5342
5343
5344
5349
5351
5352
5354
5356
5357
5358
5359
5360
5361
5362
5363
5366
5367
5368
5369
5370
5371
5372
5374
5375
5376
5379
5380
5382
5384
5385
5387
5388
5389
5392
5395
5397
5399
5400
5401
5402
5403
5404
5405
5408
5409
5410
5412
5413
5416
5417
5418
5419
5421
5422
5423
5425
5428
5429
5431
5432
5433
5435
5436
5437
5438
5440
5441
5442
5446
5447
5448
5449
5450
5452
5453
5454
5455
5456
5457
5458
5460
5461
5462
5463
5464
5465
5466
5468
5470
5471
5472
5473
5474
5475
5476
5477
5478
5479
5480
5481
5482
5483
5484
5486
5487
5488
5489
5490
5491
5493
5494
5495
5497
5498
5499
5500
5502
5503
5504
5505
5508
5509
5511
5512
5513
5515
5516
5517
5519
5520
5521
5522
5523
5526
5528
5529
5530
5531
5533
5534
5535
5536
5540
5541
5544
5545
5548
5549
5550
5551
5553
5558
5559
5560
5562
5563
5564
5565
5566
5567
5568
5569
5570
5571
5572
5573
5574
5576
5577
5579
5580
5581
5582
5583
5584
5585
5586
5587
5588
5589
5590
5591
5592
5593
5594
5595
5598
5599
5601
5602
5603
5604
5605
5606
5608
5609
5611
5613
5614
5615
5616
5620
5621
5623
5624
5625
5626
5627
5629
5630
5631
5632
5633
5635
5636
5638
5639
5640
5642
5645
5647
5648
5649
5650
5651
5652
5653
5654
5655
5656
5657
5658
5660
5661
5662
5664
5665
5666
5667
5668
5669
5671
5673
5674
5675
5676
5677
5678
5679
5680
5681
5683
5684
5685
5686
5687
5688
5689
5690
5691
5692
5697
5698
5699
5700
5701
5702
5705
5706
5707
5708
5709
5710
5711
5712
5713
5714
5716
5717
5718
5719
5720
5721
5723
5724
5726
5729
5730
5734
5735
5736
5738
5741
5742
5743
5745
5746
5747
5748
5749
5750
5751
5752
5754
5755
5756
5758
5759
5760
5762
5763
5764
5765
5766
5767
5768
5773
5774
5776
5778
5779
5780
5782
5786
5789
5790
5791
5792
5793
5794
5795
5796
5797
5798
5800
5803
5804
5805
5806
5809
5810
5811
5812
5813
5814
5815
5816
5817
5818
5819
5820
5822
5826
5827
5828
5829
5830
5831
5832
5833
5834
5835
5836
5837
5840
5842
5843
5844
5845
5846
5848
5850
5851
5852
5853
5855
5856
5857
5858
5859
5860
5861
5862
5865
5866
5867
5868
5869
5870
5871
5873
5874
5875
5876
5877
5880
5881
5882
5883
5884
5885
5886
5888
5890
5891
5893
5894
5895
5896
5897
5900
5901
5902
5903
5904
5905
5906
5907
5908
5911
5912
5914
5916
5917
5918
5919
5920
5921
5923
5925
5926
5927
5928
5929
5930
5931
5933
5936
5938
5939
5941
5942
5945
5946
5947
5948
5949
5950
5952
5953
5955
5956
5957
5958
5959
5960
5961
5963
5966
5967
5968
5969
5970
5971
5972
5973
5974
5976
5977
5979
5980
5981
5985
5987
5988
5989
5990
5992
5994
5995
5996
5997
5999
6000
6003
6007
6008
6009
6011
6013
6015
6016
6018
6020
6022
6023
6025
6026
6027
6028
6031
6033
6034
6035
6036
6037
6039
6040
6041
6042
6043
6045
6046
6047
6049
6050
6051
6052
6053
6054
6055
6056
6057
6058
6059
6060
6062
6063
6064
6066
6067
6069
6070
6071
6072
6073
6074
6076
6077
6078
6079
6080
6081
6082
6084
6085
6086
6087
6088
6089
6090
6091
6092
6093
6094
6095
6096
6097
6098
6099
6100
6103
6104
6106
6107
6108
6109
6110
6111
6112
6113
6114
6116
6117
6121
6122
6123
6124
6125
6126
6131
6133
6134
6135
6137
6138
6139
6140
6141
6142
6143
6144
6145
6146
6149
6150
6153
6154
6155
6156
6157
6159
6160
6161
6162
6163
6164
6166
6169
6170
6171
6172
6175
6177
6178
6179
6182
6185
6186
6187
6190
6191
6193
6194
6195
6198
6199
6200
6201
6202
6204
6205
6207
6208
6209
6212
6213
6214
6215
6216
6217
6218
6219
6220
6221
6222
6223
6224
6225
6227
6230
6232
6233
6234
6235
6237
6241
6242
6243
6246
6247
6248
6249
6250
6251
6252
6253
6254
6255
6258
6261
6262
6263
6264
6267
6268
6270
6271
6272
6273
6274
6275
6276
6277
6281
6282
6283
6285
6286
6287
6289
6290
6291
6292
6293
6295
6297
6299
6300
6301
6302
6303
6304
6305
6306
6308
6309
6310
6313
6314
6317
6319
6321
6322
6324
6327
6328
6329
6331
6332
6334
6335
6337
6339
6340
6343
6344
6345
6347
6348
6350
6351
6353
6354
6355
6356
6357
6358
6359
6360
6361
6362
6363
6364
6365
6366
6367
6368
6369
6370
6371
6372
6373
6374
6375
6377
6382
6383
6384
6386
6388
6389
6390
6391
6392
6393
6394
6395
6396
6399
6401
6403
6404
6409
6410
6411
6412
6413
6414
6415
6416
6418
6419
6420
6421
6423
6424
6425
6427
6428
6430
6431
6432
6433
6434
6435
6436
6438
6439
6441
6443
6444
6447
6450
6451
6452
6453
6455
6457
6458
6461
6462
6463
6464
6466
6467
6468
6469
6471
6472
6473
6474
6478
6479
6480
6481
6485
6487
6488
6489
6491
6493
6494
6495
6496
6500
6502
6503
6506
6508
6509
6510
6511
6512
6513
6514
6515
6516
6517
6518
6521
6523
6524
6525
6528
6530
6531
6532
6533
6534
6535
6536
6538
6539
6541
6542
6543
6545
6548
6549
6553
6555
6556
6559
6561
6563
6564
6565
6566
6574
6575
6576
6577
6578
6579
6580
6581
6582
6583
6584
6585
6586
6587
6588
6589
6590
6592
6594
6595
6596
6597
6599
6600
6601
6602
6603
6604
6609
6610
6612
6613
6614
6615
6618
6619
6621
6623
6624
6626
6627
6628
6629
6630
6631
6632
6634
6635
6636
6637
6639
6640
6642
6647
6649
6650
6651
6652
6653
6654
6656
6658
6661
6662
6663
6664
6665
6667
6668
6669
6671
6672
6673
6674
6675
6676
6680
6681
6682
6683
6684
6686
6687
6689
6690
6692
6693
6694
6695
6696
6697
6698
6700
6701
6702
6703
6704
6706
6708
6709
6710
6711
6712
6713
6715
6717
6718
6719
6720
6721
6722
6723
6724
6725
6728
6729
6730
6731
6733
6735
6736
6737
6738
6739
6740
6741
6743
6745
6747
6749
6750
6751
6752
6753
6756
6757
6759
6760
6761
6762
6763
6765
6767
6772
6776
6777
6778
6779
6780
6781
6783
6784
6785
6786
6787
6788
6789
6790
6791
6792
6793
6794
6795
6796
6799
6800
6801
6802
6804
6807
6808
6810
6811
6812
6813
6814
6815
6816
6818
6822
6824
6825
6827
6829
6832
6833
6834
6836
6837
6839
6840
6841
6842
6844
6846
6848
6850
6851
6855
6857
6859
6860
6863
6866
6868
6869
6870
6871
6872
6874
6878
6879
6880
6881
6883
6884
6885
6886
6888
6889
6890
6891
6892
6893
6894
6896
6897
6898
6900
6902
6903
6904
6906
6907
6908
6909
6911
6912
6914
6915
6916
6917
6919
6921
6922
6925
6926
6927
6928
6929
6930
6932
6934
6935
6936
6937
6938
6940
6943
6944
6946
6949
6950
6953
6955
6956
6957
6958
6960
6962
6963
6964
6965
6966
6967
6969
6970
6972
6973
6974
6977
6979
6980
6981
6982
6984
6988
6989
6990
6991
6992
6993
6998
6999
7000
7002
7004
7005
7008
7009
7010
7011
7012
7015
7018
7019
7020
7022
7024
7027
7029
7030
7031
7034
7035
7036
7037
7038
7039
7040
7041
7042
7044
7046
7047
7048
7049
7052
7053
7055
7056
7058
7061
7062
7063
7064
7065
7066
7067
7068
7069
7072
7074
7077
7078
7079
7081
7082
7083
7086
7089
7090
7091
7093
7097
7099
7101
7102
7103
7104
7108
7109
7112
7115
7116
7118
7124
7126
7127
7128
7130
7131
7132
7133
7134
7135
7136
7138
7140
7141
7142
7143
7146
7148
7152
7154
7155
7157
7159
7160
7162
7165
7166
7167
7168
7171
7173
7174
7175
7176
7177
7178
7179
7182
7183
7184
7186
7188
7189
7191
7192
7194
7198
7199
7202
7203
7207
7208
7209
7210
7211
7212
7213
7215
7217
7219
7220
7221
7222
7223
7224
7225
7226
7230
7231
7232
7234
7235
7236
7238
7239
7240
7241
7242
7243
7244
7245
7246
7247
7248
7249
7250
7252
7253
7254
7256
7257
7258
7259
7260
7261
7264
7267
7268
7270
7271
7272
7273
7274
7275
7276
7279
7280
7281
7282
7283
7284
7285
7286
7288
7290
7291
7292
7293
7294
7295
7296
7297
7298
7299
7300
7302
7303
7306
7309
7310
7311
7312
7314
7315
7317
7318
7319
7320
7322
7323
7325
7326
7328
7333
7336
7337
7338
7340
7341
7342
7344
7345
7346
7347
7348
7349
7351
7352
7353
7357
7358
7359
7360
7362
7363
7364
7366
7375
7377
7378
7379
7381
7382
7384
7385
7386
7391
7393
7394
7395
7396
7397
7398
7399
7400
7401
7402
7403
7405
7406
7407
7408
7409
7410
7412
7413
7416
7419
7420
7422
7424
7426
7427
7428
7429
7430
7437
7439
7441
7442
7443
7446
7447
7448
7449
7450
7451
7452
7454
7455
7458
7459
7460
7461
7462
7463
7464
7465
7466
7468
7469
7470
7472
7473
7474
7475
7476
7478
7479
7480
7482
7483
7484
7486
7487
7488
7489
7490
7492
7493
7494
7495
7496
7498
7501
7505
7507
7508
7509
7512
7513
7514
7517
7519
7523
7525
7526
7532
7533
7534
7537
7538
7539
7542
7543
7544
7545
7546
7547
7549
7550
7551
7552
7553
7554
7557
7558
7559
7560
7562
7563
7564
7565
7567
7569
7570
7571
7572
7573
7575
7576
7577
7578
7579
7580
7581
7582
7583
7585
7586
7588
7592
7593
7595
7596
7598
7601
7602
7604
7605
7607
7608
7609
7610
7612
7613
7614
7615
7616
7617
7618
7619
7620
7621
7622
7623
7624
7626
7627
7628
7629
7630
7631
7632
7633
7634
7635
7636
7637
7638
7640
7641
7646
7647
7648
7650
7651
7652
7654
7655
7657
7658
7661
7662
7664
7665
7666
7668
7670
7671
7672
7674
7676
7677
7679
7680
7681
7682
7683
7684
7686
7687
7688
7690
7691
7692
7694
7696
7699
7700
7701
7702
7703
7706
7707
7708
7709
7712
7714
7715
7716
7717
7718
7719
7721
7724
7725
7727
7729
7733
7734
7738
7739
7740
7741
7744
7745
7746
7747
7748
7749
7750
7751
7754
7756
7758
7759
7761
7762
7765
7766
7769
7770
7772
7773
7774
7775
7777
7779
7780
7781
7782
7783
7784
7785
7786
7787
7790
7791
7792
7793
7794
7795
7796
7797
7798
7799
7800
7801
7802
7803
7804
7806
7807
7810
7811
7812
7814
7815
7816
7817
7818
7819
7820
7821
7822
7824
7825
7826
7827
7828
7830
7831
7833
7834
7835
7836
7837
7839
7840
7841
7842
7844
7846
7847
7848
7851
7852
7853
7855
7856
7857
7858
7859
7860
7861
7862
7863
7865
7867
7868
7869
7870
7871
7872
7873
7874
7875
7876
7877
7878
7879
7880
7881
7886
7887
7888
7891
7893
7894
7896
7897
7898
7899
7900
7901
7902
7903
7904
7905
7906
7907
7908
7909
7912
7913
7914
7915
7916
7917
7918
7919
7920
7923
7924
7925
7928
7929
7930
7932
7933
7934
7935
7940
7941
7942
7943
7944
7946
7947
7948
7949
7950
7951
7952
7953
7954
7955
7956
7957
7958
7960
7964
7967
7969
7970
7971
7972
7973
7976
7977
7978
7979
7980
7981
7982
7984
7987
7993
7994
7995
7997
7998
8001
8002
8003
8004
8007
8008
8009
8012
8013
8014
8015
8016
8017
8021
8022
8024
8026
8030
8034
8035
8036
8038
8039
8040
8041
8042
8043
8044
8045
8046
8047
8049
8051
8052
8053
8054
8056
8057
8058
8059
8060
8062
8063
8064
8065
8066
8068
8071
8072
8073
8074
8075
8077
8078
8079
8080
8081
8083
8084
8087
8088
8090
8091
8092
8093
8096
8098
8099
8100
8102
8104
8105
8106
8107
8110
8113
8115
8116
8117
8118
8119
8120
8123
8124
8125
8128
8129
8130
8131
8135
8136
8137
8138
8140
8141
8143
8144
8145
8146
8147
8149
8150
8152
8153
8155
8157
8158
8159
8160
8161
8164
8165
8166
8168
8169
8170
8171
8174
8175
8177
8179
8181
8183
8188
8192
8194
8195
8196
8198
8199
8200
8206
8209
8211
8212
8213
8214
8215
8220
8222
8223
8224
8227
8228
8229
8230
8232
8233
8234
8236
8237
8238
8239
8240
8243
8245
8246
8248
8249
8251
8252
8253
8257
8261
8264
8265
8266
8268
8269
8270
8274
8275
8276
8277
8278
8279
8280
8281
8283
8285
8287
8291
8297
8299
8306
8307
8308
8309
8312
8313
8314
8315
8317
8318
8319
8320
8321
8324
8325
8327
8330
8331
8332
8333
8334
8335
8336
8337
8338
8341
8342
8343
8345
8346
8347
8348
8349
8350
8354
8356
8357
8359
8360
8363
8364
8365
8366
8367
8368
8370
8371
8372
8373
8374
8375
8376
8379
8382
8383
8384
8387
8388
8390
8391
8392
8394
8396
8397
8399
8400
8401
8403
8405
8408
8409
8410
8412
8416
8418
8421
8424
8425
8426
8428
8430
8434
8435
8437
8438
8440
8441
8443
8444
8446
8448
8449
8450
8451
8454
8455
8456
8458
8459
8460
8461
8462
8463
8466
8468
8469
8470
8471
8472
8473
8476
8478
8480
8481
8482
8484
8486
8488
8490
8491
8492
8493
8496
8497
8499
8500
8502
8505
8506
8507
8508
8510
8511
8512
8513
8514
8516
8518
8520
8529
8530
8531
8532
8533
8535
8537
8539
8540
8541
8543
8544
8545
8547
8548
8550
8557
8561
8567
8568
8569
8572
8575
8576
8577
8578
8579
8580
8581
8583
8586
8587
8588
8589
8591
8594
8596
8597
8599
8600
8603
8605
8606
8608
8609
8610
8611
8612
8613
8614
8615
8616
8617
8621
8622
8624
8629
8630
8633
8634
8635
8638
8640
8643
8645
8647
8648
8650
8655
8658
8659
8660
8662
8666
8667
8669
8670
8672
8673
8674
8676
8680
8682
8684
8685
8693
8699
8700
8702
8705
8711
8719
8720
8724
8731
8732
8733
8735
8736
8737
8741
8744
8746
8747
8748
8749
8750
8754
8755
8758
8759
8760
8761
8763
8764
8768
8769
8770
8772
8773
8774
8775
8780
8781
8782
8784
8785
8786
8787
8789
8790
8791
8792
8796
8797
8798
8799
8800
8801
8802
8803
8804
8805
8808
8810
8811
8813
8814
8816
8818
8820
8821
8822
8823
8824
8826
8827
8828
8829
8831
8834
8835
8836
8837
8839
8841
8844
8846
8847
8849
8851
8853
8854
8855
8856
8857
8858
8859
8860
8861
8862
8863
8864
8865
8866
8867
8868
8869
8870
8871
8873
8874
8875
8876
8877
8878
8880
8882
8884
8885
8888
8889
8891
8894
8895
8896
8900
8901
8902
8903
8904
8905
8906
8907
8908
8909
8910
8912
8914
8915
8916
8917
8919
8920
8921
8922
8923
8925
8926
8927
8928
8929
8930
8932
8936
8938
8939
8940
8942
8943
8944
8946
8947
8951
8953
8955
8956
8958
8960
8963
8965
8968
8969
8970
8973
8974
8975
8977
8978
8979
8980
8981
8982
8983
8984
8985
8986
8987
8988
8989
8991
8992
8995
8998
8999
9002
9003
9006
9007
9008
9011
9012
9013
9014
9019
9021
9024
9025
9026
9027
9029
9030
9031
9033
9035
9036
9037
9038
9039
9044
9045
9046
9047
9049
9050
9052
9054
9056
9061
9062
9065
9066
9069
9071
9072
9073
9076
9077
9078
9079
9081
9083
9085
9086
9089
9090
9091
9092
9093
9094
9095
9096
9097
9101
9102
9104
9106
9109
9110
9111
9112
9113
9115
9117
9118
9122
9124
9125
9126
9127
9128
9131
9132
9135
9137
9139
9140
9143
9146
9148
9149
9150
9153
9156
9157
9165
9167
9169
9170
9172
9174
9177
9178
9179
9181
9184
9185
9191
9194
9196
9198
9199
9202
9203
9204
9205
9206
9207
9208
9209
9211
9212
9213
9214
9215
9216
9217
9218
9219
9220
9222
9223
9224
9229
9230
9233
9235
9236
9238
9239
9241
9242
9244
9247
9248
9249
9250
9251
9252
9253
9254
9255
9258
9259
9261
9262
9263
9264
9265
9266
9267
9268
9269
9270
9271
9272
9273
9274
9275
9276
9277
9278
9279
9280
9281
9282
9283
9284
9285
9286
9287
9288
9289
9290
9291
9292
9293
9295
9296
9297
9298
9299
9300
9303
9305
9306
9308
9309
9311
9312
9313
9315
9316
9317
9318
9320
9322
9323
9324
9325
9326
9327
9328
9330
9332
9335
9336
9337
9338
9339
9340
9341
9342
9343
9344
9346
9348
9349
9350
9351
9352
9354
9355
9357
9361
9362
9363
9364
9365
9367
9371
9373
9374
9377
9379
9381
9383
9384
9385
9387
9390
9391
9392
9393
9395
9396
9397
9398
9400
9401
9404
9408
9410
9412
9417
9418
9420
9421
9423
9426
9429
9430
9438
9440
9441
9442
9443
9445
9446
9447
9449
9451
9452
9453
9455
9456
9459
9460
9461
9462
9463
9467
9468
9470
9471
9472
9475
9476
9477
9478
9479
9481
9482
9483
9485
9488
9489
9490
9491
9493
9494
9495
9497
9498
9499
9501
9502
9503
9507
9509
9510
9512
9513
9514
9517
9518
9519
9520
9521
9522
9523
9524
9525
9526
9527
9528
9529
9530
9532
9533
9535
9536
9537
9538
9539
9540
9541
9542
9543
9544
9545
9548
9549
9550
9551
9552
9554
9556
9557
9560
9561
9562
9563
9564
9565
9566
9567
9568
9569
9570
9571
9573
9574
9575
9576
9579
9582
9583
9585
9586
9588
9589
9590
9593
9594
9595
9598
9599
9600
9601
9603
9604
9605
9608
9612
9615
9616
9617
9618
9619
9621
9622
9625
9626
9627
9628
9629
9630
9632
9636
9637
9638
9639
9640
9642
9644
9649
9652
9653
9655
9660
9661
9662
9663
9666
9668
9669
9670
9672
9673
9674
9677
9681
9682
9684
9685
9686
9687
9691
9692
9693
9695
9699
9702
9708
9709
9715
9717
9718
9719
9721
9722
9724
9725
9727
9728
9730
9731
9732
9735
9737
9740
9742
9747
9748
9749
9750
9751
9756
9758
9759
9760
9763
9764
9765
9766
9767
9768
9769
9771
9775
9776
9778
9781
9788
9791
9794
9796
9797
9798
9802
9805
9808
9810
9812
9813
9815
9816
9818
9819
9820
9821
9824
9826
9827
9828
9829
9830
9832
9833
9835
9837
9838
9840
9841
9845
9846
9847
9848
9849
9850
9852
9854
9857
9858
9859
9860
9861
9862
9868
9877
9878
9881
9883
9884
9886
9894
9898
9899
9900
9901
9903
9904
9906
9907
9908
9909
9910
9911
9914
9915
9916
9920
9921
9922
9931
9935
9936
9939
9940
9942
9943
9944
9945
9946
9947
9950
9951
9952
9953
9954
9955
9957
9959
9960
9964
9970
9971
9975
9977
9980
9981
9982
9987
9990
9994
9995
9998
10001
10003
10005
10008
10009
10012
10013
10016
10017
10018
10020
10023
10025
10028
10029
10032
10034
10035
10037
10038
10043
10044
10046
10047
10048
10049
10050
10053
10054
10055
10056
10061
10062
10063
10064
10065
10066
10071
10074
10075
10077
10078
10079
10081
10083
10088
10089
10090
10091
10096
10097
10098
10100
10102
10104
10106
10114
10116
10119
10120
10121
10126
10127
10129
10131
10132
10137
10138
10145
10146
10148
10152
10154
10155
10156
10157
10158
10159
10161
10163
10164
10166
10169
10170
10173
10175
10178
10179
10180
10181
10184
10185
10186
10187
10188
10189
10190
10192
10193
10197
10198
10200
10201
10202
10203
10205
10208
10209
10210
10214
10217
10218
10222
10225
10227
10229
10230
10232
10233
10236
10237
10240
10241
10243
10244
10245
10247
10249
10252
10253
10254
10256
10262
10263
10264
10266
10267
10268
10269
10271
10272
10275
10276
10281
10282
10285
10286
10290
10293
10295
10298
10301
10304
10306
10307
10312
10314
10317
10318
10322
10323
10326
10332
10334
10336
10337
10339
10341
10342
10343
10345
10348
10349
10352
10354
10358
10359
10360
10362
10363
10364
10365
10371
10372
10373
10376
10379
10381
10384
10385
10388
10389
10390
10391
10394
10395
10399
10400
10404
10406
10408
10411
10412
10413
10417
10419
10420
10423
10424
10426
10431
10432
10433
10434
10437
10438
10445
10446
10447
10449
10450
10459
10460
10461
10464
10467
10468
10471
10472
10473
10474
10475
10476
10479
10480
10482
10485
10486
10488
10489
10490
10493
10494
10495
10497
10499
10500
10501
10502
10503
10505
10506
10509
10510
10513
10516
10517
10519
10521
10523
10526
10528
10529
10532
10533
10538
10543
10544
10545
10546
10548
10551
10553
10555
10557
10558
10562
10565
10571
10573
10576
10580
10583
10585
10587
10590
10591
10592
10595
10599
10600
10604
10605
10607
10608
10609
10613
10614
10615
10622
10627
10630
10633
10635
10636
10638
10639
10640
10641
10643
10644
10647
10649
10651
10655
10656
10657
10659
10664
10667
10669
10670
10672
10674
10675
10676
10684
10685
10686
10688
10694
10695
10699
10700
10701
10702
10704
10706
10708
10710
10711
10716
10717
10718
10719
10722
10725
10726
10727
10728
10729
10730
10731
10733
10738
10739
10740
10741
10742
10743
10747
10749
10751
10753
10757
10758
10759
10761
10764
10767
10769
10771
10772
10774
10775
10776
10777
10779
10780
10781
10782
10783
10784
10785
10786
10788
10789
10790
10791
10792
10795
10796
10799
10800
10801
10802
10804
10806
10807
10809
10810
10813
10814
10815
10816
10821
10822
10823
10826
10827
10830
10831
10832
10833
10836
10837
10838
10840
10841
10843
10845
10847
10851
10852
10853
10854
10855
10860
10863
10864
10865
10866
10867
10868
10869
10870
10871
10872
10873
10876
10878
10879
10881
10884
10887
10889
10890
10892
10893
10897
10898
10901
10903
10905
10906
10908
10912
10914
10915
10918
10919
10920
10924
10927
10928
10931
10932
10936
10938
10939
10940
10941
10942
10943
10944
10945
10949
10950
10951
10954
10958
10960
10961
10964
10967
10969
10970
10971
10972
10973
10976
10979
10982
10983
10987
10990
10994
10995
11001
11002
11003
11005
11008
11009
11014
11015
11016
11017
11019
11021
11025
11029
11032
11033
11036
11037
11040
11043
11044
11047
11050
11051
11052
11054
11060
11062
11063
11064
11066
11067
11068
11069
11070
11073
11075
11079
11082
11086
11089
11090
11093
11094
11101
11106
11107
11108
11110
11111
11115
11116
11118
11120
11121
11123
11125
11126
11127
11131
11132
11134
11135
11139
11141
11143
11144
11145
11146
11147
11150
11151
11153
11154
11157
11159
11160
11163
11164
11165
11166
11169
11171
11181
11182
11187
11188
11189
11192
11194
11195
11197
11204
11209
11210
11211
11212
11213
11214
11216
11218
11223
11224
11225
11229
11234
11238
11240
11241
11243
11244
11246
11248
11251
11252
11255
11256
11259
11260
11266
11270
11275
11276
11277
11284
11287
11289
11293
11297
11298
11299
11301
11302
11304
11306
11308
11309
11312
11313
11314
11316
11317
11323
11326
11328
11329
11331
11340
11341
11342
11344
11346
11348
11351
11352
11353
11356
11358
11360
11365
11367
11369
11371
11373
11376
11377
11383
11384
11386
11387
11388
11392
11393
11395
11397
11400
11401
11402
11403
11404
11405
11406
11407
11409
11410
11411
11413
11414
11417
11418
11420
11421
11422
11425
11427
11435
11439
11442
11444
11448
11449
11450
11452
11453
11454
11455
11456
11458
11460
11462
11464
11469
11476
11480
11481
11482
11483
11485
11487
11492
11494
11496
11500
11502
11503
11507
11509
11512
11513
11516
11520
11522
11526
11527
11530
11533
11534
11535
11536
11538
11540
11541
11543
11545
11546
11547
11549
11552
11553
11554
11556
11557
11561
11562
11563
11564
11568
11569
11570
11571
11572
11574
11577
11578
11580
11581
11582
11583
11584
11585
11587
11590
11593
11597
11599
11603
11605
11606
11607
11611
11618
11619
11627
11628
11630
11631
11633
11634
11637
11639
11640
11643
11644
11645
11646
11648
11652
11654
11661
11662
11665
11671
11672
11678
11679
11682
11683
11685
11691
11694
11695
11696
11701
11702
11703
11704
11707
11708
11710
11713
11714
11715
11716
11717
11719
11721
11723
11724
11725
11726
11728
11729
11730
11731
11732
11734
11736
11738
11740
11742
11744
11747
11750
11751
11761
11763
11765
11776
11780
11781
11784
11785
11790
11795
11797
11798
11800
11805
11809
11812
11813
11814
11822
11824
11826
11829
11836
11837
11844
11847
11851
11853
11855
11856
11858
11861
11863
11866
11870
11873
11876
11877
11881
11884
11886
11890
11895
11899
11901
11903
11904
11908
11910
11911
11914
11925
11928
11931
11938
11940
11941
11943
11955
11959
11960
11963
11968
11969
11971
11973
11976
11977
11978
11979
11980
11982
11989
11990
11991
11993
11994
11995
11996
12003
12006
12007
12009
12013
12014
12015
12018
12021
12027
12038
12040
12043
12045
12047
12055
12057
12060
12062
12066
12068
12069
12070
12078
12079
12080
12081
12085
12086
12087
12090
12095
12100
12104
12111
12112
12115
12120
12121
12122
12123
12124
12126
12127
12128
12130
12131
12132
12134
12135
12136
12137
12138
12139
12140
12141
12142
12143
12144
12146
12147
12148
12149
12150
12151
12152
12154
12155
12156
12157
12158
12161
12164
12166
12169
12170
12172
12175
12177
12178
12179
12180
12182
12183
12186
12187
12189
12190
12191
12192
12194
12195
12197
12199
12201
12203
12207
12208
12209
12211
12212
12215
12218
12220
12221
12223
12224
12225
12227
12229
12230
12231
12236
12239
12241
12242
12245
12246
12247
12251
12252
12253
12255
12257
12258
12259
12260
12261
12262
12263
12264
12267
12270
12271
12275
12276
12277
12278
12280
12281
12282
12286
12288
12293
12297
12299
12301
12303
12305
12309
12312
12314
12315
12316
12318
12319
12320
12321
12322
12324
12325
12327
12328
12330
12331
12339
12341
12343
12344
12345
12346
12349
12353
12355
12357
12358
12359
12362
12363
12366
12367
12369
12370
12373
12374
12377
12378
12380
12384
12385
12386
12387
12390
12392
12399
12403
12405
12406
12407
12408
12411
12413
12415
12419
12420
12428
12431
12433
12434
12439
12440
12442
12444
12445
12446
12447
12448
12457
12460
12461
12470
12471
12475
12477
12482
12490
12491
12496
12499
12501
12505
12506
12510
12512
12513
12514
12515
12517
12521
12522
12523
12525
12526
12527
12529
12532
12533
12534
12537
12538
12539
12540
12542
12543
12544
12548
12550
12554
12555
12556
12557
12558
12565
12566
12568
12574
12579
12582
12585
12586
12587
12589
12592
12594
12597
12599
12600
12605
12609
12610
12611
12613
12615
12620
12622
12628
12634
12638
12643
12645
12647
12650
12657
12658
12659
12660
12666
12670
12671
12674
12676
12677
12679
12680
12682
12684
12687
12689
12695
12698
12699
12700
12701
12705
12707
12708
12709
12710
12711
12714
12715
12716
12718
12720
12723
12726
12727
12728
12729
12732
12736
12738
12739
12742
12743
12745
12749
12750
12751
12756
12757
12764
12770
12771
12774
12781
12782
12786
12787
12792
12793
12796
12797
12798
12799
12800
12804
12806
12809
12810
12825
12828
12832
12833
12856
12857
12858
12859
12861
12863
12868
12870
12876
12879
12881
12891
12892
12894
12898
12899
12904
12905
12906
12908
12914
12915
12916
12919
12921
12923
12927
12931
12935
12938
12942
12946
12948
12950
12953
12954
12956
12960
12961
12962
12963
12965
12966
12967
12968
12971
12977
12979
12982
12984
12987
12988
12989
12990
12994
12995
12998
12999
13002
13012
13017
13021
13024
13028
13034
13035
13036
13037
13041
13044
13050
13051
13061
13062
13064
13068
13070
13076
13078
13079
13080
13088
13097
13100
13102
13103
13104
13108
13109
13110
13113
13117
13119
13121
13125
13126
13128
13131
13133
13134
13137
13138
13141
13143
13144
13145
13150
13152
13154
13158
13164
13166
13167
13168
13169
13170
13172
13184
13185
13189
13190
13191
13193
13200
13202
13203
13205
13206
13209
13212
13213
13217
13220
13221
13222
13223
13224
13227
13230
13231
13238
13241
13242
13246
13247
13248
13252
13260
13261
13263
13265
13267
13273
13275
13277
13278
13279
13281
13282
13283
13284
13286
13288
13289
13290
13291
13293
13295
13296
13297
13299
13300
13301
13302
13306
13309
13311
13313
13315
13316
13317
13322
13325
13326
13327
13329
13330
13331
13332
13334
13337
13339
13352
13353
13354
13356
13361
13363
13364
13366
13368
13369
13372
13373
13378
13382
13385
13389
13397
13399
13401
13404
13405
13409
13415
13418
13419
13421
13423
13424
13426
13430
13431
13434
13437
13438
13442
13444
13447
13448
13452
13455
13457
13459
13464
13466
13472
13476
13479
13482
13483
13484
13485
13491
13494
13496
13497
13500
13503
13506
13511
13512
13513
13514
13515
13517
13518
13520
13523
13526
13527
13528
13530
13535
13536
13543
13544
13545
13550
13553
13555
13556
13559
13562
13563
13566
13567
13568
13570
13571
13572
13574
13577
13578
13579
13580
13581
13583
13584
13586
13587
13588
13589
13590
13591
13600
13602
13604
13605
13609
13611
13615
13616
13617
13623
13628
13629
13630
13637
13644
13645
13647
13651
13654
13655
13656
13661
13663
13664
13665
13666
13667
13671
13673
13674
13677
13680
13681
13684
13685
13686
13687
13688
13689
13690
13691
13695
13701
13703
13705
13706
13711
13712
13713
13714
13715
13716
13718
13719
13724
13731
13733
13735
13736
13737
13739
13745
13747
13748
13750
13754
13755
13757
13759
13760
13763
13768
13770
13772
13776
13778
13780
13783
13789
13791
13792
13795
13796
13799
13805
13806
13807
13808
13809
13811
13812
13813
13817
13821
13829
13832
13836
13837
13840
13844
13846
13848
13850
13851
13854
13856
13857
13858
13865
13869
13870
13873
13875
13881
13884
13885
13888
13890
13893
13899
13904
13906
13909
13911
13912
13913
13915
13917
13920
13926
13927
13928
13929
13934
13937
13938
13940
13942
13943
13945
13947
13948
13952
13954
13955
13957
13960
13969
13970
13974
13975
13977
13978
13980
13981
13983
13985
13986
13989
13990
13997
13998
13999
14000
14002
14003
14014
14015
14017
14018
14020
14025
14026
14029
14030
14033
14037
14038
14041
14042
14047
14049
14052
14056
14057
14065
14069
14071
14075
14079
14087
14097
14100
14101
14103
14105
14109
14114
14117
14120
14121
14123
14130
14131
14132
14133
14143
14144
14145
14148
14150
14151
14152
14153
14157
14159
14161
14166
14168
14170
14173
14174
14180
14187
14192
14194
14196
14203
14205
14207
14212
14214
14223
14226
14239
14241
14244
14245
14246
14248
14256
14257
14261
14263
14265
14266
14267
14270
14272
14279
14280
14282
14284
14286
14289
14293
14306
14312
14314
14315
14322
14324
14334
14337
14345
14348
14355
14356
14361
14363
14364
14367
14370
14374
14377
14381
14382
14383
14384
14386
14391
14392
14393
14396
14400
14405
14410
14411
14415
14416
14427
14430
14437
14443
14447
14453
14454
14458
14463
14467
14471
14490
14494
14499
14500
14535
14536
14545
14550
14552
14554
14557
14558
14559
14561
14564
14566
14570
14572
14574
14581
14582
14583
14590
14594
14610
14611
14612
14613
14614
14615
14616
14619
14621
14622
14626
14627
14628
14631
14638
14640
14642
14646
14647
14648
14649
14650
14651
14652
14658
14659
14662
14663
14664
14665
14668
14669
14670
14675
14676
14681
14682
14683
14690
14700
14703
14708
14709
14710
14714
14716
14718
14720
14726
14727
14728
14729
14732
14734
14735
14736
14738
14741
14747
14750
14752
14753
14754
14756
14759
14765
14766
14767
14768
14773
14776
14780
14784
14786
14788
14792
14793
14794
14796
14797
14798
14799
14802
14804
14805
14808
14809
14812
14813
14814
14820
14821
14822
14825
14829
14830
14832
14833
14834
14838
14840
14841
14843
14845
14847
14848
14849
14850
14851
14853
14854
14855
14857
14858
14860
14861
14863
14864
14865
14866
14867
14868
14870
14873
14877
14878
14880
14881
14884
14887
14889
14890
14891
14900
14901
14903
14904
14907
14908
14910
14913
14914
14915
14916
14918
14920
14921
14923
14927
14929
14930
14934
14935
14936
14937
14940
14941
14944
14945
14946
14947
14949
14952
14953
14954
14955
14956
14959
14960
14962
14963
14967
14968
14973
14974
14982
14983
14985
14986
14987
14988
14990
14991
14992
15000
15001
15005
15006
15009
15011
15012
15015
15017
15020
15022
15023
15025
15026
15027
15028
15031
15033
15034
15038
15040
15045
15050
15051
15054
15056
15059
15061
15065
15066
15067
15068
15069
15071
15072
15074
15080
15082
15086
15087
15092
15093
15097
15100
15107
15108
15115
15116
15117
15121
15127
15128
15135
15136
15140
15143
15146
15148
15149
15153
15155
15157
15158
15159
15161
15163
15168
15170
15171
15173
15177
15179
15180
15182
15184
15186
15191
15192
15195
15197
15200
15209
15210
15214
15216
15219
15220
15222
15226
15229
15232
15233
15234
15241
15242
15243
15246
15249
15250
15252
15257
15258
15261
15268
15269
15272
15273
15275
15278
15280
15284
15288
15289
15293
15296
15300
15302
15307
15310
15314
15317
15319
15321
15323
15333
15336
15338
15340
15344
15346
15347
15349
15353
15361
15362
15366
15367
15373
15375
15382
15384
15386
15388
15392
15395
15400
15404
15414
15417
15421
15422
15427
15429
15436
15439
15443
15444
15451
15453
15454
15459
15462
15463
15464
15465
15478
15481
15486
15488
15491
15496
15500
15502
15503
15507
15514
15515
15517
15518
15524
15525
15528
15530
15533
15534
15537
15539
15545
15546
15549
15556
15557
15558
15559
15564
15569
15571
15576
15581
15583
15593
15595
15596
15597
15599
15600
15602
15605
15610
15619
15624
15626
15627
15629
15634
15643
15645
15647
15648
15650
15651
15652
15653
15654
15657
15660
15661
15663
15668
15670
15674
15677
15680
15681
15689
15700
15702
15709
15710
15712
15714
15717
15718
15720
15722
15724
15726
15731
15732
15736
15737
15738
15739
15742
15745
15754
15764
15765
15767
15771
15777
15780
15783
15789
15825
15832
15837
15847
15850
15853
15854
15859
15865
15870
15871
15879
15880
15881
15883
15885
15887
15895
15898
15900
15904
15905
15911
15914
15920
15921
15925
15929
15932
15934
15935
15936
15942
15943
15947
15948
15949
15956
15959
15960
15962
15971
15973
15980
15981
15982
15983
15986
15997
16007
16011
16019
16035
16037
16041
16042
16043
16049
16050
16054
16056
16057
16058
16060
16063
16071
16075
16085
16087
16089
16090
16093
16095
16099
16108
16109
16112
16115
16117
16118
16125
16131
16133
16138
16140
16151
16152
16153
16154
16157
16160
16162
16166
16167
16172
16173
16193
16195
16196
16201
16203
16204
16206
16208
16215
16219
16220
16221
16227
16237
16240
16241
16242
16243
16244
16245
16248
16249
16251
16253
16257
16258
16261
16265
16267
16269
16274
16276
16277
16281
16282
16288
16294
16300
16316
16318
16320
16324
16329
16330
16339
16340
16346
16350
16351
16355
16356
16357
16363
16372
16373
16375
16377
16386
16390
16397
16400
16401
16406
16407
16408
16409
16412
16419
16421
16422
16423
16424
16429
16430
16431
16433
16435
16437
16438
16439
16440
16443
16445
16446
16449
16450
16454
16456
16464
16472
16478
16482
16488
16494
16496
16498
16499
16501
16504
16506
16509
16510
16516
16517
16520
16523
16524
16525
16529
16534
16536
16542
16546
16548
16551
16555
16561
16563
16568
16570
16572
16574
16575
16576
16578
16579
16585
16586
16590
16596
16597
16600
16601
16602
16604
16605
16607
16609
16611
16614
16615
16619
16622
16624
16625
16627
16628
16629
16630
16636
16638
16639
16645
16646
16652
16655
16656
16675
16676
16678
16684
16685
16694
16700
16701
16703
16704
16705
16709
16710
16712
16714
16720
16739
16740
16743
16745
16749
16754
16763
16765
16766
16768
16771
16773
16775
16785
16791
16792
16805
16808
16811
16814
16816
16818
16826
16829
16831
16832
16865
16878
16889
16916
16949
16950
16952
16954
16981
16997
17018
17033
17038
17068
17072
17081
17086
17087
17089
17096
17097
17105
17112
17116
17122
17125
17132
17134
17141
17144
17152
17153
17155
17158
17162
17165
17169
17173
17213
17235
17245
17247
17249
17250
17251
17252
17253
17254
17255
17256
17257
17258
17259
17260
17261
17262
17264
17265
17266
17267
17269
17270
17271
17272
17273
17274
17278
17281
17283
17284
17286
17287
17288
17289
17290
17291
17292
17293
17294
17295
17296
17297
17298
17299
17300
17301
17303
17304
17305
17306
17307
17308
17309
17310
17311
17313
17314
17315
17322
17324
17328
17334
17340
17341
17343
17356
17357
17366
17369
17381
17384
17398
17405
17406
17410
17412
17419
17425
17430
17441
17446
17454
17455
17471
17472
17483
17489
17490
17493
17496
17497
17504
17506
17508
17510
17512
17513
17514
17515
17521
17535
17539
17541
17542
17548
17554
17555
17558
17559
17565
17566
17570
17572
17574
17575
17576
17581
17629
17630
17633
17640
17649
17654
17661
17665
17681
17691
17745
17748
17749
17768
17769
17777
17778
17779
17787
17795
17800
17801
17802
17806
17812
17820
17821
17822
17824
17826
17829
17838
17853
17857
17858
17862
17875
17877
17878
17887
17890
17895
17897
17901
17905
17918
17929
17931
17934
17936
17937
17945
17947
17955
17959
17965
17966
17967
17968
17969
17970
17972
17988
18008
18010
18013
18017
18039
18051
18052
18053
18055
18056
18057
18058
18060
18062
18063
18064
18065
18066
18068
18069
18071
18075
18077
18078
18080
18081
18082
18084
18087
18088
18089
18091
18092
18093
18095
18096
18100
18101
18103
18104
18105
18106
18107
18108
18109
18110
18111
18112
18113
18114
18115
18116
18117
18118
18119
18120
18121
18122
18123
18124
18125
18126
18127
18128
18129
18130
18131
18132
18133
18135
18136
18137
18138
18139
18140
18141
18142
18143
18144
18145
18146
18151
18152
18153
18156
18164
18166
18167
18169
18170
18171
18173
18174
18175
18176
18177
18178
18179
18180
18181
18182
18183
18184
18185
18186
18187
18191
18194
18196
18197
18198
18199
18200
18201
18203
18204
18205
18206
18207
18208
18210
18212
18213
18215
18216
18217
18218
18219
18220
18221
18222
18223
18224
18225
18226
18227
18228
18229
18230
18233
18235
18237
18239
18240
18241
18242
18243
18244
18247
18253
18255
18261
18262
18263
18266
18269
18270
18273
18274
18275
18282
18283
18284
18286
18293
18294
18296
18297
18298
18300
18301
18304
18305
18307
18308
18311
18312
18318
18320
18321
18322
18323
18325
18328
18332
18336
18338
18339
18340
18341
18342
18343
18345
18349
18350
18351
18352
18353
18355
18356
18357
18358
18361
18366
18368
18374
18375
18378
18380
18381
18383
18388
18398
18401
18402
18404
18406
18410
18429
18433
18444
18448
18449
18460
18464
18469
18470
18481
18483
18485
18487
18489
18490
18491
18493
18497
18503
18510
18517
18518
18520
18522
18524
18525
18528
18543
18545
18546
18549
18555
18557
18563
18581
18583
18585
18586
18592
18595
18600
18610
18611
18612
18616
18619
18621
18624
18627
18631
18638
18641
18642
18644
18646
18650
18654
18655
18657
18661
18665
18666
18668
18669
18677
18679
18681
18685
18686
18687
18688
18690
18697
18701
18702
18704
18706
18709
18710
18713
18718
18720
18728
18730
18736
18737
18749
18750
18751
18755
18760
18761
18762
18764
18771
18774
18776
18777
18779
18780
18785
18795
18801
18804
18813
18815
18816
18818
18820
18821
18826
18827
18829
18830
18833
18838
18845
18852
18861
18863
18864
18866
18867
18868
18871
18874
18878
18881
18886
18887
18891
18892
18894
18897
18905
18908
18910
18912
18915
18920
18927
18933
18938
18956
18965
18979
18980
18981
18985
18986
18987
18988
18991
18992
18993
18994
18996
18998
19002
19006
19009
19010
19011
19012
19015
19021
19088
19116
19118
19123
19124
19130
19131
19138
19147
19150
19156
19168
19169
19178
19181
19193
19223
19226
19227
19244
19266
19268
19287
19302
19337
19338
19356
19375
19383
19391
19398
19422
19445
19455
19468
19470
19493
19498
19525
19528
19545
19548
19583
19585
19594
19612
19630
19637
19639
19671
19693
19700
19709
19722
19757
19761
19806
19812
19828
19865
19866
19867
19891
