3
8
9
17
37
39
53
59
62
68
74
77
91
93
97
113
136
159
161
178
182
237
247
275
276
295
297
312
323
336
350
383
401
410
428
431
434
438
458
496
510
529
553
581
582
587
596
599
619
653
663
673
680
682
689
697
708
726
733
734
736
739
759
765
769
778
780
782
795
796
807
811
821
831
846
851
855
867
884
889
903
918
927
930
942
944
949
973
980
1028
1040
1085
1156
1167
1196
1213
1253
1258
1259
1265
1269
1270
1329
1331
1332
1337
1348
1398
1451
1487
1490
1498
1544
1546
1556
1563
1629
1654
1678
1740
1769
1788
1805
1809
1811
1813
1880
1900
1909
1947
1982
2025
2036
2062
2124
2133
2190
2200
2219
2222
2240
2260
2271
2277
2293
2300
2338
2340
2341
2368
2369
2399
2486
2493
2498
2517
2521
2525
2529
2545
2549
2571
2582
2623
2647
2651
2658
2660
2669
2676
2678
2682
2685
2724
2727
2738
2762
2771
2775
2804
2824
2853
2856
2889
2897
2924
2931
2941
2970
2985
2988
2994
3064
3067
3084
3102
3169
3188
3214
3218
3223
3232
3239
3244
3261
3293
3298
3331
3334
3369
3377
3388
3402
3413
3415
3466
3478
3510
3521
3571
3574
3576
3581
3583
3590
3605
3617
3621
3623
3625
3648
3662
3676
3697
3703
3729
3739
3758
3764
3766
3776
3786
3800
3818
3828
3829
3831
3845
3864
3868
3883
3890
3891
3901
3921
3943
3981
4008
4033
4087
4125
4136
4159
4165
4179
4183
4185
4205
4212
4250
4253
4335
4336
4364
4412
4432
4445
4470
4502
4539
4545
4562
4619
4627
4651
4717
4719
4774
4788
4790
4794
4807
4834
4851
4873
4878
4881
4898
4912
4924
4931
4973
4988
5005
5025
5029
5036
5045
5051
5052
5135
5145
5148
5160
5182
5243
5247
5307
5309
5330
5338
5358
5408
5491
5511
5521
5603
5604
5629
5639
5660
5661
5734
5754
5768
5778
5798
5813
5853
5921
5932
5952
5959
5992
6004
6028
6093
6099
6138
6199
6218
6253
6291
6298
6345
6371
6389
6432
6458
6467
6574
6584
6592
6609
6620
6624
6665
6668
6689
6703
6725
6790
6799
6800
6801
6807
6834
6934
6944
6972
6977
7053
7064
7089
7136
7146
7202
7209
7220
7224
7230
7358
7391
7394
7405
7409
7438
7447
7466
7513
7532
7562
7573
7575
7586
7592
7612
7617
7628
7633
7708
7777
7794
7806
7878
7898
7943
7962
8054
8066
8073
8074
8102
8138
8149
8170
8194
8195
8215
8312
8314
8338
8354
8397
8481
8632
8655
8724
8732
8773
8837
8847
8865
8870
8916
8917
8981
9054
9062
9077
9083
9101
9218
9283
9297
9300
9310
9352
9355
9442
9445
9453
9485
9488
9560
9663
9737
9751
9764
9768
9769
9817
9857
10104
10154
10158
10169
10190
10199
10281
10348
10376
10439
10516
10572
10659
10700
10872
10920
10942
10950
11040
11083
11132
11153
11159
11369
11399
11421
11466
11527
11565
11597
11740
11806
11819
11891
12124
12230
12297
12385
12402
12546
12550
12679
12736
12881
12927
13068
13139
13158
13267
13281
13377
13382
13426
13596
13602
13638
13684
13748
13763
13783
14070
14261
14266
14558
14603
14912
14913
15054
15066
15248
15309
15579
15765
15854
15981
16063
16201
16346
16437
16510
16626
16792
16917
17122
17268
17273
17275
17283
17289
17294
17299
17493
17504
17823
17915
17949
17988
18084
18114
18124
18137
18213
18266
18304
18351
18355
18387
18613
18770
18815
19094
