0
7
9
17
20
24
28
29
54
58
63
67
74
83
86
87
88
97
98
99
100
101
107
112
124
125
130
138
141
142
143
151
156
170
172
175
188
200
203
205
206
207
210
215
221
224
229
230
233
236
267
268
277
278
280
287
288
289
296
297
299
300
304
305
313
321
322
323
341
344
347
351
352
425
426
427
428
431
432
438
439
454
482
504
511
513
516
532
535
536
537
538
541
542
546
548
553
555
558
569
576
579
597
599
607
628
636
656
658
663
665
670
673
675
680
706
710
719
720
721
730
734
736
737
739
758
759
760
770
772
775
780
782
789
792
795
796
798
801
804
805
806
810
830
843
848
856
868
869
870
871
879
894
895
898
911
917
918
920
921
930
943
950
964
978
1020
1024
1030
1035
1043
1075
1076
1077
1082
1083
1084
1085
1086
1105
1106
1143
1156
1158
1159
1181
1184
1186
1190
1191
1209
1213
1223
1227
1231
1234
1250
1275
1279
1327
1331
1350
1400
1404
1458
1465
1475
1477
1480
1485
1487
1516
1567
1573
1579
1580
1587
1595
1596
1599
1622
1629
1647
1659
1664
1678
1688
1699
1716
1733
1770
1788
1792
1798
1810
1820
1822
1826
1875
1893
1896
1909
1918
1947
1950
1959
1972
1979
1980
1984
1986
1990
2004
2009
2033
2035
2037
2064
2080
2086
2088
2089
2090
2098
2100
2115
2135
2136
2157
2159
2166
2168
2197
2199
2208
2229
2232
2233
2240
2255
2256
2268
2282
2309
2328
2344
2354
2359
2364
2366
2369
2386
2388
2398
2434
2450
2463
2464
2501
2504
2511
2513
2517
2518
2521
2533
2544
2546
2552
2559
2571
2582
2587
2590
2593
2608
2609
2610
2615
2624
2627
2628
2643
2645
2652
2666
2669
2676
2681
2683
2707
2708
2722
2733
2759
2766
2774
2775
2790
2792
2793
2803
2809
2836
2852
2853
2868
2884
2893
2896
2900
2903
2904
2907
2908
2910
2914
2939
2941
2943
2952
2960
2970
2976
2985
2988
2999
3013
3025
3034
3049
3073
3083
3084
3088
3094
3099
3105
3115
3116
3119
3133
3140
3144
3153
3157
3160
3162
3166
3169
3172
3174
3193
3200
3204
3207
3211
3214
3217
3224
3232
3237
3241
3250
3263
3265
3271
3292
3293
3296
3298
3301
3309
3325
3331
3334
3340
3350
3375
3388
3424
3441
3450
3451
3456
3457
3458
3465
3466
3476
3477
3479
3480
3483
3484
3495
3503
3504
3532
3540
3544
3552
3554
3556
3557
3564
3565
3568
3576
3583
3584
3590
3596
3602
3604
3605
3607
3608
3609
3613
3614
3621
3623
3624
3625
3626
3627
3628
3629
3638
3646
3648
3655
3658
3670
3682
3683
3697
3698
3702
3703
3704
3705
3706
3707
3708
3709
3713
3714
3717
3718
3729
3731
3737
3747
3749
3759
3767
3777
3780
3795
3799
3829
3848
3921
3922
3923
3924
3926
3927
3929
3930
3931
3952
3953
3962
3963
3965
3967
4022
4033
4053
4066
4071
4075
4082
4101
4102
4112
4113
4115
4118
4119
4131
4135
4153
4165
4179
4184
4185
4186
4194
4199
4215
4216
4220
4240
4250
4253
4264
4276
4278
4293
4298
4299
4300
4301
4303
4308
4311
4316
4350
4351
4352
4364
4390
4396
4402
4430
4441
4443
4445
4470
4474
4490
4491
4497
4543
4545
4549
4596
4600
4604
4618
4632
4633
4634
4649
4660
4670
4676
4677
4691
4696
4699
4702
4726
4734
4755
4765
4766
4798
4816
4847
4869
4880
4884
4898
4909
4912
4913
4914
4915
4919
4920
4940
4943
4946
4969
4997
4998
5011
5014
5035
5040
5042
5051
5082
5084
5102
5112
5116
5124
5125
5163
5167
5190
5200
5243
5265
5280
5293
5298
5311
5317
5326
5351
5352
5380
5382
5390
5396
5399
5425
5428
5432
5449
5456
5460
5476
5488
5496
5500
5513
5522
5531
5549
5550
5566
5573
5577
5579
5580
5581
5585
5587
5592
5594
5601
5602
5638
5645
5648
5651
5652
5660
5679
5688
5700
5724
5725
5736
5740
5743
5750
5768
5773
5778
5784
5793
5801
5804
5823
5824
5828
5836
5837
5838
5842
5843
5848
5850
5853
5866
5872
5875
5877
5884
5903
5916
5933
5953
5959
5966
5985
5993
6004
6026
6038
6049
6050
6061
6063
6076
6089
6091
6092
6093
6103
6104
6122
6131
6150
6154
6157
6158
6162
6185
6186
6204
6219
6235
6243
6261
6274
6276
6291
6317
6321
6322
6357
6363
6365
6366
6371
6372
6373
6389
6391
6393
6400
6423
6424
6455
6463
6466
6468
6479
6491
6492
6511
6516
6544
6545
6546
6551
6556
6559
6564
6575
6587
6592
6651
6661
6675
6676
6694
6705
6711
6719
6725
6728
6744
6755
6756
6767
6787
6812
6817
6825
6833
6844
6859
6874
6885
6886
6892
6900
6905
6935
6938
6954
6955
6960
6965
6977
7037
7081
7086
7112
7117
7148
7152
7176
7177
7178
7179
7208
7209
7285
7290
7326
7332
7366
7376
7382
7401
7403
7409
7412
7453
7461
7472
7475
7491
7494
7499
7508
7513
7517
7519
7532
7533
7547
7557
7569
7570
7571
7572
7578
7583
7588
7592
7612
7614
7626
7630
7641
7650
7651
7652
7666
7687
7696
7702
7704
7713
7722
7727
7730
7733
7740
7756
7761
7770
7774
7777
7784
7818
7819
7821
7824
7832
7839
7856
7871
7888
7898
7903
7906
7908
7915
7917
7925
7946
7947
7950
7956
7958
7964
7970
7981
7983
7984
8008
8065
8074
8078
8088
8118
8129
8131
8134
8145
8227
8228
8229
8234
8236
8243
8246
8249
8251
8253
8276
8317
8318
8320
8327
8330
8338
8342
8345
8346
8347
8348
8349
8366
8368
8405
8429
8455
8472
8497
8508
8533
8572
8587
8606
8609
8614
8684
8732
8733
8742
8775
8784
8786
8787
8791
8802
8808
8811
8842
8849
8850
8856
8868
8890
8905
8917
8951
8977
9008
9013
9021
9036
9045
9049
9054
9058
9059
9066
9079
9085
9090
9092
9094
9095
9096
9124
9126
9143
9157
9171
9178
9183
9199
9239
9240
9245
9257
9258
9295
9378
9383
9384
9385
9432
9443
9445
9489
9493
9499
9530
9543
9576
9581
9588
9630
9631
9639
9650
9671
9675
9681
9691
9693
9694
9699
9709
9717
9728
9749
9751
9752
9776
9798
9802
9833
9847
9860
9872
9919
9975
9990
10009
10044
10062
10063
10066
10073
10161
10218
10222
10227
10237
10257
10266
10268
10355
10395
10412
10480
10485
10542
10565
10576
10610
10627
10670
10695
10728
10753
10796
10802
10804
10805
10881
10941
10942
10957
10964
11000
11015
11036
11044
11060
11082
11090
11160
11194
11210
11218
11243
11270
11305
11314
11400
11401
11402
11403
11404
11405
11406
11413
11414
11423
11425
11426
11427
11439
11460
11472
11512
11545
11574
11577
11597
11605
11632
11643
11656
11675
11837
11856
11873
11923
11928
12042
12083
12123
12135
12136
12142
12148
12150
12170
12172
12173
12182
12203
12206
12210
12220
12229
12234
12239
12279
12280
12288
12406
12499
12539
12554
12558
12591
12676
12677
12679
12680
12682
12692
12716
12742
12788
12806
12914
12921
12940
12950
12960
13038
13109
13113
13139
13209
13239
13300
13448
13455
13575
13577
13581
13615
13684
13685
13687
13688
13689
13690
13691
13739
13789
13870
13875
13897
14000
14263
14362
14552
14557
14589
14651
14663
14664
14725
14878
14973
14980
15076
15089
15097
15172
15205
15234
15238
15243
15298
15329
15340
15370
15463
15514
15515
15517
15742
15782
15881
16035
16062
16152
16153
16156
16276
16344
16357
16402
16403
16405
16494
16504
16517
16570
16656
16775
17133
17559
17575
17801
18263
18275
18328
18526
18553
19157
19370
