0
3
5
7
8
9
15
17
18
20
23
24
26
28
29
35
36
39
50
52
54
55
56
57
58
60
62
63
67
68
70
71
72
74
76
77
78
79
83
84
86
87
88
93
94
97
98
99
100
101
107
108
110
112
113
118
119
120
123
124
125
126
128
129
130
131
136
138
140
141
142
143
146
147
151
152
153
155
156
159
163
167
168
170
172
175
177
181
182
188
193
197
200
203
204
205
206
207
208
210
211
213
215
216
219
221
222
224
227
229
230
233
236
237
241
242
247
252
254
257
258
259
264
265
266
267
268
273
275
277
278
279
280
282
284
287
288
289
293
295
296
297
298
299
300
304
305
307
308
310
313
320
321
322
323
341
343
344
345
347
350
351
352
370
371
375
378
379
383
384
387
388
393
402
403
410
413
420
422
424
425
426
427
428
431
432
433
436
438
439
440
441
442
445
450
451
454
456
458
463
464
466
474
475
477
480
482
500
504
505
511
513
514
516
526
532
535
536
537
538
541
542
546
548
553
555
558
559
563
564
569
576
579
582
588
593
597
599
607
610
611
612
613
628
631
632
634
635
636
639
644
654
656
658
663
664
665
666
668
670
672
673
674
675
680
681
684
685
689
690
692
698
703
706
710
718
719
720
721
724
727
730
731
734
735
736
737
738
739
750
752
754
758
759
760
765
768
770
772
774
775
777
780
782
786
788
789
790
792
795
796
798
801
802
804
805
806
810
811
815
824
825
830
832
834
836
837
839
843
848
850
851
856
857
860
862
867
868
869
870
871
877
878
879
884
888
889
891
894
895
896
898
903
904
911
917
918
920
921
924
926
928
929
930
935
936
943
950
957
963
964
969
973
975
976
978
980
981
992
996
1002
1006
1013
1018
1020
1022
1024
1030
1035
1036
1043
1055
1056
1061
1062
1063
1064
1065
1068
1070
1074
1075
1076
1077
1082
1083
1084
1085
1086
1096
1105
1106
1122
1143
1156
1158
1159
1167
1169
1171
1175
1181
1184
1186
1189
1190
1191
1192
1199
1206
1209
1213
1215
1219
1223
1227
1231
1233
1234
1242
1245
1250
1253
1258
1264
1267
1270
1275
1279
1312
1314
1323
1327
1328
1331
1335
1348
1349
1350
1354
1362
1367
1387
1392
1400
1402
1404
1406
1410
1422
1429
1433
1434
1436
1437
1443
1454
1458
1463
1465
1469
1472
1473
1474
1475
1477
1479
1480
1485
1487
1494
1495
1497
1498
1500
1504
1514
1516
1527
1538
1541
1551
1552
1560
1563
1566
1567
1573
1579
1580
1587
1589
1591
1595
1596
1599
1610
1616
1622
1625
1629
1647
1651
1659
1661
1664
1667
1670
1671
1677
1678
1679
1683
1687
1688
1692
1693
1699
1712
1716
1720
1726
1729
1733
1736
1747
1749
1760
1761
1762
1770
1773
1777
1778
1781
1788
1792
1798
1808
1810
1819
1820
1822
1826
1832
1840
1850
1867
1869
1870
1875
1880
1887
1893
1896
1900
1902
1903
1909
1918
1924
1929
1947
1950
1953
1959
1971
1972
1977
1979
1980
1984
1986
1990
2004
2008
2009
2012
2022
2032
2033
2035
2036
2037
2043
2045
2048
2049
2052
2061
2064
2068
2070
2080
2081
2085
2086
2088
2089
2090
2092
2098
2100
2115
2124
2135
2136
2137
2141
2150
2154
2157
2159
2160
2166
2168
2194
2197
2199
2200
2204
2208
2209
2229
2232
2233
2238
2240
2246
2248
2254
2255
2256
2260
2268
2282
2301
2309
2315
2316
2321
2328
2336
2337
2341
2343
2344
2354
2355
2358
2359
2364
2366
2369
2386
2388
2393
2394
2398
2403
2407
2408
2418
2432
2434
2436
2437
2444
2446
2448
2450
2460
2463
2464
2473
2477
2486
2488
2491
2492
2498
2499
2501
2504
2511
2513
2517
2518
2521
2527
2531
2533
2544
2546
2547
2548
2551
2552
2553
2558
2559
2561
2568
2570
2571
2574
2579
2581
2582
2587
2590
2592
2593
2595
2600
2601
2602
2603
2604
2605
2606
2608
2609
2610
2613
2614
2615
2619
2622
2623
2624
2625
2626
2627
2628
2637
2641
2642
2643
2644
2645
2646
2647
2648
2649
2650
2651
2652
2659
2661
2662
2666
2669
2671
2674
2676
2677
2678
2680
2681
2682
2683
2684
2685
2692
2696
2702
2703
2705
2707
2708
2716
2722
2723
2725
2727
2732
2733
2734
2736
2737
2746
2747
2749
2756
2759
2763
2766
2771
2774
2775
2781
2790
2792
2793
2796
2802
2803
2805
2809
2815
2824
2830
2832
2835
2836
2843
2844
2846
2848
2850
2851
2852
2853
2854
2857
2859
2860
2861
2864
2868
2869
2872
2876
2877
2879
2882
2884
2893
2896
2900
2901
2903
2904
2907
2908
2910
2912
2914
2915
2919
2921
2922
2924
2926
2931
2939
2941
2943
2951
2952
2953
2960
2962
2963
2965
2967
2969
2970
2976
2977
2985
2987
2988
2999
3001
3002
3003
3004
3011
3013
3016
3025
3029
3033
3034
3035
3037
3042
3044
3046
3049
3059
3061
3065
3073
3079
3082
3083
3084
3088
3094
3098
3099
3105
3107
3111
3112
3115
3116
3117
3118
3119
3124
3127
3128
3130
3133
3134
3135
3139
3140
3142
3144
3150
3153
3156
3157
3160
3161
3162
3166
3169
3171
3172
3174
3175
3177
3183
3185
3186
3193
3200
3201
3204
3205
3207
3211
3213
3214
3215
3216
3217
3224
3227
3228
3232
3234
3237
3238
3239
3241
3242
3244
3250
3257
3258
3262
3263
3264
3265
3270
3271
3285
3287
3288
3289
3292
3293
3296
3298
3301
3308
3309
3311
3315
3322
3324
3325
3328
3330
3331
3334
3340
3341
3343
3347
3350
3352
3354
3363
3368
3370
3374
3375
3380
3383
3385
3388
3391
3404
3407
3409
3410
3412
3418
3421
3424
3426
3429
3431
3441
3442
3443
3447
3450
3451
3454
3456
3457
3458
3459
3465
3466
3472
3473
3474
3475
3476
3477
3479
3480
3483
3484
3487
3495
3498
3503
3504
3509
3512
3516
3517
3518
3525
3526
3527
3529
3532
3533
3534
3535
3540
3541
3544
3545
3546
3547
3550
3551
3552
3553
3554
3556
3557
3560
3563
3564
3565
3568
3573
3574
3576
3578
3581
3582
3583
3584
3589
3590
3595
3596
3598
3599
3601
3602
3604
3605
3606
3607
3608
3609
3613
3614
3616
3621
3623
3624
3625
3626
3627
3628
3629
3630
3632
3635
3638
3646
3648
3651
3652
3655
3658
3665
3667
3670
3679
3682
3683
3689
3693
3695
3697
3698
3699
3700
3702
3703
3704
3705
3706
3707
3708
3709
3711
3713
3714
3717
3718
3720
3721
3722
3725
3729
3731
3735
3737
3742
3746
3747
3749
3751
3753
3759
3767
3769
3770
3771
3772
3776
3777
3778
3780
3783
3786
3791
3795
3798
3799
3800
3801
3802
3803
3804
3813
3827
3828
3829
3839
3844
3845
3848
3854
3860
3880
3881
3897
3898
3899
3900
3901
3906
3908
3909
3921
3922
3923
3924
3926
3927
3929
3930
3931
3952
3953
3954
3958
3962
3963
3965
3967
3993
3997
4001
4006
4007
4009
4012
4013
4022
4023
4027
4032
4033
4036
4039
4046
4053
4062
4066
4070
4071
4074
4075
4079
4080
4082
4084
4085
4087
4090
4101
4102
4103
4104
4108
4112
4113
4115
4118
4119
4120
4125
4129
4131
4134
4135
4153
4159
4160
4165
4169
4171
4173
4175
4179
4184
4185
4186
4188
4190
4191
4194
4198
4199
4212
4215
4216
4220
4223
4228
4229
4237
4238
4240
4241
4250
4253
4264
4266
4267
4268
4269
4271
4274
4275
4276
4278
4293
4298
4299
4300
4301
4302
4303
4304
4308
4309
4310
4311
4313
4316
4331
4334
4336
4340
4347
4350
4351
4352
4353
4354
4359
4360
4364
4365
4371
4375
4384
4388
4389
4390
4396
4401
4402
4415
4424
4430
4437
4438
4439
4441
4443
4445
4448
4451
4454
4455
4460
4469
4470
4473
4474
4477
4478
4479
4490
4491
4497
4506
4523
4524
4534
4539
4543
4545
4546
4549
4551
4552
4555
4559
4560
4561
4562
4571
4579
4581
4582
4596
4597
4600
4604
4605
4607
4611
4612
4613
4614
4617
4618
4619
4622
4623
4630
4632
4633
4634
4635
4639
4642
4649
4660
4670
4676
4677
4685
4690
4691
4694
4696
4699
4702
4708
4710
4726
4727
4732
4734
4742
4752
4755
4758
4759
4763
4765
4766
4768
4774
4787
4792
4798
4805
4806
4815
4816
4817
4821
4828
4837
4838
4841
4844
4847
4859
4866
4868
4869
4871
4878
4879
4880
4881
4882
4883
4884
4886
4887
4889
4894
4896
4898
4909
4910
4912
4913
4914
4915
4919
4920
4927
4931
4940
4943
4946
4958
4962
4964
4967
4968
4969
4973
4976
4979
4981
4993
4994
4997
4998
5001
5007
5011
5014
5019
5035
5040
5041
5042
5045
5051
5052
5061
5064
5074
5075
5082
5084
5087
5096
5100
5102
5106
5109
5110
5112
5116
5121
5124
5125
5133
5144
5148
5151
5157
5158
5163
5167
5169
5173
5184
5186
5190
5193
5195
5196
5197
5200
5204
5205
5220
5226
5231
5235
5242
5243
5247
5265
5266
5273
5280
5286
5293
5298
5306
5311
5317
5325
5326
5338
5342
5351
5352
5358
5360
5361
5366
5368
5369
5370
5379
5380
5382
5390
5392
5395
5396
5399
5401
5408
5419
5425
5428
5432
5437
5449
5456
5458
5460
5464
5466
5468
5471
5475
5476
5477
5480
5481
5488
5489
5491
5496
5497
5500
5513
5515
5521
5522
5529
5531
5536
5549
5550
5556
5566
5567
5573
5577
5578
5579
5580
5581
5585
5587
5591
5592
5594
5596
5599
5601
5602
5605
5606
5614
5620
5623
5637
5638
5640
5644
5645
5648
5651
5652
5653
5654
5660
5661
5668
5675
5679
5681
5686
5687
5688
5692
5697
5700
5706
5708
5709
5711
5715
5724
5725
5734
5735
5736
5740
5743
5746
5750
5751
5754
5760
5767
5768
5773
5778
5779
5783
5784
5793
5801
5804
5806
5810
5814
5817
5820
5823
5824
5827
5828
5829
5831
5836
5837
5838
5842
5843
5848
5849
5850
5853
5855
5859
5860
5866
5867
5868
5869
5872
5875
5876
5877
5880
5884
5888
5891
5895
5903
5916
5918
5927
5929
5933
5947
5952
5953
5956
5959
5966
5971
5977
5985
5987
5991
5993
6004
6008
6009
6012
6013
6015
6019
6022
6023
6026
6027
6033
6035
6036
6037
6038
6039
6049
6050
6061
6063
6064
6067
6068
6076
6082
6086
6089
6091
6092
6093
6098
6103
6104
6106
6111
6113
6114
6122
6123
6126
6131
6137
6138
6139
6140
6141
6143
6144
6150
6154
6157
6158
6159
6160
6162
6164
6185
6186
6193
6201
6204
6205
6208
6212
6213
6214
6218
6219
6226
6227
6230
6231
6234
6235
6241
6243
6248
6253
6261
6267
6272
6274
6276
6291
6297
6301
6304
6317
6321
6322
6330
6336
6357
6358
6363
6365
6366
6367
6370
6371
6372
6373
6375
6381
6389
6391
6393
6399
6400
6411
6414
6415
6416
6418
6420
6423
6424
6427
6439
6455
6458
6460
6463
6466
6467
6468
6479
6491
6492
6494
6496
6497
6505
6509
6511
6512
6514
6516
6517
6532
6535
6544
6545
6546
6549
6551
6556
6559
6564
6571
6575
6577
6578
6579
6585
6586
6587
6592
6593
6597
6599
6603
6612
6616
6619
6626
6645
6646
6651
6652
6661
6665
6668
6672
6675
6676
6679
6680
6687
6694
6696
6697
6704
6705
6711
6718
6719
6721
6725
6728
6730
6731
6738
6744
6753
6755
6756
6757
6761
6762
6765
6767
6772
6774
6786
6787
6790
6791
6792
6796
6802
6803
6807
6808
6809
6810
6812
6813
6817
6825
6833
6836
6844
6859
6869
6870
6874
6881
6883
6884
6885
6886
6889
6891
6892
6897
6900
6905
6915
6918
6921
6922
6926
6927
6928
6934
6935
6938
6954
6955
6960
6962
6965
6966
6970
6977
6996
6999
7004
7027
7034
7037
7040
7044
7049
7050
7055
7064
7068
7073
7081
7086
7087
7089
7091
7108
7112
7117
7126
7132
7134
7135
7136
7140
7146
7147
7148
7149
7152
7162
7175
7176
7177
7178
7179
7190
7194
7199
7203
7208
7209
7210
7220
7225
7226
7230
7232
7238
7241
7242
7243
7244
7245
7247
7249
7250
7256
7257
7271
7273
7274
7275
7276
7282
7285
7290
7294
7302
7314
7321
7326
7328
7332
7334
7338
7344
7345
7352
7358
7360
7366
7376
7377
7379
7382
7391
7396
7397
7401
7403
7405
7406
7409
7410
7411
7412
7422
7428
7451
7453
7454
7458
7461
7463
7466
7472
7473
7475
7491
7492
7493
7494
7499
7508
7512
7513
7517
7519
7532
7533
7547
7550
7557
7566
7567
7569
7570
7571
7572
7573
7576
7578
7579
7583
7584
7586
7587
7588
7592
7594
7595
7596
7604
7605
7609
7612
7614
7617
7624
7626
7628
7630
7633
7635
7640
7641
7643
7644
7645
7650
7651
7652
7654
7658
7662
7664
7665
7666
7670
7672
7680
7684
7687
7695
7696
7700
7701
7702
7704
7705
7707
7709
7713
7715
7722
7724
7725
7727
7730
7733
7740
7748
7749
7754
7756
7758
7760
7761
7762
7766
7770
7772
7773
7774
7777
7782
7784
7788
7790
7791
7797
7804
7805
7807
7810
7812
7818
7819
7821
7824
7827
7832
7835
7839
7842
7849
7851
7854
7856
7869
7871
7877
7888
7891
7894
7897
7898
7899
7903
7906
7907
7908
7913
7915
7916
7917
7925
7940
7946
7947
7949
7950
7956
7958
7964
7970
7971
7980
7981
7983
7984
7989
7993
8003
8006
8008
8010
8013
8015
8021
8026
8030
8034
8036
8037
8041
8044
8045
8046
8047
8048
8049
8058
8065
8071
8074
8077
8078
8080
8087
8088
8100
8102
8105
8118
8119
8120
8123
8129
8131
8134
8145
8161
8169
8170
8194
8213
8227
8228
8229
8234
8236
8243
8246
8249
8251
8253
8267
8270
8276
8291
8292
8310
8314
8317
8318
8320
8327
8330
8332
8338
8340
8342
8343
8345
8346
8347
8348
8349
8354
8357
8366
8368
8371
8373
8379
8390
8400
8405
8411
8412
8421
8425
8426
8429
8450
8455
8456
8457
8461
8462
8471
8472
8481
8488
8495
8497
8508
8511
8520
8529
8533
8566
8567
8568
8572
8579
8587
8589
8594
8599
8600
8603
8606
8609
8612
8613
8614
8616
8629
8651
8652
8655
8660
8680
8684
8705
8716
8732
8733
8740
8741
8742
8745
8756
8764
8773
8775
8782
8784
8786
8787
8791
8794
8801
8802
8803
8808
8811
8813
8818
8826
8834
8835
8842
8849
8850
8856
8857
8862
8863
8864
8865
8866
8868
8869
8873
8875
8877
8890
8894
8896
8898
8902
8903
8904
8905
8917
8920
8921
8922
8927
8928
8938
8949
8951
8952
8960
8965
8974
8977
8998
9008
9013
9021
9034
9036
9044
9045
9049
9054
9058
9059
9060
9062
9066
9072
9073
9078
9079
9081
9085
9089
9090
9091
9092
9093
9094
9095
9096
9106
9124
9126
9129
9131
9135
9140
9141
9143
9148
9150
9157
9169
9171
9178
9179
9183
9192
9194
9195
9199
9236
9239
9240
9242
9245
9257
9258
9279
9295
9334
9348
9351
9357
9365
9378
9383
9384
9385
9412
9423
9432
9440
9443
9445
9446
9469
9476
9481
9485
9489
9493
9496
9497
9498
9499
9501
9503
9505
9507
9514
9521
9522
9525
9527
9529
9530
9538
9543
9545
9547
9549
9554
9555
9556
9560
9567
9568
9569
9570
9571
9576
9578
9581
9588
9589
9593
9595
9600
9629
9630
9631
9637
9639
9640
9650
9653
9663
9670
9671
9675
9681
9691
9693
9694
9698
9699
9709
9717
9721
9728
9735
9749
9751
9752
9771
9776
9788
9798
9802
9806
9810
9815
9816
9817
9821
9833
9847
9860
9872
9888
9897
9907
9912
9919
9920
9927
9929
9931
9935
9937
9939
9941
9974
9975
9976
9990
10009
10023
10029
10032
10039
10044
10054
10062
10063
10065
10066
10073
10082
10097
10099
10100
10143
10154
10155
10161
10163
10164
10166
10180
10189
10190
10193
10218
10222
10227
10237
10240
10245
10257
10266
10268
10271
10273
10290
10293
10317
10334
10352
10355
10395
10412
10447
10480
10482
10485
10528
10538
10542
10543
10544
10565
10567
10576
10585
10595
10605
10610
10627
10633
10647
10670
10690
10694
10695
10717
10728
10742
10751
10752
10753
10761
10777
10782
10784
10796
10800
10802
10803
10804
10805
10806
10809
10814
10827
10857
10860
10869
10872
10881
10912
10920
10941
10942
10945
10948
10949
10952
10957
10964
10971
10994
11000
11009
11015
11021
11023
11033
11036
11040
11044
11046
11051
11060
11082
11090
11105
11116
11126
11127
11130
11131
11144
11156
11160
11173
11181
11194
11210
11211
11212
11218
11229
11243
11266
11270
11305
11314
11339
11352
11365
11400
11401
11402
11403
11404
11405
11406
11413
11414
11418
11423
11425
11426
11427
11439
11460
11472
11476
11503
11504
11512
11529
11533
11545
11554
11564
11572
11574
11577
11578
11587
11590
11597
11602
11605
11606
11613
11619
11632
11640
11643
11644
11655
11656
11670
11675
11679
11682
11715
11731
11734
11818
11837
11855
11856
11873
11877
11923
11928
11992
12042
12047
12055
12079
12080
12083
12086
12100
12104
12111
12112
12122
12123
12130
12135
12136
12138
12139
12140
12142
12148
12150
12155
12158
12170
12172
12173
12182
12186
12194
12199
12201
12203
12206
12210
12211
12220
12225
12229
12230
12234
12239
12241
12242
12247
12251
12252
12263
12279
12280
12281
12286
12288
12323
12325
12358
12385
12386
12399
12406
12433
12470
12499
12500
12501
12522
12538
12539
12554
12558
12568
12587
12591
12594
12599
12638
12648
12674
12676
12677
12679
12680
12682
12686
12692
12699
12701
12702
12705
12707
12716
12723
12735
12736
12738
12742
12747
12788
12798
12803
12804
12806
12808
12810
12876
12879
12881
12889
12894
12897
12914
12919
12921
12940
12950
12954
12960
12975
12992
12994
13012
13038
13068
13100
13109
13113
13117
13139
13144
13181
13190
13195
13209
13212
13227
13239
13240
13244
13267
13273
13279
13281
13282
13291
13298
13300
13326
13365
13415
13418
13419
13427
13431
13448
13455
13462
13483
13492
13494
13507
13517
13532
13536
13567
13575
13577
13581
13609
13615
13617
13647
13655
13658
13660
13684
13685
13687
13688
13689
13690
13691
13692
13718
13722
13732
13739
13770
13789
13816
13851
13856
13858
13870
13875
13881
13897
13942
13997
14000
14001
14002
14014
14015
14016
14038
14039
14047
14052
14087
14114
14133
14200
14254
14263
14340
14351
14362
14383
14391
14400
14441
14468
14490
14535
14552
14557
14561
14589
14590
14594
14614
14646
14651
14657
14663
14664
14670
14698
14702
14720
14725
14752
14799
14843
14866
14878
14897
14901
14910
14912
14924
14925
14945
14960
14973
14980
14982
15005
15015
15035
15040
15051
15065
15066
15072
15076
15086
15089
15097
15120
15124
15135
15149
15153
15172
15180
15184
15191
15205
15213
15226
15234
15238
15243
15249
15266
15278
15296
15298
15306
15312
15319
15329
15340
15367
15370
15384
15387
15401
15411
15440
15442
15463
15491
15514
15515
15517
15518
15553
15557
15596
15622
15625
15626
15627
15629
15634
15639
15640
15666
15668
15673
15714
15717
15723
15735
15739
15740
15742
15777
15782
15826
15847
15851
15854
15865
15870
15881
15957
16010
16035
16037
16041
16052
16062
16078
16085
16112
16152
16153
16156
16199
16206
16227
16241
16276
16279
16325
16344
16350
16356
16357
16374
16375
16377
16402
16403
16405
16412
16423
16433
16446
16454
16478
16487
16494
16499
16504
16505
16517
16524
16530
16531
16542
16546
16548
16551
16570
16573
16577
16590
16596
16605
16609
16628
16656
16689
16705
16715
16739
16758
16760
16763
16775
16786
16792
16804
16829
17122
17133
17169
17366
17406
17412
17430
17471
17490
17515
17518
17559
17566
17575
17628
17629
17630
17631
17632
17633
17665
17801
17821
17826
17857
17858
17887
17897
17934
17988
18062
18063
18064
18065
18066
18068
18071
18104
18105
18106
18107
18108
18109
18110
18111
18112
18113
18114
18115
18116
18117
18118
18119
18120
18121
18122
18123
18124
18125
18126
18127
18128
18129
18130
18131
18132
18133
18135
18136
18137
18138
18139
18140
18141
18142
18143
18144
18145
18146
18263
18275
18328
18337
18338
18339
18341
18342
18343
18344
18345
18346
18351
18356
18357
18358
18429
18450
18526
18553
18933
18972
18973
19155
19157
19184
19198
19225
19226
19227
19228
19229
19230
19370
19441
