17
60
67
83
87
103
107
115
124
132
178
180
181
201
210
215
218
271
280
284
289
295
297
300
303
308
312
389
392
421
422
423
431
432
438
445
451
480
601
619
662
670
686
715
739
765
768
792
795
806
829
850
856
857
918
919
921
941
960
982
986
1008
1040
1046
1050
1077
1113
1130
1209
1223
1228
1231
1272
1327
1379
1450
1483
1485
1550
1556
1558
1610
1639
1679
1680
1692
1770
1792
1795
1852
1859
1950
1982
1985
1986
2037
2041
2064
2076
2101
2104
2128
2248
2276
2422
2423
2446
2521
2531
2543
2546
2588
2609
2623
2624
2640
2644
2648
2649
2657
2660
2661
2669
2692
2714
2747
2781
2821
2832
2862
2939
2977
2992
2999
3018
3033
3068
3083
3095
3139
3144
3162
3172
3188
3217
3222
3232
3264
3267
3292
3316
3337
3340
3350
3359
3433
3466
3483
3495
3525
3552
3597
3604
3612
3632
3634
3651
3652
3654
3658
3665
3666
3757
3782
3791
3820
3827
3843
3869
3888
3892
3907
3915
3924
3941
3997
4013
4027
4048
4087
4088
4103
4143
4166
4179
4194
4216
4275
4310
4356
4383
4388
4389
4411
4421
4444
4481
4605
4612
4618
4649
4703
4708
4711
4743
4779
4816
4881
4894
4910
4912
4930
4994
5027
5045
5071
5093
5098
5114
5156
5179
5188
5192
5254
5261
5268
5298
5304
5317
5323
5340
5432
5456
5458
5471
5531
5536
5550
5616
5649
5652
5653
5664
5689
5794
5817
5835
5874
5914
5917
5949
5969
6015
6050
6093
6111
6140
6148
6156
6213
6235
6265
6298
6432
6444
6455
6461
6491
6612
6629
6720
6800
6834
6859
6907
6954
6982
7030
7072
7178
7208
7303
7326
7334
7342
7366
7428
7451
7470
7476
7490
7580
7592
7619
7630
7633
7714
7739
7774
7779
7925
7935
7949
7957
7961
7970
7976
7993
8008
8042
8051
8058
8063
8102
8145
8150
8161
8215
8220
8251
8275
8327
8335
8338
8354
8389
8466
8605
8736
8792
8797
8798
8849
8862
8944
8951
8966
8970
9086
9219
9236
9242
9283
9339
9441
9453
9461
9499
9525
9540
9556
9611
9671
9707
9734
9802
9810
9822
9884
9920
9975
9990
10036
10064
10186
10384
10395
10426
10543
10657
10715
10824
10964
10992
11011
11044
11163
11251
11342
11557
11564
11581
11747
11792
12037
12055
12072
12139
12185
12374
12497
12568
12663
12711
12720
12775
12895
12898
12914
12963
13039
13052
13224
13486
13496
13510
13720
13770
13771
13804
13915
14259
14337
14469
14627
14682
14735
14822
14897
14922
15049
15062
15066
15152
15186
15246
15373
15981
16008
16201
16422
16524
16551
16666
16826
17280
17430
17878
18114
18135
18203
18237
18349
18391
18420
18484
18722
18968
19367
19489
