3
8
9
16
17
18
22
24
26
29
32
38
39
41
43
45
46
48
54
55
56
57
58
60
61
62
67
68
69
70
71
72
74
75
77
79
83
89
90
91
97
101
107
108
110
112
113
115
116
119
120
123
124
126
127
130
131
137
138
152
154
156
159
160
163
168
170
172
174
177
178
179
180
182
183
197
203
204
205
206
210
211
212
214
215
217
226
228
230
237
239
254
261
264
265
270
271
272
273
275
276
279
280
285
287
288
290
293
295
296
297
299
300
303
307
313
319
321
322
323
326
339
344
345
346
347
349
351
352
356
370
371
372
373
374
375
376
379
381
384
388
393
394
398
402
403
408
409
412
417
418
425
427
428
431
432
434
438
439
441
442
445
450
451
454
455
459
464
465
469
470
473
474
483
492
502
504
508
513
514
519
525
526
527
532
534
546
549
550
552
553
554
555
556
558
564
567
569
575
579
582
587
596
601
606
607
611
612
615
616
617
619
625
630
635
636
646
648
651
652
662
663
665
667
668
670
671
673
679
684
685
686
687
689
690
692
694
698
703
709
710
714
717
718
721
724
725
727
728
734
736
737
739
743
750
753
754
755
758
759
765
768
770
775
777
778
780
781
782
787
790
792
794
796
801
805
806
826
827
836
844
846
847
850
854
858
861
864
867
869
878
884
886
887
888
892
895
903
911
918
920
921
927
929
931
941
943
944
955
956
957
963
966
967
980
984
987
1006
1009
1011
1013
1014
1015
1024
1029
1030
1031
1043
1049
1055
1061
1062
1063
1065
1069
1070
1071
1076
1077
1082
1083
1084
1086
1088
1092
1098
1099
1103
1109
1110
1113
1120
1123
1124
1127
1128
1132
1133
1135
1136
1139
1143
1144
1145
1155
1156
1159
1160
1162
1167
1178
1179
1181
1184
1186
1190
1200
1209
1213
1216
1217
1219
1223
1224
1226
1227
1231
1234
1238
1242
1245
1249
1253
1258
1264
1265
1268
1270
1271
1272
1276
1279
1286
1297
1304
1312
1323
1327
1331
1334
1350
1368
1369
1372
1373
1378
1385
1387
1390
1400
1402
1406
1410
1418
1419
1422
1426
1430
1436
1443
1444
1447
1453
1458
1463
1465
1474
1478
1480
1481
1485
1487
1488
1491
1492
1495
1498
1500
1504
1505
1514
1521
1527
1528
1541
1545
1548
1553
1554
1560
1563
1566
1567
1572
1580
1583
1587
1589
1590
1593
1596
1599
1600
1603
1610
1613
1616
1620
1625
1629
1630
1639
1644
1652
1653
1654
1655
1659
1667
1671
1673
1674
1677
1678
1679
1692
1693
1697
1703
1716
1717
1726
1727
1729
1731
1733
1736
1739
1740
1745
1746
1747
1752
1758
1759
1760
1761
1765
1766
1769
1773
1774
1789
1790
1792
1795
1798
1808
1810
1811
1822
1828
1830
1835
1852
1853
1856
1870
1875
1889
1896
1904
1909
1911
1918
1931
1935
1937
1945
1947
1957
1960
1961
1964
1965
1969
1972
1973
1977
1982
1989
2003
2004
2009
2012
2018
2027
2032
2033
2035
2037
2041
2046
2052
2064
2068
2070
2075
2076
2078
2088
2089
2092
2095
2098
2100
2101
2103
2113
2132
2133
2139
2144
2154
2155
2164
2167
2168
2172
2174
2176
2179
2185
2190
2194
2196
2197
2199
2202
2219
2225
2232
2238
2246
2249
2254
2260
2268
2278
2284
2313
2321
2322
2330
2332
2335
2341
2354
2358
2359
2364
2366
2368
2369
2385
2394
2403
2410
2412
2413
2418
2419
2422
2423
2432
2434
2436
2437
2438
2443
2448
2450
2455
2463
2466
2472
2477
2482
2488
2489
2490
2491
2492
2493
2499
2501
2502
2508
2509
2517
2518
2521
2527
2531
2537
2539
2540
2545
2549
2551
2552
2554
2556
2563
2565
2566
2567
2568
2569
2571
2581
2582
2583
2584
2586
2587
2591
2597
2604
2606
2610
2611
2615
2616
2619
2622
2624
2625
2628
2640
2641
2644
2647
2648
2651
2652
2657
2659
2660
2661
2662
2663
2664
2666
2669
2670
2671
2674
2678
2679
2681
2682
2686
2691
2692
2702
2703
2708
2709
2710
2713
2714
2717
2721
2729
2731
2738
2747
2749
2754
2758
2762
2763
2771
2774
2775
2778
2781
2786
2787
2789
2792
2793
2803
2807
2808
2810
2811
2814
2820
2821
2822
2823
2824
2826
2830
2832
2837
2840
2848
2850
2852
2853
2855
2859
2861
2866
2867
2868
2876
2878
2893
2896
2901
2902
2907
2914
2915
2918
2920
2921
2922
2924
2928
2931
2932
2933
2940
2941
2942
2945
2953
2954
2959
2962
2963
2967
2971
2973
2976
2983
2984
2988
2989
2992
2994
3000
3001
3003
3007
3008
3011
3016
3021
3023
3028
3029
3037
3046
3049
3051
3053
3056
3058
3060
3064
3071
3079
3084
3085
3088
3091
3095
3097
3105
3107
3111
3113
3115
3124
3125
3128
3130
3133
3134
3136
3137
3146
3150
3156
3162
3163
3165
3168
3169
3170
3174
3177
3179
3180
3183
3185
3186
3187
3188
3194
3206
3207
3208
3209
3210
3213
3222
3223
3226
3230
3232
3234
3239
3242
3248
3250
3253
3259
3264
3265
3278
3279
3285
3288
3291
3296
3298
3301
3305
3309
3314
3315
3317
3319
3325
3328
3331
3334
3337
3340
3342
3343
3346
3347
3353
3357
3361
3365
3367
3368
3369
3370
3372
3377
3380
3383
3384
3388
3390
3403
3404
3405
3407
3410
3412
3413
3414
3416
3421
3422
3423
3426
3432
3435
3436
3438
3439
3443
3450
3456
3457
3459
3461
3462
3463
3466
3470
3473
3474
3476
3477
3478
3479
3480
3483
3487
3489
3498
3499
3504
3510
3511
3513
3515
3517
3520
3521
3525
3526
3527
3529
3530
3532
3533
3539
3543
3544
3545
3547
3552
3553
3560
3565
3567
3571
3573
3574
3576
3578
3580
3581
3582
3586
3590
3599
3601
3604
3607
3609
3610
3611
3620
3623
3624
3625
3627
3632
3633
3640
3646
3651
3654
3655
3656
3658
3667
3670
3676
3682
3683
3689
3693
3694
3697
3699
3700
3702
3703
3704
3706
3707
3708
3713
3715
3720
3722
3723
3727
3731
3732
3749
3751
3752
3753
3756
3759
3760
3761
3763
3764
3766
3767
3772
3774
3776
3777
3778
3782
3786
3788
3790
3791
3797
3799
3803
3812
3813
3814
3819
3820
3821
3824
3826
3827
3831
3834
3845
3846
3848
3851
3855
3858
3861
3864
3866
3870
3874
3880
3882
3892
3897
3898
3900
3901
3911
3912
3913
3915
3924
3927
3936
3940
3943
3953
3958
3963
3967
3968
3971
3972
3977
3981
3993
4000
4003
4007
4008
4012
4013
4020
4024
4034
4036
4038
4043
4045
4051
4056
4059
4060
4067
4070
4071
4079
4087
4088
4095
4098
4103
4104
4108
4109
4110
4115
4116
4118
4119
4120
4125
4126
4127
4131
4141
4147
4148
4150
4151
4157
4159
4160
4161
4164
4178
4179
4183
4185
4188
4190
4191
4197
4217
4220
4229
4238
4239
4242
4255
4267
4268
4269
4270
4276
4289
4293
4294
4298
4299
4301
4308
4309
4310
4311
4313
4316
4324
4329
4336
4337
4340
4347
4352
4355
4358
4373
4378
4379
4382
4383
4384
4389
4390
4391
4393
4405
4413
4415
4421
4422
4424
4426
4428
4430
4437
4438
4441
4448
4453
4455
4474
4484
4486
4487
4491
4492
4514
4539
4544
4545
4546
4549
4555
4556
4557
4560
4561
4562
4563
4568
4569
4577
4587
4591
4596
4597
4612
4618
4622
4625
4630
4634
4636
4646
4649
4660
4662
4663
4670
4671
4677
4688
4691
4694
4698
4699
4702
4703
4709
4719
4724
4726
4742
4743
4751
4753
4755
4759
4763
4765
4766
4768
4774
4780
4784
4794
4812
4816
4826
4828
4830
4831
4837
4843
4850
4869
4875
4876
4878
4879
4883
4884
4886
4887
4890
4894
4898
4902
4907
4910
4914
4917
4918
4919
4920
4929
4931
4932
4936
4939
4943
4953
4962
4967
4971
4972
4973
4976
4979
4987
4991
4993
4994
5005
5007
5008
5013
5022
5036
5038
5040
5052
5059
5060
5064
5065
5066
5076
5082
5087
5088
5099
5105
5110
5111
5112
5114
5121
5124
5125
5128
5139
5153
5158
5166
5167
5184
5186
5193
5221
5222
5228
5231
5238
5243
5245
5247
5251
5254
5257
5261
5264
5268
5269
5272
5273
5277
5279
5280
5286
5294
5295
5306
5311
5316
5317
5322
5323
5326
5330
5335
5338
5339
5343
5344
5351
5352
5356
5358
5359
5361
5367
5369
5379
5382
5399
5401
5408
5412
5417
5418
5422
5423
5425
5428
5432
5433
5438
5446
5447
5449
5453
5456
5458
5461
5463
5464
5466
5468
5471
5472
5473
5475
5477
5491
5494
5500
5503
5504
5505
5508
5511
5512
5515
5519
5521
5523
5526
5531
5533
5544
5546
5551
5559
5560
5563
5571
5573
5580
5581
5583
5585
5594
5598
5603
5605
5614
5620
5625
5629
5632
5636
5638
5640
5642
5649
5658
5668
5676
5678
5681
5688
5690
5691
5698
5706
5709
5712
5718
5719
5720
5721
5722
5734
5736
5743
5749
5754
5760
5762
5763
5764
5765
5773
5780
5786
5789
5794
5797
5810
5814
5817
5818
5820
5827
5829
5834
5836
5838
5842
5843
5847
5855
5856
5860
5862
5867
5868
5869
5880
5884
5888
5894
5897
5903
5914
5923
5927
5930
5933
5941
5944
5946
5948
5959
5968
5972
5974
5977
5985
6013
6015
6020
6021
6022
6036
6037
6039
6042
6046
6052
6057
6060
6069
6074
6076
6081
6085
6092
6093
6094
6095
6099
6105
6111
6113
6120
6122
6126
6131
6139
6142
6145
6149
6156
6159
6161
6182
6199
6215
6218
6223
6224
6225
6235
6241
6243
6254
6258
6263
6271
6273
6276
6282
6285
6286
6297
6300
6309
6310
6322
6350
6353
6356
6358
6366
6370
6371
6372
6377
6389
6390
6392
6393
6409
6413
6414
6415
6418
6421
6433
6441
6451
6453
6457
6458
6461
6463
6469
6485
6489
6496
6509
6512
6523
6525
6532
6545
6550
6553
6564
6580
6584
6585
6587
6591
6601
6610
6612
6621
6626
6627
6628
6631
6637
6640
6642
6652
6655
6656
6661
6663
6668
6672
6675
6682
6689
6694
6700
6701
6704
6706
6713
6718
6720
6721
6722
6730
6738
6739
6741
6762
6767
6772
6773
6778
6784
6786
6787
6790
6796
6799
6801
6807
6810
6812
6816
6825
6836
6841
6859
6879
6880
6881
6883
6884
6885
6889
6894
6903
6915
6918
6921
6922
6926
6927
6935
6937
6943
6949
6956
6973
6977
6988
6991
6999
7005
7008
7018
7036
7037
7038
7040
7042
7056
7058
7064
7068
7079
7081
7086
7097
7108
7109
7115
7118
7126
7132
7134
7140
7141
7143
7148
7151
7154
7176
7177
7179
7189
7191
7192
7194
7202
7203
7208
7209
7210
7215
7222
7226
7232
7233
7235
7236
7238
7243
7244
7247
7249
7250
7256
7257
7259
7260
7270
7271
7274
7279
7284
7285
7292
7293
7294
7295
7296
7303
7311
7320
7328
7329
7333
7337
7353
7358
7360
7362
7366
7379
7385
7392
7397
7403
7405
7406
7410
7413
7425
7431
7439
7449
7451
7462
7470
7472
7483
7489
7492
7498
7507
7517
7533
7538
7550
7552
7557
7559
7569
7572
7573
7575
7588
7592
7593
7595
7596
7605
7615
7626
7627
7629
7631
7633
7636
7638
7641
7650
7664
7666
7670
7682
7684
7690
7691
7699
7700
7706
7707
7708
7710
7713
7714
7715
7721
7722
7724
7727
7729
7734
7748
7750
7758
7759
7762
7766
7770
7773
7775
7779
7781
7784
7787
7793
7794
7797
7803
7811
7815
7816
7817
7818
7827
7830
7834
7849
7852
7856
7857
7858
7861
7865
7870
7873
7878
7880
7894
7898
7906
7907
7908
7909
7915
7917
7918
7923
7924
7925
7940
7944
7947
7951
7954
7958
7960
7964
7967
7969
7970
7976
7981
7984
7994
7998
8007
8008
8009
8017
8036
8047
8049
8054
8062
8067
8071
8074
8077
8084
8092
8105
8116
8118
8119
8129
8131
8144
8149
8152
8155
8157
8158
8161
8169
8174
8188
8197
8215
8216
8227
8232
8239
8245
8248
8253
8259
8264
8276
8280
8281
8294
8300
8304
8312
8314
8316
8317
8318
8320
8331
8335
8338
8342
8347
8348
8349
8354
8356
8357
8358
8365
8367
8368
8371
8383
8387
8403
8412
8413
8423
8424
8434
8437
8443
8444
8447
8449
8450
8455
8461
8466
8469
8470
8472
8473
8481
8482
8483
8484
8493
8500
8501
8533
8549
8557
8567
8572
8578
8587
8589
8593
8594
8599
8603
8605
8608
8612
8613
8614
8616
8617
8633
8635
8638
8648
8652
8655
8666
8669
8680
8684
8705
8732
8733
8735
8736
8737
8755
8775
8784
8785
8789
8790
8792
8799
8811
8816
8818
8822
8824
8827
8828
8836
8837
8844
8847
8856
8860
8863
8864
8867
8868
8870
8873
8877
8897
8906
8917
8921
8922
8927
8928
8939
8940
8947
8958
8968
8970
8973
8974
8977
8978
8980
8984
8992
8999
9008
9013
9026
9029
9037
9049
9062
9066
9085
9089
9092
9095
9096
9108
9109
9110
9111
9117
9131
9143
9148
9150
9157
9169
9178
9179
9180
9198
9199
9203
9204
9207
9208
9209
9215
9218
9219
9224
9229
9233
9235
9236
9239
9248
9250
9255
9266
9267
9269
9272
9274
9277
9280
9283
9284
9287
9288
9293
9297
9305
9309
9315
9326
9327
9328
9335
9336
9337
9351
9355
9365
9371
9374
9380
9390
9391
9398
9412
9422
9423
9426
9441
9453
9459
9463
9476
9481
9489
9490
9491
9497
9499
9505
9520
9525
9526
9529
9530
9532
9540
9550
9561
9565
9569
9571
9579
9582
9585
9586
9594
9608
9619
9625
9630
9672
9677
9684
9685
9693
9717
9718
9719
9721
9722
9724
9727
9728
9737
9744
9747
9749
9759
9764
9765
9766
9767
9771
9776
9781
9802
9813
9815
9827
9833
9860
9862
9869
9884
9898
9899
9906
9907
9922
9931
9953
9955
9959
9975
9987
9990
9994
9995
9998
10003
10008
10009
10012
10017
10023
10025
10029
10037
10043
10056
10061
10063
10064
10065
10066
10088
10127
10129
10145
10148
10155
10159
10164
10179
10181
10185
10189
10192
10197
10224
10230
10237
10244
10245
10254
10263
10266
10268
10275
10296
10299
10304
10306
10312
10317
10320
10332
10334
10342
10348
10351
10354
10390
10426
10434
10437
10449
10461
10472
10474
10480
10485
10495
10497
10509
10513
10565
10573
10578
10588
10591
10595
10600
10627
10631
10640
10675
10680
10684
10695
10728
10730
10733
10745
10751
10767
10771
10772
10774
10775
10777
10779
10782
10790
10805
10806
10810
10815
10833
10845
10860
10864
10877
10881
10892
10897
10912
10917
10935
10944
10945
10961
10964
10973
10995
11005
11019
11029
11031
11032
11033
11036
11040
11044
11051
11053
11064
11070
11082
11090
11101
11108
11115
11123
11126
11127
11130
11131
11147
11160
11163
11182
11194
11197
11201
11204
11218
11244
11248
11299
11310
11314
11316
11323
11342
11348
11353
11371
11373
11388
11399
11403
11455
11460
11464
11469
11474
11485
11502
11511
11512
11513
11527
11529
11534
11536
11541
11552
11568
11572
11577
11578
11597
11606
11607
11619
11640
11643
11682
11712
11713
11726
11732
11740
11758
11763
11780
11782
11785
11798
11812
11829
11855
11873
11890
11908
11910
11940
11955
11963
11968
11978
11993
12007
12014
12027
12057
12079
12100
12111
12123
12127
12130
12134
12138
12139
12140
12143
12146
12150
12166
12179
12190
12194
12210
12213
12227
12230
12247
12252
12253
12255
12265
12276
12277
12280
12281
12282
12293
12298
12319
12321
12325
12341
12345
12358
12403
12405
12406
12415
12428
12431
12442
12460
12466
12470
12478
12482
12497
12511
12514
12515
12548
12579
12587
12638
12658
12660
12663
12680
12682
12701
12705
12707
12715
12716
12738
12739
12743
12745
12760
12774
12793
12799
12800
12825
12828
12879
12881
12914
12925
12950
12955
12984
13036
13068
13119
13122
13133
13137
13152
13167
13168
13202
13203
13209
13222
13227
13267
13279
13282
13284
13290
13291
13294
13317
13369
13382
13383
13399
13405
13409
13415
13418
13423
13430
13458
13491
13506
13532
13545
13559
13578
13584
13591
13611
13614
13617
13623
13629
13654
13661
13680
13681
13688
13691
13705
13716
13718
13747
13806
13809
13821
13840
13848
13850
13853
13854
13856
13858
13873
13881
13891
13893
13909
13917
13920
13921
13934
13942
13943
13959
13960
13981
13989
13997
14000
14052
14057
14064
14065
14100
14105
14117
14123
14132
14148
14150
14161
14248
14282
14294
14322
14337
14391
14467
14471
14528
14570
14572
14589
14602
14626
14658
14659
14663
14664
14665
14708
14716
14720
14726
14728
14736
14738
14741
14747
14754
14764
14773
14780
14794
14797
14804
14813
14814
14831
14848
14850
14857
14858
14864
14881
14889
14893
14910
14915
14921
14944
14949
14953
14960
14968
14982
14987
15000
15011
15017
15023
15051
15067
15093
15108
15117
15135
15153
15155
15159
15169
15170
15179
15180
15185
15195
15214
15219
15246
15273
15278
15340
15373
15375
15382
15388
15420
15421
15427
15436
15444
15464
15478
15488
15510
15514
15524
15525
15534
15572
15595
15626
15627
15657
15662
15668
15677
15681
15709
15742
15764
15765
15771
15847
15870
15898
15899
15904
15917
15981
16019
16035
16057
16071
16099
16131
16154
16167
16189
16281
16300
16363
16372
16397
16422
16437
16439
16454
16478
16481
16509
16516
16522
16524
16530
16551
16556
16615
16624
16635
16785
16792
16837
16916
16949
17097
17125
17159
17169
17213
17235
17261
17264
17267
17268
17270
17271
17272
17278
17279
17285
17287
17288
17289
17291
17298
17301
17303
17306
17307
17309
17324
17405
17412
17430
17455
17472
17506
17566
17568
17575
17630
17637
17691
17749
17777
17787
17801
17820
17821
17826
17877
17878
17897
17898
17905
17929
17934
17945
18008
18017
18052
18057
18094
18104
18105
18106
18109
18111
18112
18115
18122
18131
18132
18136
18139
18141
18144
18146
18156
18171
18173
18177
18183
18184
18185
18187
18204
18210
18212
18216
18221
18223
18224
18225
18226
18229
18247
18261
18293
18298
18310
18318
18319
18322
18342
18349
18351
18434
18448
18497
18504
18557
18595
18616
18644
18690
18730
18754
18786
18863
18886
18892
18938
18956
18979
18980
18985
19010
19013
19167
19223
19322
19374
19375
19445
19489
19671
