0
9
11
16
20
23
24
26
29
30
51
55
57
58
62
67
74
75
82
83
86
90
101
118
124
138
141
143
147
157
167
168
170
175
182
193
206
207
214
215
222
230
233
236
246
247
270
278
279
293
294
300
320
321
322
323
327
344
347
348
349
352
357
360
362
376
403
409
426
427
428
432
436
437
438
439
441
445
449
481
482
483
492
494
501
505
506
513
517
518
519
576
579
596
602
610
612
615
619
628
632
636
638
658
664
665
670
673
684
689
719
729
736
739
744
753
755
768
785
795
801
806
811
818
837
850
855
856
875
878
885
886
889
890
891
892
894
895
898
903
926
929
937
943
944
946
947
948
956
957
976
979
980
991
1008
1016
1033
1034
1056
1073
1106
1109
1115
1123
1124
1126
1139
1147
1181
1198
1213
1232
1242
1251
1255
1270
1274
1276
1283
1312
1323
1327
1341
1351
1354
1362
1373
1374
1399
1404
1419
1433
1440
1463
1472
1483
1487
1490
1492
1495
1503
1560
1563
1576
1600
1611
1629
1632
1633
1692
1711
1716
1750
1761
1774
1792
1825
1830
1836
1840
1845
1850
1887
1942
1945
1947
1950
1969
2004
2009
2026
2032
2033
2038
2047
2053
2062
2086
2088
2092
2104
2132
2136
2138
2154
2183
2205
2211
2222
2223
2277
2284
2355
2401
2402
2407
2417
2418
2434
2436
2443
2452
2521
2528
2544
2548
2550
2558
2559
2574
2582
2583
2590
2593
2621
2629
2634
2657
2673
2682
2684
2697
2712
2720
2725
2731
2739
2747
2754
2771
2777
2782
2792
2808
2810
2830
2837
2845
2851
2854
2856
2860
2861
2897
2903
2907
2912
2913
2914
2922
2934
2963
2998
3018
3071
3077
3091
3133
3144
3152
3153
3158
3163
3173
3174
3223
3232
3237
3238
3306
3311
3324
3326
3343
3367
3404
3417
3423
3425
3433
3450
3454
3456
3457
3467
3477
3479
3483
3484
3504
3517
3521
3525
3550
3557
3558
3564
3572
3576
3593
3594
3595
3596
3599
3604
3605
3609
3622
3623
3625
3626
3627
3629
3632
3658
3662
3666
3676
3690
3697
3699
3702
3706
3707
3708
3713
3718
3725
3732
3735
3737
3739
3766
3767
3774
3776
3777
3790
3799
3800
3801
3803
3811
3818
3829
3882
3898
3911
3913
3956
3957
4002
4006
4008
4009
4020
4027
4070
4073
4082
4086
4098
4101
4103
4112
4155
4157
4171
4173
4179
4183
4184
4205
4209
4212
4225
4236
4244
4256
4257
4267
4322
4323
4330
4352
4366
4389
4392
4393
4425
4443
4445
4447
4456
4465
4481
4482
4490
4492
4493
4495
4506
4527
4528
4535
4536
4569
4585
4607
4629
4636
4651
4663
4688
4723
4761
4763
4766
4788
4794
4828
4854
4908
4928
4951
4979
4987
4993
4994
4997
5001
5040
5063
5091
5101
5119
5151
5175
5234
5280
5312
5329
5338
5386
5396
5400
5405
5417
5428
5457
5486
5508
5513
5559
5583
5592
5595
5598
5636
5638
5639
5640
5672
5675
5680
5691
5703
5705
5713
5736
5745
5754
5773
5789
5811
5815
5817
5832
5861
5873
5875
5881
5918
5927
5931
5943
5966
5970
5985
5992
5996
6011
6020
6035
6036
6067
6084
6093
6122
6142
6145
6212
6220
6255
6276
6279
6289
6342
6353
6373
6377
6383
6485
6488
6489
6532
6563
6576
6579
6584
6589
6613
6615
6621
6624
6627
6631
6649
6650
6683
6694
6704
6705
6722
6744
6745
6767
6799
6837
6852
6872
6906
6929
6960
6965
6973
6996
7038
7069
7117
7144
7154
7158
7192
7199
7236
7240
7268
7290
7314
7320
7321
7358
7382
7384
7413
7444
7447
7448
7476
7491
7494
7529
7532
7547
7571
7578
7599
7664
7699
7700
7736
7739
7749
7779
7792
7877
7883
7934
7947
7953
7980
8025
8042
8074
8085
8102
8124
8125
8131
8137
8195
8214
8218
8227
8236
8237
8264
8266
8308
8313
8316
8341
8343
8455
8458
8460
8472
8477
8480
8505
8544
8558
8582
8612
8698
8733
8737
8769
8808
8818
8903
8914
8917
9025
9049
9054
9066
9069
9075
9079
9085
9248
9263
9380
9450
9478
9537
9540
9590
9646
9663
9671
9712
9714
9715
9716
9789
9801
9831
9840
9906
9908
9918
9963
9967
9973
9990
10017
10040
10088
10118
10141
10192
10222
10258
10288
10413
10545
10551
10596
10607
10691
10743
10773
10779
10822
10823
10824
10825
10826
10827
10828
10829
10830
10831
10847
10848
10864
10865
10866
10898
10912
10920
11305
11329
11354
11409
11572
11735
11744
11813
12138
12172
12190
12246
12329
12355
12465
12526
12532
12550
12568
12632
12710
12720
12743
12773
12859
12899
12947
12952
12973
13019
13037
13089
13190
13213
13299
13454
13496
13581
13652
13748
13750
13811
13897
13912
13938
14188
14205
14319
14396
14468
14563
14663
14839
14858
14866
14912
14921
14966
14993
15026
15038
15091
15175
15278
15296
15653
15952
16071
16274
16523
17635
17824
18067
18196
18437
19224
