3
5
8
9
16
17
19
22
24
32
36
41
42
50
54
55
58
68
74
77
84
89
90
91
92
97
101
107
108
110
115
116
119
120
123
126
127
130
134
152
154
156
161
167
168
170
172
178
180
182
183
189
190
197
202
207
214
215
217
226
230
239
241
253
254
261
264
270
272
273
275
279
280
282
287
290
293
295
296
297
300
303
307
313
317
319
321
322
323
327
344
345
346
352
370
371
372
374
375
379
393
394
402
403
408
411
413
417
418
425
427
428
431
438
442
445
450
451
454
455
457
459
460
464
469
473
474
479
483
492
500
504
508
510
513
515
519
523
525
527
532
541
546
550
551
553
554
555
558
575
579
582
583
588
594
601
607
608
612
615
616
617
619
628
635
636
638
646
651
652
662
663
668
673
679
680
683
684
687
690
692
694
703
707
709
710
712
714
718
724
728
734
736
737
739
743
755
759
768
770
775
777
781
790
796
801
805
806
815
823
824
826
830
846
850
857
858
861
867
869
877
878
884
886
887
888
892
903
911
920
921
922
928
929
931
936
941
943
947
955
956
958
966
967
980
987
1006
1013
1014
1015
1018
1022
1024
1030
1041
1043
1049
1061
1062
1065
1076
1077
1082
1083
1084
1086
1088
1098
1110
1113
1120
1124
1126
1127
1130
1132
1133
1143
1144
1145
1149
1155
1158
1162
1164
1179
1184
1186
1190
1213
1216
1217
1219
1223
1226
1231
1234
1245
1248
1249
1251
1255
1268
1272
1276
1295
1297
1304
1320
1323
1326
1327
1331
1337
1341
1368
1369
1390
1400
1406
1411
1413
1416
1418
1419
1426
1444
1453
1456
1465
1470
1474
1478
1480
1487
1491
1492
1495
1498
1500
1505
1541
1545
1548
1553
1556
1560
1566
1580
1581
1589
1599
1613
1616
1620
1630
1644
1652
1667
1673
1677
1678
1692
1693
1694
1697
1705
1717
1729
1733
1736
1739
1745
1746
1752
1759
1765
1769
1774
1778
1789
1792
1795
1798
1808
1809
1810
1811
1821
1828
1830
1835
1850
1852
1857
1868
1875
1880
1896
1904
1909
1912
1918
1935
1937
1947
1949
1960
1964
1969
1970
1972
1973
1977
1989
1991
2000
2003
2004
2009
2012
2018
2032
2033
2035
2041
2046
2052
2055
2070
2075
2076
2084
2088
2092
2095
2098
2100
2101
2103
2130
2132
2133
2146
2150
2154
2164
2168
2169
2172
2174
2176
2190
2194
2196
2199
2208
2219
2224
2229
2232
2246
2254
2256
2260
2284
2313
2327
2330
2335
2341
2354
2359
2366
2368
2369
2410
2412
2418
2426
2432
2434
2436
2438
2443
2446
2448
2450
2466
2482
2489
2490
2492
2493
2498
2501
2502
2508
2513
2515
2517
2518
2521
2531
2536
2537
2540
2545
2547
2551
2561
2566
2567
2571
2581
2582
2584
2586
2593
2600
2604
2608
2619
2622
2625
2628
2634
2637
2641
2644
2650
2651
2652
2659
2660
2661
2662
2664
2666
2669
2678
2679
2681
2682
2687
2691
2702
2703
2708
2714
2717
2721
2729
2735
2736
2738
2747
2758
2761
2762
2771
2775
2778
2781
2787
2792
2796
2798
2807
2808
2811
2814
2820
2821
2823
2826
2830
2832
2840
2848
2850
2852
2867
2869
2876
2880
2893
2914
2918
2921
2922
2924
2927
2931
2932
2933
2940
2941
2945
2947
2951
2959
2962
2963
2970
2973
2976
2983
2984
2987
2994
2999
3000
3003
3008
3011
3012
3016
3021
3023
3028
3029
3037
3046
3050
3051
3052
3053
3058
3060
3069
3082
3084
3088
3091
3095
3097
3106
3113
3115
3116
3124
3126
3128
3133
3137
3150
3156
3162
3163
3165
3168
3169
3170
3172
3174
3177
3180
3183
3185
3188
3194
3203
3206
3207
3210
3213
3222
3223
3232
3233
3239
3242
3248
3250
3259
3264
3270
3278
3279
3288
3293
3296
3305
3309
3314
3315
3317
3328
3330
3331
3334
3336
3340
3342
3343
3346
3347
3348
3350
3353
3361
3368
3372
3374
3376
3383
3405
3413
3416
3421
3424
3426
3430
3432
3436
3439
3443
3450
3452
3454
3457
3459
3461
3463
3466
3470
3477
3479
3480
3487
3489
3510
3511
3513
3515
3521
3525
3526
3527
3530
3532
3539
3547
3552
3560
3565
3571
3573
3574
3575
3576
3577
3578
3579
3580
3599
3604
3605
3607
3608
3609
3610
3620
3624
3626
3632
3633
3646
3651
3654
3655
3656
3658
3667
3676
3682
3683
3689
3693
3697
3702
3703
3704
3706
3707
3708
3718
3720
3723
3732
3734
3749
3751
3752
3753
3759
3760
3766
3782
3785
3786
3788
3794
3802
3803
3809
3813
3815
3819
3824
3826
3831
3834
3847
3864
3865
3866
3869
3880
3882
3898
3901
3911
3913
3915
3923
3940
3943
3944
3958
3962
3967
3968
3972
3981
3983
3993
4000
4007
4013
4016
4024
4036
4039
4043
4045
4054
4056
4060
4067
4070
4087
4095
4096
4098
4100
4103
4104
4108
4109
4111
4112
4116
4118
4141
4148
4153
4154
4155
4157
4159
4164
4179
4183
4185
4187
4197
4206
4217
4220
4229
4238
4239
4242
4255
4267
4268
4276
4293
4294
4299
4301
4302
4308
4310
4316
4334
4337
4340
4347
4355
4358
4364
4371
4378
4382
4383
4384
4389
4391
4393
4402
4413
4424
4426
4428
4430
4441
4444
4455
4468
4474
4483
4484
4486
4487
4492
4497
4501
4503
4531
4543
4544
4545
4551
4553
4555
4556
4557
4561
4562
4563
4568
4587
4601
4612
4630
4651
4660
4663
4670
4676
4677
4688
4691
4694
4699
4702
4703
4710
4712
4716
4726
4727
4742
4743
4751
4755
4759
4763
4765
4766
4768
4774
4780
4784
4802
4812
4816
4826
4837
4840
4850
4865
4872
4875
4879
4883
4886
4890
4894
4907
4910
4916
4918
4920
4931
4939
4944
4955
4971
4972
4979
4991
4993
5007
5038
5040
5064
5065
5076
5082
5087
5088
5099
5105
5110
5125
5164
5166
5176
5184
5193
5222
5228
5229
5231
5238
5243
5247
5257
5268
5269
5279
5282
5286
5295
5311
5317
5319
5322
5323
5326
5338
5339
5343
5347
5356
5359
5361
5369
5379
5382
5387
5399
5401
5408
5418
5422
5425
5428
5432
5433
5438
5447
5449
5453
5456
5461
5463
5464
5466
5468
5471
5472
5477
5491
5497
5504
5505
5511
5512
5523
5526
5531
5560
5563
5564
5567
5571
5573
5580
5583
5585
5594
5605
5606
5623
5625
5629
5649
5658
5678
5681
5691
5698
5699
5706
5708
5720
5721
5723
5727
5747
5762
5763
5764
5770
5773
5780
5789
5794
5817
5818
5827
5829
5835
5836
5840
5842
5843
5855
5856
5858
5859
5860
5868
5869
5880
5884
5885
5888
5897
5912
5914
5927
5930
5945
5946
5948
5949
5954
5959
5974
5981
6037
6039
6041
6046
6052
6057
6069
6076
6081
6085
6088
6092
6093
6097
6099
6111
6113
6126
6133
6145
6149
6150
6156
6159
6182
6204
6205
6210
6223
6224
6225
6235
6241
6254
6276
6282
6286
6289
6291
6297
6300
6303
6308
6310
6317
6350
6353
6370
6371
6372
6377
6382
6389
6390
6391
6392
6413
6415
6421
6433
6439
6457
6458
6461
6463
6465
6517
6525
6532
6545
6553
6564
6585
6596
6601
6602
6610
6631
6637
6642
6645
6656
6675
6682
6695
6698
6700
6701
6702
6704
6713
6719
6720
6722
6730
6739
6741
6762
6767
6772
6778
6782
6784
6786
6790
6796
6799
6801
6807
6810
6812
6825
6836
6859
6879
6885
6889
6891
6894
6903
6915
6922
6927
6935
6943
6973
6988
6989
6991
7008
7009
7036
7037
7038
7044
7047
7052
7053
7056
7068
7079
7097
7102
7115
7132
7134
7141
7142
7148
7154
7177
7191
7192
7194
7202
7203
7209
7210
7211
7223
7224
7226
7232
7235
7238
7250
7256
7257
7271
7273
7274
7284
7292
7303
7311
7323
7328
7333
7352
7353
7358
7360
7379
7397
7403
7405
7427
7428
7449
7451
7462
7470
7472
7483
7498
7507
7538
7539
7548
7550
7552
7557
7569
7572
7573
7578
7588
7592
7593
7595
7596
7627
7629
7637
7638
7647
7650
7657
7664
7666
7670
7684
7691
7706
7708
7714
7721
7724
7725
7727
7734
7750
7758
7766
7775
7779
7781
7784
7787
7793
7794
7797
7803
7804
7815
7818
7830
7834
7852
7861
7865
7870
7873
7880
7906
7908
7909
7915
7918
7923
7924
7940
7944
7951
7954
7967
7976
7981
7994
7998
8008
8009
8010
8012
8015
8017
8034
8041
8049
8054
8062
8068
8071
8074
8077
8087
8092
8104
8105
8113
8116
8118
8119
8129
8144
8145
8152
8158
8161
8164
8169
8179
8188
8213
8215
8227
8228
8232
8236
8239
8243
8245
8248
8249
8251
8253
8275
8276
8279
8280
8287
8312
8314
8318
8320
8331
8335
8338
8341
8347
8348
8354
8356
8357
8365
8368
8383
8387
8403
8406
8409
8412
8424
8434
8437
8443
8450
8455
8466
8472
8473
8481
8482
8484
8493
8500
8533
8547
8557
8572
8587
8589
8594
8605
8613
8614
8616
8627
8633
8635
8638
8648
8655
8666
8680
8732
8733
8742
8755
8775
8789
8792
8800
8811
8818
8822
8824
8836
8856
8863
8864
8868
8870
8877
8917
8940
8943
8958
8968
8970
8974
8977
8978
8999
9029
9049
9066
9092
9096
9109
9123
9132
9143
9149
9150
9178
9198
9204
9208
9219
9229
9233
9236
9239
9248
9250
9267
9269
9272
9274
9275
9277
9282
9283
9286
9287
9288
9297
9305
9309
9315
9326
9328
9335
9337
9348
9367
9374
9378
9391
9423
9432
9452
9453
9459
9463
9476
9481
9489
9491
9494
9499
9520
9526
9530
9550
9561
9565
9574
9582
9594
9619
9672
9677
9684
9693
9717
9718
9719
9721
9722
9727
9728
9737
9742
9749
9765
9771
9776
9781
9790
9802
9813
9815
9827
9862
9863
9881
9884
9898
9899
9906
9911
9920
9955
9957
9959
9985
9995
10009
10012
10017
10025
10037
10038
10056
10061
10063
10064
10113
10127
10155
10159
10164
10167
10179
10189
10192
10225
10230
10241
10244
10245
10254
10263
10268
10296
10304
10306
10312
10317
10342
10348
10351
10364
10381
10390
10413
10424
10434
10449
10474
10480
10495
10497
10513
10550
10553
10555
10573
10578
10591
10594
10595
10600
10640
10655
10675
10695
10728
10742
10751
10767
10771
10777
10779
10790
10806
10810
10833
10845
10860
10864
10877
10881
10892
10912
10944
10964
10973
11019
11036
11044
11064
11068
11082
11090
11101
11108
11123
11126
11131
11147
11157
11160
11163
11165
11181
11182
11218
11248
11270
11287
11314
11316
11323
11348
11353
11360
11371
11387
11388
11410
11439
11455
11460
11464
11469
11485
11513
11527
11529
11541
11552
11568
11577
11578
11593
11606
11619
11631
11643
11682
11713
11726
11732
11743
11763
11780
11829
11855
11890
11908
11910
11940
11955
11963
11968
11978
11993
11995
12007
12027
12055
12057
12079
12123
12130
12138
12140
12146
12150
12157
12166
12179
12213
12227
12247
12252
12276
12280
12281
12282
12293
12319
12321
12341
12351
12354
12405
12428
12431
12482
12515
12554
12579
12638
12639
12660
12676
12699
12701
12707
12715
12738
12739
12745
12793
12799
12950
12969
12989
13068
13077
13113
13119
13133
13137
13152
13167
13168
13192
13203
13209
13253
13267
13279
13284
13291
13316
13369
13382
13399
13409
13423
13430
13507
13559
13578
13584
13587
13608
13611
13617
13623
13631
13661
13664
13665
13673
13680
13684
13705
13716
13721
13747
13806
13854
13856
13873
13874
13881
13893
13909
13920
13934
13942
13960
13981
13989
14000
14034
14055
14065
14089
14100
14123
14132
14150
14161
14192
14248
14282
14322
14337
14467
14471
14557
14619
14626
14659
14663
14708
14720
14726
14741
14742
14747
14754
14766
14780
14794
14796
14804
14810
14822
14834
14850
14858
14864
14878
14881
14889
14921
14927
14949
14952
14982
14987
15000
15051
15066
15087
15134
15145
15155
15159
15164
15170
15179
15180
15214
15219
15272
15305
15340
15373
15388
15514
15524
15533
15534
15595
15657
15677
15681
15682
15692
15709
15739
15742
15764
15782
15847
15852
15870
15898
15904
15914
15981
16037
16089
16099
16131
16154
16167
16292
16300
16377
16397
16439
16449
16454
16456
16478
16516
16524
16533
16609
16624
16785
16792
16949
17090
17125
17169
17261
17271
17287
17289
17298
17301
17303
17306
17307
17405
17412
17455
17506
17554
17566
17575
17691
17749
17777
17787
17820
17826
17877
17890
17897
17929
17934
17972
18017
18052
18057
18060
18077
18080
18104
18105
18106
18111
18114
18115
18123
18129
18138
18139
18140
18141
18144
18145
18146
18156
18173
18177
18204
18208
18215
18216
18221
18223
18247
18293
18298
18305
18349
18351
18497
18557
18595
18639
18644
18690
18730
18863
18886
18892
18921
18938
18956
18979
18980
18981
18985
19180
19375
19383
19445
19489
19671
