0
6
7
8
9
17
22
23
24
26
29
30
32
35
36
39
41
42
47
50
54
55
57
58
59
60
61
62
63
64
65
66
67
68
69
70
71
72
74
76
77
78
80
82
87
88
89
92
93
97
98
99
101
103
107
108
110
114
115
116
117
118
119
123
125
126
130
131
134
136
137
138
146
147
152
155
156
157
162
166
169
170
179
180
181
182
183
189
190
194
197
199
203
204
205
207
208
214
216
217
224
229
230
233
236
237
239
240
241
247
248
254
256
257
258
259
262
264
265
271
272
275
276
278
279
280
282
284
285
287
288
290
293
295
296
297
299
300
303
304
305
307
311
313
317
320
322
323
325
336
339
340
344
345
347
349
354
360
370
371
372
393
394
400
401
402
403
405
406
409
410
415
421
423
425
426
427
428
431
432
438
439
440
441
442
445
451
454
458
459
464
468
470
471
475
480
481
482
504
505
513
514
515
518
525
526
527
536
538
541
542
548
549
550
553
554
555
558
559
569
576
580
582
590
591
595
596
599
609
611
613
616
625
627
628
629
634
636
638
640
641
651
652
654
656
658
662
663
664
665
666
670
672
673
674
675
676
679
680
681
685
690
692
696
699
707
708
709
710
718
720
721
725
727
728
734
735
736
737
738
739
743
750
751
754
756
757
758
759
765
768
770
774
777
778
779
782
788
789
792
793
795
796
798
799
804
805
806
807
810
815
822
823
827
832
837
839
842
844
847
848
850
855
856
857
859
860
862
864
870
875
878
883
884
886
887
888
889
891
894
895
905
908
911
917
918
919
920
921
928
929
940
942
943
944
945
950
956
973
976
981
982
996
1002
1003
1006
1011
1012
1016
1018
1023
1024
1027
1028
1029
1030
1033
1034
1036
1043
1050
1051
1055
1056
1062
1065
1070
1071
1074
1076
1077
1104
1105
1106
1122
1126
1129
1133
1138
1143
1148
1149
1156
1158
1159
1162
1165
1166
1167
1171
1179
1181
1184
1186
1190
1195
1199
1208
1209
1213
1215
1219
1220
1222
1223
1227
1230
1231
1232
1238
1243
1245
1250
1253
1258
1260
1261
1264
1269
1272
1295
1312
1314
1319
1321
1323
1327
1333
1336
1338
1350
1354
1360
1363
1365
1367
1378
1386
1400
1402
1404
1406
1409
1415
1429
1435
1436
1439
1447
1451
1456
1458
1463
1465
1469
1472
1473
1474
1475
1479
1485
1495
1497
1500
1502
1506
1507
1516
1521
1527
1536
1541
1552
1553
1563
1572
1576
1579
1580
1581
1596
1598
1599
1601
1610
1613
1625
1629
1630
1635
1637
1646
1647
1649
1655
1668
1670
1671
1678
1679
1683
1691
1693
1696
1701
1705
1710
1716
1726
1729
1731
1734
1736
1738
1741
1742
1744
1746
1748
1749
1750
1759
1760
1761
1772
1773
1774
1777
1788
1789
1792
1795
1798
1809
1810
1811
1822
1827
1835
1841
1856
1867
1868
1869
1870
1880
1881
1884
1894
1900
1902
1903
1909
1918
1922
1923
1925
1937
1939
1940
1945
1947
1948
1950
1953
1959
1960
1969
1972
1977
1991
1996
2004
2005
2008
2009
2012
2022
2024
2032
2033
2037
2038
2039
2041
2046
2047
2052
2054
2057
2062
2064
2066
2068
2071
2073
2079
2080
2085
2088
2089
2098
2113
2123
2124
2129
2138
2140
2146
2150
2157
2159
2162
2167
2168
2189
2194
2196
2198
2199
2201
2209
2213
2218
2219
2220
2224
2229
2234
2242
2245
2246
2254
2256
2263
2268
2270
2276
2277
2281
2284
2288
2301
2303
2311
2322
2323
2327
2328
2333
2336
2338
2341
2354
2358
2359
2364
2365
2366
2368
2369
2372
2376
2385
2386
2403
2408
2412
2417
2424
2434
2444
2446
2450
2460
2463
2477
2481
2486
2489
2491
2492
2493
2494
2498
2499
2507
2508
2511
2514
2515
2517
2518
2523
2525
2529
2531
2538
2539
2545
2546
2548
2549
2551
2552
2556
2557
2558
2559
2561
2568
2571
2574
2581
2582
2587
2590
2592
2593
2600
2601
2602
2603
2604
2605
2606
2608
2611
2613
2614
2615
2622
2623
2624
2625
2628
2629
2634
2640
2641
2645
2646
2647
2648
2649
2650
2651
2657
2658
2659
2661
2662
2666
2667
2669
2670
2671
2672
2673
2674
2678
2679
2680
2681
2682
2683
2685
2692
2693
2696
2702
2709
2713
2715
2723
2724
2727
2729
2732
2734
2738
2746
2747
2754
2759
2763
2765
2766
2771
2774
2775
2780
2784
2792
2793
2796
2803
2805
2810
2811
2819
2822
2828
2829
2830
2832
2835
2838
2839
2842
2843
2844
2848
2851
2852
2856
2857
2859
2868
2869
2878
2879
2882
2890
2893
2895
2899
2903
2904
2906
2907
2912
2914
2922
2926
2931
2933
2939
2941
2946
2947
2951
2953
2958
2970
2973
2976
2980
2983
2987
2989
2994
3008
3011
3016
3029
3030
3039
3046
3049
3050
3060
3064
3065
3077
3084
3086
3095
3102
3105
3107
3111
3116
3132
3133
3134
3139
3140
3150
3156
3161
3162
3163
3169
3170
3174
3183
3185
3186
3187
3188
3195
3196
3205
3206
3209
3213
3214
3217
3222
3228
3232
3233
3250
3257
3263
3264
3265
3281
3285
3292
3296
3301
3314
3315
3319
3322
3324
3325
3328
3330
3331
3340
3341
3347
3348
3350
3354
3357
3359
3361
3365
3368
3371
3376
3378
3383
3385
3387
3398
3403
3405
3410
3414
3416
3418
3421
3424
3429
3442
3443
3445
3450
3451
3452
3453
3454
3455
3456
3457
3458
3459
3463
3465
3466
3468
3470
3473
3474
3475
3476
3480
3482
3483
3484
3487
3489
3495
3498
3506
3508
3510
3525
3526
3527
3529
3530
3532
3533
3535
3536
3549
3550
3552
3553
3554
3556
3559
3563
3565
3568
3570
3571
3573
3574
3575
3576
3577
3578
3579
3580
3581
3582
3583
3584
3589
3590
3591
3593
3594
3595
3596
3598
3599
3601
3604
3607
3608
3609
3610
3611
3612
3614
3616
3619
3620
3621
3623
3624
3625
3626
3631
3632
3633
3634
3635
3648
3650
3651
3652
3655
3658
3665
3679
3680
3681
3682
3683
3687
3689
3691
3694
3695
3697
3700
3702
3703
3704
3705
3706
3707
3708
3709
3713
3714
3715
3716
3718
3720
3721
3723
3727
3731
3732
3733
3734
3735
3737
3742
3743
3746
3748
3752
3753
3755
3756
3757
3759
3764
3766
3767
3769
3776
3777
3782
3783
3786
3791
3799
3800
3802
3803
3804
3808
3809
3811
3815
3819
3820
3821
3822
3823
3828
3829
3834
3845
3854
3860
3864
3865
3866
3867
3868
3869
3870
3872
3886
3887
3892
3897
3898
3899
3900
3901
3907
3919
3920
3922
3923
3924
3927
3952
3953
3963
3968
3983
4005
4011
4016
4017
4018
4019
4022
4023
4024
4027
4030
4032
4033
4054
4059
4067
4070
4072
4080
4084
4096
4101
4111
4118
4119
4120
4121
4122
4124
4125
4131
4134
4141
4142
4143
4145
4146
4147
4148
4149
4153
4156
4157
4160
4161
4170
4172
4173
4179
4183
4184
4185
4186
4190
4191
4204
4212
4215
4217
4220
4221
4229
4231
4240
4241
4242
4253
4260
4264
4266
4276
4278
4281
4284
4292
4293
4300
4303
4308
4313
4316
4322
4324
4325
4334
4336
4338
4340
4347
4348
4352
4358
4359
4364
4368
4372
4375
4382
4383
4384
4389
4390
4400
4405
4420
4430
4437
4438
4439
4441
4445
4448
4455
4471
4478
4487
4496
4497
4502
4506
4514
4517
4527
4543
4545
4546
4548
4555
4559
4568
4575
4576
4579
4582
4590
4596
4603
4607
4619
4621
4622
4623
4624
4625
4626
4630
4632
4633
4634
4635
4643
4649
4660
4663
4666
4677
4679
4683
4685
4691
4699
4702
4703
4704
4710
4726
4734
4748
4757
4763
4765
4766
4778
4788
4790
4806
4810
4812
4813
4815
4816
4817
4822
4830
4831
4843
4846
4847
4851
4861
4868
4869
4876
4878
4880
4881
4882
4883
4884
4886
4887
4898
4900
4905
4909
4912
4913
4914
4917
4918
4923
4927
4930
4931
4940
4953
4957
4969
4970
4973
4975
4976
4994
5007
5008
5032
5035
5040
5041
5051
5059
5071
5081
5082
5084
5087
5095
5097
5110
5116
5123
5125
5133
5138
5153
5157
5172
5177
5189
5193
5204
5205
5220
5234
5268
5273
5282
5302
5306
5311
5316
5317
5320
5322
5325
5326
5331
5356
5361
5363
5369
5380
5382
5396
5397
5405
5407
5419
5422
5425
5432
5448
5459
5460
5463
5466
5467
5470
5471
5478
5479
5486
5491
5496
5497
5507
5513
5515
5525
5526
5533
5535
5544
5550
5558
5563
5566
5571
5579
5580
5581
5591
5592
5598
5603
5611
5626
5629
5631
5646
5651
5652
5656
5657
5662
5668
5675
5679
5680
5688
5697
5702
5706
5719
5726
5728
5733
5734
5736
5745
5760
5763
5764
5774
5786
5801
5804
5811
5814
5831
5836
5837
5840
5842
5853
5861
5867
5868
5875
5882
5883
5884
5888
5898
5903
5905
5912
5916
5918
5921
5930
5937
5939
5940
5942
5949
5950
5960
5963
5974
5981
5985
5988
5989
5991
5992
6000
6003
6005
6011
6016
6029
6031
6037
6038
6039
6040
6041
6056
6067
6086
6087
6088
6089
6090
6091
6092
6093
6094
6096
6097
6098
6103
6113
6120
6140
6143
6146
6148
6150
6159
6161
6170
6171
6175
6184
6185
6186
6199
6203
6204
6205
6206
6218
6219
6229
6230
6233
6241
6260
6273
6276
6280
6282
6287
6289
6291
6297
6298
6312
6317
6321
6341
6353
6364
6366
6371
6372
6381
6382
6389
6391
6393
6395
6403
6412
6418
6421
6424
6425
6426
6433
6441
6445
6451
6453
6457
6458
6463
6475
6491
6495
6530
6531
6532
6548
6549
6556
6559
6561
6565
6576
6590
6592
6597
6612
6618
6626
6633
6638
6646
6653
6654
6661
6683
6689
6694
6696
6703
6704
6705
6706
6710
6718
6719
6728
6741
6757
6761
6767
6784
6791
6792
6793
6795
6803
6810
6811
6812
6825
6826
6836
6840
6843
6844
6868
6869
6884
6885
6886
6900
6903
6913
6915
6918
6935
6938
6956
6960
6965
6969
6970
6972
6977
6981
6984
6992
7002
7005
7010
7020
7025
7026
7037
7040
7046
7049
7074
7079
7089
7101
7126
7131
7132
7140
7148
7153
7176
7177
7178
7179
7184
7194
7198
7203
7207
7208
7209
7210
7221
7222
7223
7224
7225
7229
7230
7231
7232
7235
7252
7254
7259
7268
7273
7284
7285
7290
7311
7322
7326
7329
7351
7353
7360
7375
7378
7379
7382
7397
7403
7405
7409
7428
7451
7461
7463
7466
7472
7475
7477
7478
7480
7482
7486
7507
7508
7512
7513
7514
7517
7528
7532
7538
7547
7550
7551
7556
7565
7567
7569
7570
7571
7572
7573
7575
7578
7579
7580
7581
7583
7588
7593
7596
7598
7601
7602
7605
7610
7617
7620
7624
7626
7629
7630
7631
7633
7635
7641
7669
7687
7694
7706
7707
7713
7720
7722
7726
7730
7735
7745
7750
7752
7762
7766
7770
7775
7780
7804
7808
7810
7816
7818
7825
7834
7837
7841
7843
7849
7854
7856
7862
7869
7874
7877
7886
7891
7898
7899
7906
7915
7925
7937
7940
7946
7949
7958
7964
7967
7969
7970
7971
7981
7984
7992
8004
8008
8011
8016
8024
8034
8035
8036
8037
8039
8041
8049
8053
8064
8065
8067
8071
8074
8077
8078
8080
8087
8100
8104
8105
8112
8118
8119
8128
8129
8130
8141
8149
8150
8153
8155
8157
8159
8160
8161
8164
8165
8168
8169
8170
8194
8195
8196
8197
8198
8201
8206
8207
8215
8227
8228
8229
8234
8236
8243
8246
8247
8249
8251
8252
8253
8264
8265
8270
8276
8314
8317
8318
8320
8324
8327
8330
8331
8335
8338
8342
8343
8345
8346
8347
8348
8349
8354
8371
8388
8392
8401
8404
8412
8417
8421
8424
8437
8450
8455
8471
8472
8486
8488
8499
8502
8510
8533
8542
8564
8572
8577
8578
8579
8591
8597
8598
8599
8600
8603
8606
8609
8613
8614
8629
8635
8640
8648
8650
8652
8660
8684
8705
8732
8733
8770
8773
8774
8775
8780
8784
8787
8789
8790
8792
8801
8803
8811
8816
8818
8824
8826
8837
8847
8849
8856
8857
8864
8865
8866
8868
8877
8889
8894
8896
8901
8910
8912
8914
8917
8920
8921
8922
8923
8928
8929
8930
8932
8939
8944
8952
8953
8954
8960
8965
8966
8968
8973
8974
8977
8978
9005
9008
9013
9019
9021
9053
9054
9066
9069
9078
9080
9081
9089
9097
9131
9135
9141
9148
9150
9179
9194
9198
9207
9236
9237
9244
9284
9315
9337
9348
9354
9356
9380
9383
9384
9392
9401
9404
9405
9420
9426
9444
9445
9447
9449
9453
9476
9477
9481
9490
9527
9529
9530
9537
9540
9549
9551
9560
9565
9571
9585
9594
9600
9610
9625
9633
9685
9693
9695
9699
9714
9717
9721
9724
9728
9731
9732
9740
9744
9751
9753
9774
9776
9781
9802
9812
9813
9815
9816
9831
9833
9836
9847
9851
9856
9860
9868
9887
9908
9920
9949
9953
9975
9982
10001
10023
10031
10036
10044
10047
10072
10089
10102
10125
10126
10127
10130
10131
10132
10154
10159
10180
10189
10190
10193
10201
10216
10218
10237
10245
10257
10268
10302
10345
10413
10419
10447
10480
10497
10544
10555
10560
10573
10576
10627
10640
10656
10664
10674
10699
10717
10728
10730
10731
10748
10749
10751
10761
10775
10777
10780
10784
10792
10796
10804
10806
10815
10822
10838
10847
10851
10852
10869
10881
10889
10894
10902
10903
10920
10941
10942
10972
11032
11036
11044
11051
11062
11068
11069
11082
11090
11181
11194
11218
11299
11321
11354
11360
11361
11362
11363
11364
11399
11413
11414
11418
11435
11444
11450
11453
11512
11543
11545
11561
11574
11590
11628
11637
11639
11679
11685
11702
11723
11747
11781
11844
11868
11881
11886
11978
11992
12027
12086
12100
12111
12138
12139
12142
12146
12150
12165
12166
12167
12246
12247
12251
12295
12319
12342
12354
12390
12395
12447
12448
12467
12523
12525
12538
12548
12558
12568
12676
12677
12680
12682
12716
12733
12764
12782
12898
12908
12950
12952
12954
13103
13113
13203
13227
13267
13319
13320
13339
13354
13409
13426
13460
13577
13586
13627
13645
13655
13656
13664
13684
13685
13687
13688
13689
13690
13691
13706
13727
13734
13756
13832
13854
13917
13918
14001
14032
14047
14117
14143
14272
14279
14280
14468
14585
14638
14657
14664
14766
14798
14820
14841
14864
14878
14955
14957
14968
15051
15097
15226
15335
15340
15478
15546
15571
15596
15670
15764
15780
15782
15865
15894
15895
16029
16035
16071
16173
16206
16276
16356
16372
16386
16399
16405
16422
16423
16466
16472
16490
16583
16662
16705
16709
17086
17332
17357
17405
17472
17493
17787
17820
17841
17858
17877
18071
18087
18107
18109
18156
18167
18194
18304
18377
18380
18398
18401
18412
18563
19721
19752
