10
15
91
152
205
213
356
386
405
438
474
503
513
520
536
553
555
673
696
779
801
806
867
973
975
1030
1043
1062
1073
1077
1084
1129
1190
1223
1240
1278
1279
1424
1463
1465
1550
1556
1670
1736
1749
1758
1852
1862
1983
2009
2011
2101
2111
2229
2260
2337
2368
2373
2446
2466
2493
2557
2559
2581
2608
2669
2687
2688
2719
2782
2795
2811
2816
2829
2840
2899
2915
2918
2945
3052
3133
3213
3244
3250
3256
3264
3270
3277
3315
3334
3346
3354
3365
3425
3447
3484
3491
3502
3504
3509
3540
3568
3578
3704
3709
3753
3776
3802
3833
3834
3856
3865
3901
3941
3970
4008
4027
4110
4171
4231
4233
4316
4364
4388
4389
4397
4427
4458
4551
4561
4620
4622
4746
4864
4912
5114
5153
5235
5247
5254
5294
5296
5361
5369
5392
5487
5497
5503
5534
5544
5584
5614
5768
5804
5820
6022
6036
6099
6251
6282
6286
6353
6371
6461
6613
6633
6735
6739
6819
6874
6916
7005
7108
7134
7176
7224
7254
7268
7270
7291
7366
7451
7472
7490
7542
7592
7638
7870
7879
7924
7938
8047
8063
8074
8075
8218
8234
8249
8307
8342
8348
8349
8472
8515
8605
8758
8877
9082
9207
9325
9438
9802
10063
10154
10159
10475
10731
10779
10872
10996
11126
11212
11299
11367
11413
11483
11605
11735
11745
11908
11940
12192
12568
12666
12676
12743
12921
13042
13101
13273
13302
13313
13545
13584
13801
13869
13975
14035
14219
14272
14468
14594
14973
15154
15178
15179
15278
15287
15481
15643
16181
16546
16792
17097
17258
17820
18108
18116
18125
18128
18205
18222
18352
18752
19136
19554
