0
1
3
6
7
8
9
10
11
12
14
15
16
17
18
19
21
22
23
24
26
27
28
29
30
34
36
39
41
42
44
46
47
48
49
50
51
53
54
55
56
58
59
60
61
62
63
64
65
67
68
69
70
71
72
73
74
75
76
77
78
79
81
82
83
84
85
86
87
88
89
90
91
92
93
94
96
97
98
99
101
103
106
107
108
111
112
113
114
115
116
117
118
119
120
122
123
124
125
126
127
128
130
131
132
133
134
136
137
138
139
140
141
142
143
144
145
146
147
149
150
151
152
153
155
156
157
159
162
163
165
166
167
168
170
172
173
174
175
176
177
178
179
180
181
182
183
185
186
187
188
189
191
192
193
194
195
197
198
200
201
202
203
204
205
206
207
208
209
210
211
212
214
215
216
217
218
219
221
222
224
225
226
227
228
229
230
232
233
236
237
238
239
240
241
242
244
246
247
248
251
253
255
257
258
259
260
262
263
264
265
266
269
270
271
272
273
274
275
276
277
278
279
280
282
283
286
287
288
290
293
295
296
297
298
299
300
302
303
304
305
307
308
310
311
312
313
315
317
318
319
320
321
322
323
325
326
330
331
333
334
336
338
340
341
342
343
344
345
346
347
349
350
351
352
354
355
356
358
360
361
362
363
366
367
368
370
371
374
375
377
378
379
383
385
386
387
388
389
393
394
395
398
400
401
402
403
404
405
408
409
410
413
417
419
420
421
422
423
424
425
426
427
428
429
430
431
432
433
434
435
436
437
438
439
440
441
442
445
446
448
449
450
451
453
454
455
457
458
463
464
465
469
470
471
473
474
475
476
477
480
481
482
483
484
485
488
490
491
493
495
497
500
501
502
503
504
505
506
508
510
512
513
514
515
516
517
518
519
520
521
522
523
524
525
526
527
529
530
533
534
535
536
537
538
539
541
543
546
547
549
552
553
554
555
557
558
559
561
563
564
565
566
567
569
573
576
579
580
581
582
583
585
586
587
588
590
592
593
594
596
597
598
599
600
601
602
603
604
605
607
609
610
611
612
615
616
617
619
620
624
625
626
627
628
629
631
632
634
635
636
637
638
640
642
645
646
647
648
649
650
651
652
653
654
655
656
658
659
660
661
662
663
664
665
667
668
670
671
672
673
675
676
678
679
680
681
682
683
684
685
687
689
690
692
693
695
696
697
698
701
703
704
707
708
709
710
711
714
717
718
719
720
721
722
723
724
725
726
727
731
732
734
735
736
737
738
739
741
743
744
745
746
748
750
751
752
753
754
755
756
757
758
759
760
761
762
763
765
768
770
772
773
774
776
777
778
779
780
781
782
783
785
787
788
789
790
791
792
793
794
795
796
798
799
800
801
802
804
805
806
807
808
809
810
811
813
815
817
818
819
820
821
822
824
825
826
827
828
830
832
833
834
836
837
838
839
840
841
843
844
845
846
847
848
849
850
852
853
854
855
856
857
858
859
860
862
864
865
866
867
870
873
875
876
877
878
882
883
884
885
886
887
888
889
891
892
894
895
897
898
900
901
902
903
904
907
908
909
910
911
912
913
917
918
919
920
921
922
923
924
927
928
929
930
931
932
933
935
936
937
938
940
941
942
943
944
945
946
948
949
951
952
955
956
957
958
960
961
963
966
967
968
969
971
973
974
975
976
978
980
981
982
983
984
987
990
992
996
998
999
1003
1004
1005
1006
1008
1009
1011
1013
1014
1016
1017
1018
1019
1022
1024
1025
1027
1029
1030
1031
1033
1034
1036
1040
1041
1043
1044
1045
1051
1052
1055
1056
1062
1063
1067
1069
1070
1071
1074
1075
1076
1077
1078
1079
1080
1082
1083
1084
1085
1086
1088
1091
1092
1093
1094
1097
1098
1103
1104
1105
1106
1108
1109
1110
1111
1112
1113
1115
1117
1118
1119
1120
1122
1123
1124
1125
1126
1127
1129
1130
1131
1132
1133
1139
1140
1143
1145
1146
1148
1149
1150
1152
1153
1156
1157
1158
1159
1161
1162
1165
1166
1167
1168
1169
1171
1175
1176
1178
1179
1180
1181
1184
1185
1186
1189
1190
1191
1196
1198
1199
1200
1201
1202
1204
1206
1207
1209
1210
1212
1213
1214
1215
1217
1218
1219
1220
1223
1225
1226
1227
1229
1230
1231
1234
1235
1237
1238
1242
1243
1244
1245
1248
1249
1250
1253
1255
1257
1258
1261
1262
1264
1265
1268
1269
1270
1272
1274
1276
1277
1278
1279
1281
1285
1286
1288
1291
1292
1295
1297
1304
1309
1312
1313
1314
1315
1316
1323
1326
1327
1328
1329
1331
1333
1335
1338
1339
1345
1347
1348
1349
1350
1351
1353
1354
1356
1358
1360
1362
1365
1366
1367
1369
1370
1372
1373
1375
1378
1379
1380
1381
1385
1386
1387
1389
1390
1392
1395
1396
1398
1400
1402
1403
1404
1406
1407
1410
1415
1416
1419
1421
1422
1425
1426
1427
1429
1430
1431
1433
1434
1435
1436
1438
1442
1443
1445
1446
1447
1449
1450
1451
1455
1456
1457
1458
1459
1463
1465
1466
1468
1469
1470
1472
1473
1474
1475
1477
1478
1479
1480
1481
1483
1485
1487
1490
1492
1495
1496
1497
1498
1499
1500
1503
1505
1509
1510
1512
1513
1514
1516
1518
1521
1522
1524
1526
1527
1528
1529
1531
1536
1538
1541
1542
1544
1545
1547
1548
1549
1551
1552
1553
1554
1556
1558
1560
1561
1562
1563
1565
1566
1567
1568
1570
1572
1573
1576
1578
1579
1580
1581
1584
1585
1587
1589
1590
1591
1593
1594
1595
1596
1598
1599
1600
1601
1603
1605
1606
1608
1610
1613
1616
1618
1619
1620
1622
1623
1625
1626
1628
1629
1630
1633
1636
1637
1639
1640
1641
1643
1644
1646
1647
1654
1655
1659
1664
1665
1667
1668
1669
1671
1674
1677
1678
1679
1680
1681
1683
1685
1687
1688
1689
1690
1692
1693
1695
1696
1697
1705
1706
1708
1709
1711
1712
1715
1716
1720
1726
1727
1728
1729
1731
1732
1733
1736
1737
1738
1739
1744
1745
1746
1747
1755
1756
1757
1758
1759
1760
1761
1762
1763
1766
1769
1770
1772
1773
1774
1775
1778
1781
1783
1788
1789
1791
1792
1794
1795
1797
1798
1799
1802
1805
1808
1809
1810
1811
1813
1818
1819
1820
1821
1822
1828
1830
1832
1833
1834
1835
1840
1841
1842
1845
1847
1850
1852
1853
1855
1856
1857
1858
1859
1860
1864
1867
1869
1870
1874
1876
1880
1881
1884
1885
1887
1889
1890
1891
1892
1893
1894
1896
1900
1901
1902
1903
1904
1905
1907
1909
1910
1912
1916
1917
1918
1920
1922
1923
1925
1927
1930
1932
1935
1939
1940
1942
1945
1947
1950
1951
1952
1953
1956
1957
1958
1959
1960
1961
1966
1968
1969
1972
1973
1974
1976
1977
1979
1980
1982
1983
1984
1985
1986
1990
1996
1998
1999
2000
2003
2004
2005
2006
2009
2012
2013
2016
2017
2019
2022
2025
2027
2032
2033
2034
2036
2037
2038
2039
2040
2041
2043
2044
2046
2047
2048
2050
2052
2053
2055
2056
2057
2064
2066
2067
2068
2069
2070
2071
2073
2075
2076
2077
2078
2081
2082
2084
2085
2088
2089
2090
2092
2097
2098
2099
2100
2101
2103
2104
2105
2108
2109
2110
2111
2113
2115
2123
2124
2128
2129
2130
2131
2132
2133
2134
2136
2137
2140
2141
2143
2144
2145
2146
2150
2151
2154
2157
2158
2160
2161
2162
2164
2165
2167
2168
2169
2172
2174
2176
2177
2178
2179
2189
2190
2191
2192
2193
2194
2196
2197
2199
2205
2210
2212
2214
2215
2216
2219
2222
2223
2224
2227
2229
2231
2232
2235
2237
2238
2239
2240
2246
2248
2249
2253
2254
2255
2256
2257
2259
2260
2262
2264
2265
2266
2268
2269
2271
2272
2273
2276
2277
2279
2281
2284
2289
2293
2299
2300
2307
2308
2309
2310
2311
2315
2322
2323
2327
2328
2330
2333
2335
2337
2338
2341
2344
2348
2352
2354
2355
2358
2359
2360
2361
2363
2364
2365
2366
2368
2369
2373
2376
2377
2379
2383
2385
2386
2388
2392
2393
2394
2397
2398
2401
2402
2403
2404
2407
2408
2411
2412
2413
2416
2417
2418
2419
2421
2422
2423
2424
2429
2430
2432
2434
2435
2438
2441
2443
2444
2446
2448
2450
2452
2453
2454
2455
2458
2460
2463
2464
2468
2470
2471
2472
2473
2477
2478
2484
2486
2487
2488
2489
2491
2492
2493
2494
2498
2499
2501
2503
2506
2508
2509
2510
2511
2513
2514
2515
2516
2517
2518
2520
2521
2523
2526
2527
2528
2529
2530
2531
2536
2537
2538
2539
2543
2544
2545
2546
2548
2549
2551
2552
2554
2555
2556
2557
2559
2560
2561
2562
2563
2566
2567
2568
2569
2570
2571
2574
2575
2579
2581
2582
2583
2584
2587
2588
2590
2593
2594
2595
2596
2599
2602
2603
2604
2605
2606
2608
2609
2610
2611
2612
2613
2614
2615
2616
2617
2618
2619
2622
2623
2624
2625
2626
2627
2628
2629
2634
2635
2636
2637
2640
2641
2643
2644
2645
2646
2647
2648
2649
2650
2651
2652
2656
2657
2658
2659
2660
2661
2662
2663
2664
2665
2666
2667
2669
2670
2671
2673
2674
2675
2676
2677
2678
2680
2681
2682
2683
2684
2685
2687
2688
2689
2691
2692
2693
2694
2696
2698
2699
2700
2701
2702
2703
2705
2706
2707
2709
2710
2711
2713
2714
2716
2717
2718
2719
2720
2721
2722
2723
2724
2725
2726
2727
2728
2729
2731
2732
2733
2735
2736
2737
2738
2739
2743
2746
2747
2748
2749
2750
2753
2754
2755
2756
2757
2758
2759
2761
2762
2763
2766
2767
2769
2770
2771
2772
2774
2775
2776
2777
2778
2779
2781
2782
2783
2784
2785
2786
2787
2788
2790
2792
2793
2794
2795
2796
2799
2800
2801
2803
2807
2809
2810
2811
2813
2814
2815
2816
2817
2820
2821
2822
2823
2824
2825
2826
2827
2828
2830
2832
2833
2834
2835
2836
2837
2838
2839
2840
2842
2843
2844
2845
2846
2848
2850
2851
2852
2853
2854
2855
2856
2857
2859
2861
2862
2864
2865
2866
2868
2869
2871
2873
2874
2875
2877
2878
2879
2880
2882
2884
2885
2886
2888
2889
2890
2893
2895
2896
2897
2899
2900
2901
2902
2903
2904
2907
2908
2909
2910
2912
2915
2916
2918
2919
2920
2921
2922
2924
2925
2926
2927
2928
2931
2932
2933
2934
2935
2937
2939
2940
2941
2942
2943
2944
2945
2947
2948
2949
2950
2952
2953
2954
2955
2956
2958
2959
2960
2962
2965
2967
2969
2970
2971
2973
2974
2976
2977
2978
2981
2983
2987
2988
2989
2991
2992
2994
2997
3001
3002
3003
3004
3006
3007
3008
3009
3010
3011
3013
3015
3016
3017
3020
3022
3023
3025
3028
3029
3030
3031
3033
3035
3037
3039
3042
3044
3046
3048
3049
3050
3051
3053
3056
3058
3060
3061
3064
3065
3069
3070
3072
3073
3076
3078
3079
3080
3081
3082
3083
3084
3085
3086
3087
3088
3091
3092
3094
3095
3097
3098
3099
3100
3102
3104
3105
3107
3108
3109
3111
3112
3113
3114
3115
3116
3118
3119
3121
3122
3123
3124
3126
3127
3128
3130
3131
3132
3133
3134
3135
3136
3138
3139
3140
3141
3142
3144
3148
3150
3151
3152
3153
3154
3155
3156
3157
3158
3159
3160
3161
3162
3163
3164
3165
3166
3168
3169
3170
3171
3172
3173
3174
3175
3176
3177
3180
3183
3185
3186
3187
3188
3189
3192
3193
3194
3196
3201
3202
3203
3204
3206
3208
3209
3210
3211
3214
3215
3216
3217
3219
3222
3223
3227
3228
3230
3231
3232
3233
3234
3235
3237
3238
3239
3240
3242
3243
3244
3248
3249
3250
3251
3253
3254
3256
3257
3258
3260
3261
3262
3263
3264
3265
3267
3270
3271
3275
3277
3278
3279
3281
3282
3283
3284
3285
3286
3287
3288
3289
3290
3291
3292
3295
3296
3298
3299
3301
3302
3305
3308
3309
3310
3311
3312
3313
3314
3315
3316
3317
3318
3319
3322
3323
3324
3325
3327
3328
3329
3330
3331
3332
3333
3334
3335
3336
3337
3340
3341
3342
3343
3344
3345
3346
3347
3348
3349
3350
3352
3354
3356
3357
3359
3360
3361
3362
3363
3365
3367
3368
3369
3370
3371
3372
3373
3376
3377
3378
3380
3383
3384
3386
3387
3388
3390
3394
3396
3397
3400
3402
3403
3404
3405
3406
3407
3409
3410
3411
3412
3413
3414
3415
3416
3417
3418
3419
3420
3421
3422
3423
3424
3425
3429
3430
3431
3432
3433
3434
3435
3437
3438
3439
3441
3443
3445
3448
3450
3451
3452
3453
3454
3455
3456
3457
3458
3459
3461
3462
3463
3465
3466
3467
3468
3469
3470
3471
3472
3473
3474
3475
3476
3477
3478
3479
3480
3481
3482
3483
3484
3485
3486
3487
3489
3491
3495
3496
3497
3498
3500
3503
3504
3507
3510
3511
3512
3515
3516
3518
3519
3520
3521
3523
3524
3525
3526
3527
3528
3529
3532
3533
3534
3535
3536
3538
3539
3541
3542
3543
3544
3545
3547
3548
3549
3550
3551
3552
3553
3554
3556
3558
3559
3560
3561
3563
3564
3565
3566
3567
3568
3569
3570
3572
3573
3574
3575
3576
3578
3579
3580
3581
3582
3583
3584
3586
3590
3591
3592
3593
3594
3595
3596
3597
3598
3599
3600
3601
3602
3604
3605
3606
3607
3608
3609
3610
3611
3612
3613
3614
3615
3616
3618
3620
3621
3622
3623
3624
3625
3626
3627
3628
3629
3630
3632
3633
3634
3635
3640
3642
3644
3645
3646
3647
3648
3649
3651
3652
3654
3655
3657
3658
3659
3660
3662
3663
3667
3668
3670
3672
3674
3675
3676
3679
3682
3683
3684
3685
3687
3688
3689
3690
3691
3693
3695
3697
3698
3699
3700
3702
3703
3704
3705
3706
3707
3708
3709
3710
3712
3713
3714
3715
3716
3717
3718
3720
3721
3722
3726
3727
3728
3729
3731
3732
3733
3734
3735
3737
3738
3740
3741
3742
3743
3745
3746
3747
3748
3749
3751
3752
3753
3755
3756
3757
3758
3759
3760
3761
3763
3764
3766
3767
3769
3770
3771
3772
3776
3777
3778
3780
3782
3783
3785
3786
3789
3790
3791
3793
3795
3799
3800
3801
3802
3803
3806
3808
3809
3811
3813
3814
3815
3816
3817
3818
3819
3820
3821
3822
3825
3826
3827
3828
3829
3831
3834
3836
3837
3838
3839
3840
3841
3842
3843
3844
3845
3846
3847
3848
3849
3851
3852
3855
3856
3858
3860
3861
3862
3863
3864
3865
3866
3867
3868
3869
3870
3871
3874
3878
3879
3880
3881
3882
3884
3885
3886
3887
3889
3891
3895
3896
3897
3898
3899
3900
3901
3902
3906
3907
3909
3911
3913
3915
3919
3921
3922
3923
3924
3926
3927
3929
3930
3931
3932
3933
3934
3935
3938
3939
3940
3941
3943
3944
3945
3946
3947
3948
3952
3954
3956
3959
3960
3961
3962
3963
3965
3967
3968
3969
3970
3971
3972
3977
3979
3980
3981
3982
3983
3984
3985
3988
3989
3993
3997
3999
4001
4003
4005
4006
4008
4009
4012
4013
4014
4016
4018
4020
4022
4023
4024
4027
4028
4030
4032
4033
4035
4036
4039
4041
4042
4044
4045
4046
4049
4050
4053
4054
4058
4066
4067
4069
4070
4071
4072
4073
4074
4077
4079
4082
4084
4085
4087
4088
4089
4090
4092
4094
4095
4096
4098
4101
4103
4104
4107
4108
4109
4111
4112
4113
4114
4115
4118
4119
4120
4121
4122
4124
4125
4127
4129
4131
4134
4136
4137
4139
4141
4142
4143
4145
4146
4147
4148
4149
4150
4152
4153
4154
4155
4156
4157
4159
4160
4162
4164
4165
4169
4170
4171
4172
4179
4180
4181
4183
4184
4185
4186
4187
4188
4190
4191
4192
4194
4195
4197
4198
4200
4201
4205
4206
4207
4208
4211
4215
4216
4217
4219
4220
4221
4223
4226
4228
4229
4230
4231
4234
4235
4236
4237
4238
4239
4241
4242
4243
4244
4245
4250
4251
4252
4253
4255
4256
4258
4259
4264
4265
4266
4267
4269
4270
4271
4273
4274
4275
4276
4277
4278
4280
4281
4283
4284
4285
4289
4290
4292
4293
4294
4298
4300
4302
4303
4305
4308
4309
4310
4311
4312
4313
4314
4316
4321
4322
4323
4324
4325
4329
4330
4331
4334
4335
4336
4337
4340
4348
4349
4351
4352
4353
4355
4356
4357
4358
4359
4360
4362
4364
4365
4368
4371
4372
4373
4374
4375
4378
4379
4381
4382
4383
4384
4385
4387
4388
4389
4390
4391
4392
4394
4398
4401
4402
4405
4406
4407
4408
4411
4413
4415
4418
4419
4420
4421
4423
4424
4425
4426
4427
4430
4434
4436
4437
4439
4440
4441
4442
4443
4445
4446
4448
4449
4452
4453
4454
4455
4456
4457
4466
4467
4468
4470
4471
4473
4474
4475
4476
4477
4478
4480
4481
4483
4484
4486
4487
4490
4491
4492
4493
4494
4495
4496
4497
4501
4502
4506
4510
4511
4513
4514
4515
4519
4523
4527
4528
4529
4531
4533
4534
4537
4539
4542
4543
4544
4545
4546
4547
4549
4555
4557
4559
4560
4561
4562
4563
4565
4566
4567
4568
4569
4571
4572
4574
4575
4576
4577
4578
4579
4581
4582
4586
4587
4591
4592
4593
4594
4595
4596
4597
4600
4602
4603
4607
4612
4613
4614
4616
4618
4619
4622
4623
4625
4628
4629
4630
4631
4632
4633
4634
4635
4636
4637
4638
4642
4643
4647
4648
4649
4650
4651
4652
4658
4659
4660
4661
4662
4663
4666
4667
4670
4674
4675
4676
4677
4679
4680
4682
4683
4685
4687
4690
4691
4693
4694
4695
4698
4699
4701
4702
4703
4704
4705
4707
4708
4710
4711
4713
4714
4715
4716
4717
4719
4723
4724
4725
4726
4727
4728
4729
4734
4735
4736
4738
4739
4742
4744
4748
4751
4753
4754
4756
4757
4758
4759
4760
4763
4765
4766
4768
4769
4774
4776
4777
4778
4785
4787
4788
4790
4794
4795
4798
4799
4800
4801
4802
4803
4804
4805
4806
4807
4808
4809
4810
4811
4813
4814
4815
4816
4817
4820
4821
4822
4826
4827
4828
4830
4831
4832
4833
4834
4837
4839
4840
4841
4844
4845
4846
4847
4850
4851
4852
4853
4859
4860
4861
4862
4863
4864
4865
4868
4869
4871
4873
4875
4876
4878
4879
4881
4882
4886
4887
4888
4889
4890
4894
4898
4902
4903
4906
4907
4909
4910
4912
4913
4914
4917
4918
4919
4920
4923
4924
4925
4926
4927
4928
4929
4931
4932
4934
4935
4936
4937
4940
4941
4942
4943
4944
4951
4953
4955
4957
4960
4961
4962
4963
4964
4967
4968
4969
4970
4972
4973
4974
4975
4976
4977
4981
4982
4983
4984
4988
4990
4992
4993
4994
4996
4997
4998
5001
5002
5005
5006
5008
5010
5011
5013
5014
5019
5022
5025
5030
5033
5035
5036
5038
5040
5041
5042
5044
5045
5047
5048
5051
5052
5053
5054
5056
5060
5063
5064
5065
5066
5068
5069
5071
5072
5075
5076
5078
5081
5082
5084
5087
5089
5093
5097
5099
5101
5102
5105
5106
5109
5110
5111
5112
5114
5115
5116
5119
5120
5121
5124
5125
5126
5127
5132
5133
5136
5138
5142
5148
5151
5152
5153
5154
5160
5161
5164
5165
5166
5167
5169
5170
5171
5172
5173
5176
5179
5185
5186
5187
5188
5192
5193
5195
5196
5198
5199
5204
5205
5213
5214
5220
5221
5222
5226
5227
5228
5229
5230
5233
5234
5235
5243
5244
5245
5247
5248
5249
5250
5251
5252
5254
5259
5260
5261
5262
5263
5264
5266
5267
5268
5270
5271
5272
5273
5275
5277
5279
5280
5282
5285
5287
5292
5293
5294
5295
5297
5298
5300
5303
5304
5305
5309
5312
5316
5317
5321
5323
5326
5328
5329
5330
5331
5332
5333
5338
5340
5342
5350
5352
5356
5358
5361
5362
5363
5364
5366
5367
5369
5372
5373
5374
5375
5376
5377
5378
5380
5382
5387
5388
5390
5399
5400
5403
5405
5408
5412
5413
5416
5419
5421
5425
5428
5432
5435
5438
5439
5440
5441
5442
5443
5446
5447
5448
5449
5450
5452
5453
5454
5456
5458
5460
5461
5464
5465
5466
5470
5471
5472
5475
5476
5477
5478
5479
5480
5486
5487
5489
5491
5494
5496
5497
5498
5499
5500
5501
5502
5504
5505
5508
5511
5512
5513
5515
5516
5517
5519
5520
5521
5523
5526
5530
5531
5533
5534
5535
5536
5538
5540
5544
5546
5548
5549
5550
5551
5553
5556
5557
5558
5559
5560
5561
5562
5563
5564
5565
5566
5567
5570
5571
5572
5573
5575
5576
5577
5579
5580
5581
5582
5583
5584
5588
5589
5590
5591
5592
5593
5594
5595
5596
5597
5598
5599
5601
5602
5603
5605
5606
5608
5609
5610
5611
5612
5614
5615
5617
5619
5621
5623
5624
5625
5629
5630
5631
5633
5635
5636
5638
5640
5641
5642
5643
5645
5646
5649
5650
5651
5652
5653
5654
5655
5656
5660
5661
5664
5665
5666
5668
5669
5671
5673
5674
5675
5677
5678
5679
5681
5684
5686
5687
5690
5692
5697
5699
5700
5702
5705
5706
5707
5708
5709
5711
5712
5714
5718
5719
5720
5721
5722
5724
5726
5727
5730
5734
5736
5738
5739
5743
5745
5747
5749
5751
5752
5754
5755
5760
5762
5764
5765
5766
5768
5770
5773
5774
5776
5778
5779
5782
5783
5784
5789
5790
5791
5792
5793
5794
5795
5796
5797
5798
5800
5804
5805
5806
5810
5811
5815
5816
5817
5818
5820
5821
5825
5826
5827
5829
5830
5831
5832
5833
5834
5835
5836
5837
5838
5840
5841
5843
5844
5847
5848
5849
5850
5851
5852
5853
5854
5855
5856
5858
5859
5860
5861
5867
5868
5869
5871
5872
5875
5878
5880
5882
5884
5887
5888
5894
5897
5898
5901
5903
5905
5906
5908
5911
5912
5913
5915
5917
5918
5920
5922
5923
5925
5926
5927
5929
5930
5931
5932
5933
5934
5935
5936
5938
5939
5940
5941
5942
5945
5946
5947
5948
5949
5950
5952
5953
5954
5955
5956
5957
5959
5960
5961
5966
5968
5969
5971
5973
5974
5977
5980
5981
5983
5984
5987
5990
5991
5992
5993
5995
5999
6000
6001
6003
6005
6006
6007
6009
6011
6013
6015
6022
6023
6026
6027
6028
6031
6033
6035
6036
6037
6038
6039
6040
6042
6043
6045
6047
6048
6050
6052
6053
6056
6057
6063
6064
6066
6067
6070
6072
6073
6076
6077
6080
6081
6086
6087
6088
6089
6091
6092
6093
6094
6095
6096
6097
6103
6104
6106
6107
6109
6110
6111
6112
6113
6114
6117
6118
6122
6123
6124
6125
6126
6128
6133
6134
6137
6138
6139
6140
6141
6142
6143
6144
6146
6147
6150
6154
6157
6159
6161
6162
6163
6164
6166
6170
6171
6173
6174
6178
6179
6182
6183
6184
6185
6186
6188
6191
6193
6195
6196
6198
6199
6201
6202
6204
6205
6206
6207
6208
6210
6212
6213
6214
6215
6219
6221
6222
6223
6224
6225
6227
6230
6235
6239
6241
6242
6243
6247
6248
6250
6251
6253
6255
6261
6262
6267
6271
6272
6274
6275
6276
6277
6278
6282
6283
6284
6285
6286
6291
6293
6297
6298
6300
6303
6304
6306
6309
6314
6315
6317
6319
6321
6322
6323
6324
6326
6328
6331
6334
6339
6340
6341
6342
6343
6344
6345
6347
6348
6350
6351
6352
6353
6355
6356
6357
6358
6359
6360
6361
6362
6363
6365
6366
6367
6368
6370
6371
6372
6373
6379
6381
6383
6384
6385
6389
6391
6392
6393
6394
6395
6396
6397
6398
6399
6403
6409
6411
6413
6414
6415
6416
6418
6419
6420
6421
6422
6423
6424
6425
6426
6427
6428
6429
6430
6431
6432
6433
6435
6440
6444
6450
6451
6452
6453
6455
6457
6458
6460
6461
6462
6463
6465
6466
6467
6468
6469
6472
6474
6475
6479
6480
6481
6485
6487
6488
6489
6491
6493
6495
6496
6500
6507
6508
6509
6513
6515
6517
6518
6522
6526
6529
6531
6532
6535
6536
6537
6538
6539
6540
6542
6543
6544
6545
6546
6548
6550
6552
6555
6556
6561
6564
6566
6570
6571
6574
6576
6577
6578
6579
6580
6584
6585
6586
6587
6588
6589
6590
6591
6592
6593
6594
6596
6597
6599
6600
6601
6602
6603
6609
6612
6615
6616
6619
6621
6622
6623
6624
6625
6626
6627
6628
6629
6631
6632
6634
6636
6637
6639
6640
6642
6645
6649
6650
6652
6653
6654
6658
6660
6661
6662
6663
6665
6667
6668
6669
6670
6672
6673
6674
6675
6680
6681
6682
6684
6687
6689
6691
6694
6696
6698
6700
6701
6703
6704
6705
6706
6710
6713
6717
6718
6719
6720
6721
6722
6723
6728
6729
6731
6732
6735
6736
6737
6738
6741
6743
6751
6757
6761
6762
6765
6767
6769
6772
6773
6781
6784
6786
6787
6788
6790
6791
6792
6794
6795
6796
6798
6799
6800
6801
6802
6803
6804
6805
6806
6807
6809
6810
6811
6812
6813
6814
6817
6818
6821
6822
6825
6826
6827
6829
6833
6834
6836
6840
6841
6842
6844
6846
6847
6849
6850
6851
6852
6853
6854
6855
6856
6857
6859
6863
6865
6866
6867
6869
6870
6871
6878
6879
6881
6883
6884
6886
6892
6894
6895
6896
6898
6900
6902
6903
6904
6906
6907
6910
6911
6913
6914
6915
6916
6917
6920
6921
6922
6924
6926
6929
6934
6935
6936
6938
6943
6950
6954
6955
6957
6958
6960
6962
6963
6964
6965
6966
6967
6969
6970
6971
6972
6973
6975
6976
6977
6979
6981
6982
6989
6990
6991
6992
6993
6994
7002
7004
7005
7007
7009
7010
7017
7018
7019
7020
7022
7027
7029
7032
7036
7037
7038
7039
7040
7044
7046
7048
7049
7050
7052
7053
7055
7058
7061
7064
7065
7067
7068
7069
7071
7074
7078
7079
7082
7086
7087
7089
7091
7093
7095
7097
7100
7103
7104
7109
7110
7112
7114
7117
7122
7124
7125
7127
7129
7131
7132
7133
7134
7135
7136
7142
7143
7148
7154
7164
7167
7173
7174
7175
7176
7177
7178
7179
7180
7182
7184
7188
7189
7192
7193
7194
7196
7198
7199
7203
7204
7205
7208
7209
7211
7212
7213
7216
7220
7221
7222
7223
7224
7225
7226
7228
7229
7230
7231
7232
7233
7234
7235
7236
7238
7239
7240
7241
7242
7243
7244
7245
7251
7253
7254
7256
7257
7259
7266
7267
7268
7271
7273
7275
7279
7280
7282
7284
7285
7288
7289
7290
7291
7292
7293
7294
7295
7296
7297
7302
7303
7314
7315
7318
7319
7320
7321
7322
7323
7324
7325
7326
7328
7329
7338
7340
7341
7342
7343
7344
7345
7346
7349
7352
7353
7358
7359
7360
7362
7364
7365
7366
7367
7370
7373
7375
7376
7378
7379
7382
7383
7384
7385
7386
7387
7394
7395
7397
7398
7402
7403
7404
7405
7406
7409
7410
7413
7416
7418
7419
7420
7422
7424
7425
7427
7428
7429
7430
7433
7435
7437
7439
7441
7444
7446
7447
7449
7451
7452
7454
7458
7461
7462
7464
7468
7471
7472
7475
7476
7477
7478
7480
7481
7482
7483
7486
7487
7488
7489
7492
7494
7495
7496
7499
7501
7503
7507
7508
7509
7512
7513
7514
7515
7516
7517
7520
7525
7527
7529
7530
7532
7533
7534
7538
7539
7542
7543
7544
7545
7547
7549
7551
7552
7553
7555
7557
7558
7559
7562
7565
7567
7569
7570
7571
7572
7573
7574
7575
7576
7578
7580
7583
7585
7587
7588
7589
7591
7592
7598
7601
7602
7604
7605
7606
7608
7611
7614
7615
7617
7618
7619
7620
7621
7622
7624
7626
7629
7630
7631
7633
7635
7636
7637
7638
7640
7641
7645
7646
7649
7654
7655
7657
7661
7663
7664
7665
7666
7668
7670
7671
7673
7675
7678
7680
7683
7684
7686
7687
7691
7692
7694
7695
7700
7704
7706
7707
7708
7710
7712
7713
7715
7716
7719
7722
7724
7725
7726
7727
7730
7732
7739
7741
7744
7745
7746
7747
7748
7749
7751
7754
7757
7759
7760
7761
7765
7768
7770
7772
7774
7775
7777
7778
7779
7780
7781
7782
7784
7785
7787
7788
7789
7795
7797
7799
7800
7803
7804
7806
7807
7809
7810
7811
7816
7817
7818
7821
7822
7824
7825
7826
7827
7828
7830
7831
7832
7834
7835
7837
7839
7840
7841
7842
7846
7847
7849
7852
7854
7855
7856
7857
7858
7861
7862
7863
7864
7865
7867
7868
7869
7870
7871
7872
7874
7877
7878
7879
7880
7881
7882
7883
7885
7886
7888
7894
7898
7902
7903
7905
7906
7907
7908
7910
7911
7913
7915
7916
7917
7918
7919
7920
7921
7922
7923
7924
7925
7926
7927
7928
7929
7930
7934
7935
7937
7939
7940
7943
7946
7947
7948
7949
7950
7951
7954
7955
7956
7957
7958
7959
7960
7961
7962
7964
7968
7970
7971
7976
7980
7981
7982
7984
7992
7993
7994
7998
8002
8003
8005
8006
8008
8009
8011
8013
8014
8024
8026
8028
8030
8033
8035
8039
8041
8043
8047
8049
8051
8053
8054
8055
8059
8061
8062
8064
8065
8066
8068
8069
8070
8071
8072
8074
8076
8078
8079
8080
8081
8084
8087
8088
8089
8091
8092
8093
8099
8100
8102
8107
8111
8115
8117
8118
8119
8120
8122
8125
8128
8130
8131
8133
8134
8135
8137
8138
8141
8144
8145
8146
8147
8149
8150
8152
8153
8155
8160
8161
8166
8168
8169
8170
8171
8175
8180
8181
8189
8192
8194
8195
8197
8198
8199
8200
8201
8205
8206
8207
8208
8209
8212
8213
8215
8218
8220
8223
8224
8227
8228
8229
8230
8232
8234
8236
8237
8243
8245
8246
8247
8249
8250
8251
8252
8259
8261
8262
8263
8265
8271
8276
8277
8278
8279
8280
8281
8282
8287
8289
8292
8300
8313
8314
8315
8317
8318
8320
8321
8322
8323
8324
8327
8330
8331
8335
8337
8341
8342
8343
8345
8346
8347
8348
8349
8350
8354
8358
8359
8360
8361
8362
8364
8366
8368
8370
8371
8372
8373
8376
8377
8378
8379
8381
8382
8386
8387
8388
8389
8394
8395
8396
8397
8400
8401
8403
8405
8410
8412
8417
8419
8420
8421
8423
8424
8425
8426
8428
8434
8436
8437
8440
8441
8443
8444
8448
8449
8455
8456
8457
8458
8460
8461
8462
8465
8466
8468
8469
8470
8471
8472
8474
8475
8481
8486
8488
8489
8493
8495
8497
8499
8501
8506
8507
8508
8512
8513
8514
8516
8520
8527
8530
8533
8537
8542
8548
8549
8557
8561
8568
8569
8570
8572
8577
8578
8579
8583
8584
8586
8587
8588
8590
8591
8594
8598
8599
8601
8603
8605
8607
8608
8609
8611
8612
8613
8614
8616
8619
8622
8629
8635
8637
8645
8647
8648
8652
8654
8655
8659
8660
8667
8674
8676
8682
8684
8686
8687
8691
8694
8698
8699
8702
8705
8711
8714
8719
8720
8732
8733
8737
8741
8742
8743
8745
8746
8748
8753
8755
8756
8758
8760
8763
8764
8769
8770
8772
8773
8775
8780
8781
8785
8786
8787
8789
8791
8792
8793
8796
8797
8798
8799
8800
8802
8803
8808
8809
8810
8811
8816
8818
8820
8822
8824
8826
8827
8828
8829
8830
8834
8836
8837
8839
8847
8849
8850
8851
8852
8854
8856
8857
8860
8862
8863
8864
8865
8866
8867
8868
8870
8873
8874
8875
8877
8878
8889
8890
8896
8898
8899
8902
8904
8905
8910
8912
8914
8915
8916
8917
8920
8921
8922
8923
8927
8928
8929
8930
8934
8938
8940
8944
8945
8946
8948
8949
8951
8953
8955
8958
8960
8964
8965
8968
8970
8973
8974
8977
8979
8981
8984
8985
8986
8989
8990
8991
8995
8998
8999
9002
9004
9005
9006
9007
9008
9010
9011
9013
9014
9016
9021
9024
9025
9026
9027
9030
9036
9037
9038
9039
9040
9044
9045
9046
9047
9048
9049
9051
9052
9054
9056
9057
9058
9059
9061
9062
9065
9066
9069
9071
9072
9076
9078
9079
9081
9083
9085
9086
9089
9090
9091
9092
9093
9094
9095
9096
9097
9099
9101
9102
9104
9105
9106
9108
9109
9110
9112
9113
9114
9122
9123
9124
9125
9128
9131
9136
9137
9140
9141
9142
9143
9144
9146
9148
9149
9150
9152
9155
9157
9159
9164
9166
9169
9170
9172
9174
9175
9176
9177
9178
9179
9180
9182
9183
9184
9185
9191
9192
9194
9195
9198
9199
9205
9207
9208
9210
9211
9213
9214
9215
9216
9217
9218
9219
9222
9227
9228
9230
9231
9232
9233
9236
9238
9239
9242
9248
9249
9250
9251
9252
9254
9257
9258
9262
9263
9264
9265
9266
9267
9268
9269
9270
9271
9273
9275
9276
9277
9278
9279
9280
9281
9282
9283
9284
9286
9287
9289
9290
9291
9293
9295
9297
9299
9303
9304
9307
9309
9310
9311
9315
9317
9320
9322
9325
9326
9330
9334
9337
9338
9343
9347
9351
9352
9357
9359
9361
9363
9368
9371
9373
9378
9383
9384
9385
9390
9391
9393
9398
9401
9402
9405
9412
9417
9418
9420
9421
9422
9423
9425
9426
9432
9435
9440
9441
9445
9446
9447
9448
9452
9453
9454
9455
9457
9459
9460
9461
9465
9466
9468
9474
9476
9477
9478
9483
9485
9486
9488
9489
9490
9493
9494
9496
9498
9499
9501
9502
9503
9507
9510
9511
9512
9513
9518
9519
9520
9521
9522
9523
9525
9528
9529
9530
9531
9532
9533
9534
9535
9537
9542
9543
9545
9547
9549
9550
9553
9554
9555
9556
9560
9561
9562
9564
9565
9567
9568
9569
9571
9572
9573
9579
9581
9582
9589
9593
9594
9595
9598
9600
9603
9605
9606
9607
9609
9610
9615
9617
9618
9619
9620
9623
9625
9627
9628
9629
9630
9632
9634
9636
9638
9639
9640
9642
9644
9649
9655
9662
9666
9667
9669
9670
9671
9672
9675
9677
9679
9681
9682
9687
9688
9691
9693
9695
9696
9699
9702
9704
9706
9711
9714
9716
9717
9718
9719
9721
9722
9724
9728
9732
9738
9740
9747
9748
9749
9750
9751
9752
9753
9754
9756
9757
9759
9761
9764
9766
9768
9769
9771
9776
9777
9778
9781
9788
9790
9791
9796
9797
9800
9802
9810
9812
9815
9816
9817
9819
9820
9821
9822
9827
9828
9831
9833
9835
9836
9838
9839
9846
9847
9849
9850
9855
9857
9860
9861
9862
9868
9872
9874
9876
9878
9881
9883
9884
9886
9888
9894
9899
9902
9904
9907
9909
9911
9917
9919
9920
9921
9926
9931
9936
9938
9941
9942
9943
9944
9951
9952
9953
9954
9955
9960
9962
9964
9971
9972
9974
9975
9980
9981
9982
9987
9990
10008
10009
10011
10017
10023
10024
10029
10032
10033
10034
10036
10039
10044
10050
10052
10056
10058
10061
10063
10064
10065
10066
10067
10073
10075
10078
10080
10088
10091
10095
10099
10100
10102
10106
10109
10113
10114
10121
10125
10129
10132
10137
10144
10148
10151
10152
10154
10155
10156
10157
10158
10159
10161
10163
10169
10173
10179
10180
10181
10184
10185
10187
10188
10189
10190
10195
10212
10214
10218
10225
10227
10230
10231
10232
10233
10237
10240
10244
10245
10247
10249
10252
10253
10254
10256
10257
10258
10262
10265
10266
10268
10272
10277
10287
10290
10293
10295
10296
10298
10303
10305
10307
10309
10316
10317
10323
10324
10332
10333
10336
10342
10344
10348
10349
10355
10357
10358
10359
10365
10371
10374
10388
10389
10390
10395
10399
10400
10404
10405
10409
10413
10420
10423
10424
10433
10434
10436
10442
10443
10447
10449
10450
10452
10455
10459
10467
10468
10479
10480
10481
10482
10483
10484
10485
10486
10489
10492
10494
10495
10499
10500
10502
10503
10511
10514
10516
10519
10526
10529
10538
10542
10543
10544
10545
10548
10549
10554
10556
10558
10562
10571
10572
10576
10578
10579
10583
10585
10587
10591
10592
10595
10596
10599
10600
10604
10607
10609
10610
10613
10614
10617
10622
10625
10627
10638
10640
10646
10648
10653
10664
10670
10672
10674
10675
10677
10681
10682
10684
10689
10691
10700
10702
10704
10708
10711
10716
10720
10722
10724
10728
10731
10734
10736
10738
10740
10743
10745
10749
10751
10753
10757
10759
10761
10771
10774
10775
10776
10777
10779
10780
10782
10784
10785
10786
10787
10788
10789
10790
10791
10792
10795
10796
10798
10799
10800
10801
10802
10803
10805
10806
10808
10809
10814
10818
10821
10823
10825
10832
10833
10836
10837
10839
10847
10849
10856
10857
10860
10866
10868
10869
10872
10876
10881
10889
10891
10892
10893
10894
10896
10897
10898
10900
10901
10912
10914
10918
10920
10924
10935
10938
10940
10941
10942
10944
10945
10948
10950
10951
10952
10955
10959
10961
10962
10971
10973
10979
10988
10992
10993
10994
10998
11005
11006
11014
11016
11018
11021
11034
11036
11040
11041
11042
11044
11045
11046
11047
11050
11062
11064
11067
11068
11070
11073
11079
11082
11087
11089
11090
11093
11101
11107
11111
11112
11115
11116
11117
11123
11125
11126
11127
11131
11134
11139
11144
11145
11150
11151
11153
11154
11157
11159
11160
11164
11169
11170
11181
11182
11183
11187
11194
11197
11204
11210
11211
11212
11221
11227
11236
11238
11243
11252
11255
11256
11259
11263
11266
11267
11270
11275
11276
11285
11286
11287
11288
11295
11299
11300
11301
11303
11307
11316
11317
11320
11321
11323
11325
11327
11328
11331
11341
11342
11343
11344
11351
11352
11353
11356
11358
11359
11360
11369
11371
11375
11379
11380
11383
11386
11387
11389
11390
11395
11400
11401
11402
11403
11404
11405
11406
11408
11409
11411
11413
11414
11417
11419
11422
11426
11439
11448
11449
11453
11454
11455
11457
11460
11463
11464
11469
11476
11477
11478
11480
11484
11485
11492
11497
11500
11501
11502
11503
11507
11509
11511
11512
11515
11520
11524
11527
11530
11533
11535
11538
11541
11542
11545
11546
11547
11548
11553
11554
11556
11557
11558
11561
11563
11566
11571
11574
11578
11580
11582
11583
11587
11591
11593
11594
11596
11597
11599
11604
11606
11607
11609
11610
11618
11619
11630
11639
11640
11641
11642
11643
11644
11647
11649
11650
11661
11665
11666
11670
11675
11684
11685
11689
11690
11697
11701
11702
11707
11714
11715
11716
11720
11728
11731
11738
11742
11750
11751
11758
11762
11765
11769
11780
11784
11797
11804
11807
11810
11812
11813
11814
11829
11836
11837
11838
11847
11849
11850
11851
11854
11855
11860
11866
11870
11875
11881
11883
11886
11890
11897
11899
11903
11911
11918
11923
11933
11934
11940
11941
11943
11948
11960
11963
11976
11978
11979
11980
11985
11987
11994
11995
11998
12003
12004
12007
12012
12013
12014
12015
12027
12028
12035
12040
12041
12042
12043
12047
12048
12055
12060
12062
12066
12067
12071
12076
12079
12081
12083
12086
12100
12104
12111
12116
12122
12123
12126
12128
12132
12133
12134
12135
12137
12138
12139
12140
12141
12142
12144
12145
12146
12147
12149
12150
12152
12155
12157
12158
12164
12165
12166
12167
12169
12173
12177
12180
12183
12184
12186
12187
12194
12195
12207
12214
12218
12221
12225
12226
12227
12231
12232
12234
12246
12247
12251
12252
12253
12259
12263
12264
12269
12271
12273
12275
12277
12279
12293
12295
12297
12302
12305
12309
12316
12317
12320
12321
12322
12323
12325
12327
12328
12329
12345
12346
12349
12353
12355
12356
12358
12367
12374
12384
12385
12386
12387
12388
12391
12395
12403
12405
12406
12408
12413
12415
12424
12427
12428
12436
12444
12445
12446
12458
12460
12463
12467
12468
12470
12476
12483
12496
12499
12500
12517
12518
12520
12525
12526
12529
12530
12531
12532
12533
12534
12538
12539
12542
12543
12548
12554
12555
12559
12561
12565
12568
12569
12573
12579
12585
12587
12594
12599
12605
12606
12609
12610
12625
12633
12649
12650
12653
12656
12657
12658
12659
12672
12676
12677
12680
12682
12692
12693
12702
12705
12706
12707
12713
12715
12716
12718
12726
12728
12730
12735
12737
12738
12740
12741
12745
12746
12749
12756
12764
12767
12774
12778
12786
12796
12797
12798
12800
12828
12832
12839
12855
12856
12857
12858
12868
12873
12876
12879
12881
12891
12898
12905
12907
12914
12915
12919
12921
12923
12927
12930
12936
12948
12950
12952
12953
12954
12958
12960
12962
12963
12965
12966
12968
12969
12970
12971
12982
12994
12998
13012
13013
13014
13015
13019
13021
13028
13034
13037
13039
13040
13041
13044
13048
13061
13068
13070
13075
13077
13085
13090
13093
13097
13106
13107
13112
13113
13115
13117
13119
13124
13129
13131
13134
13137
13143
13144
13147
13152
13155
13160
13163
13171
13184
13190
13193
13194
13202
13203
13212
13213
13217
13219
13223
13224
13227
13228
13231
13238
13241
13242
13245
13247
13248
13253
13255
13257
13258
13263
13265
13267
13273
13274
13275
13279
13281
13282
13291
13295
13300
13305
13306
13309
13310
13311
13312
13313
13314
13317
13319
13327
13328
13331
13332
13333
13339
13340
13341
13344
13345
13347
13352
13353
13354
13360
13361
13363
13372
13379
13382
13385
13388
13389
13393
13396
13397
13400
13405
13409
13419
13421
13426
13427
13430
13431
13432
13438
13455
13468
13471
13480
13482
13483
13484
13489
13496
13506
13507
13511
13512
13514
13517
13520
13527
13528
13530
13532
13544
13545
13556
13557
13559
13562
13566
13567
13570
13571
13572
13574
13575
13577
13578
13579
13581
13584
13586
13590
13591
13599
13600
13602
13605
13609
13610
13612
13615
13616
13617
13619
13629
13630
13640
13645
13646
13647
13651
13652
13655
13656
13658
13661
13662
13663
13665
13674
13679
13680
13684
13685
13686
13688
13689
13690
13691
13692
13695
13708
13712
13713
13714
13718
13720
13724
13741
13742
13743
13746
13748
13750
13753
13755
13756
13757
13762
13764
13767
13771
13775
13776
13780
13789
13796
13805
13811
13812
13813
13815
13816
13825
13835
13837
13847
13848
13850
13854
13856
13857
13868
13869
13870
13875
13877
13892
13893
13897
13899
13900
13903
13909
13915
13916
13917
13920
13927
13929
13930
13938
13942
13948
13951
13961
13968
13975
13977
13980
13981
13983
13985
13989
13993
13997
14000
14002
14007
14011
14014
14015
14018
14029
14032
14033
14034
14038
14039
14046
14048
14052
14055
14070
14074
14077
14078
14094
14096
14100
14103
14105
14109
14113
14114
14117
14123
14128
14133
14143
14157
14160
14165
14168
14169
14173
14191
14192
14196
14200
14205
14207
14219
14222
14226
14237
14239
14240
14244
14246
14251
14256
14272
14274
14280
14281
14285
14288
14294
14309
14312
14330
14334
14335
14337
14344
14363
14367
14370
14374
14375
14377
14379
14381
14383
14385
14396
14401
14404
14405
14407
14419
14441
14447
14449
14451
14452
14454
14474
14487
14499
14529
14540
14552
14554
14555
14557
14561
14564
14566
14574
14582
14587
14590
14594
14596
14602
14603
14609
14610
14611
14614
14615
14617
14619
14621
14622
14626
14627
14628
14646
14648
14652
14657
14658
14659
14662
14663
14664
14665
14666
14670
14671
14675
14677
14678
14689
14691
14694
14697
14700
14703
14705
14708
14713
14720
14727
14731
14733
14734
14736
14737
14744
14745
14746
14747
14748
14751
14752
14753
14754
14765
14766
14776
14781
14786
14792
14795
14796
14798
14799
14802
14804
14806
14808
14812
14814
14819
14820
14824
14832
14834
14837
14838
14839
14843
14848
14849
14852
14853
14854
14860
14861
14863
14864
14866
14868
14870
14873
14874
14877
14878
14880
14882
14885
14887
14889
14894
14902
14903
14904
14907
14911
14918
14919
14924
14925
14927
14933
14942
14945
14953
14960
14962
14968
14971
14976
14977
14979
14980
14981
14982
14986
14988
14989
14991
14996
15000
15001
15003
15005
15010
15011
15014
15016
15018
15019
15024
15029
15030
15035
15039
15040
15043
15045
15051
15054
15056
15058
15065
15066
15067
15072
15076
15082
15086
15087
15088
15095
15097
15106
15107
15108
15110
15119
15121
15122
15125
15134
15137
15141
15142
15153
15157
15158
15162
15163
15177
15179
15180
15181
15183
15184
15190
15191
15206
15210
15214
15219
15226
15227
15229
15234
15235
15238
15241
15243
15244
15245
15246
15248
15249
15258
15263
15267
15268
15273
15278
15284
15286
15287
15296
15298
15301
15303
15304
15307
15315
15316
15319
15321
15327
15337
15338
15340
15341
15346
15347
15348
15350
15351
15353
15365
15367
15368
15373
15376
15377
15382
15384
15385
15388
15390
15395
15404
15407
15409
15414
15421
15423
15427
15435
15436
15444
15445
15460
15463
15464
15468
15478
15485
15500
15503
15507
15508
15525
15526
15530
15533
15552
15555
15556
15557
15559
15570
15578
15581
15595
15596
15597
15619
15621
15627
15634
15645
15655
15663
15668
15676
15677
15689
15691
15709
15714
15717
15723
15735
15737
15739
15740
15742
15746
15750
15754
15756
15759
15764
15767
15782
15825
15829
15834
15839
15848
15850
15851
15852
15865
15870
15881
15886
15888
15893
15904
15905
15911
15914
15916
15917
15919
15925
15929
15935
15942
15944
15945
15947
15960
15961
15967
15975
15981
16000
16001
16019
16035
16037
16041
16047
16054
16056
16057
16062
16063
16072
16077
16083
16089
16090
16094
16100
16102
16108
16112
16116
16131
16152
16153
16154
16158
16159
16162
16167
16171
16172
16181
16186
16190
16196
16199
16201
16206
16220
16222
16227
16228
16238
16241
16243
16252
16259
16269
16274
16281
16301
16306
16312
16319
16323
16325
16346
16350
16353
16354
16356
16360
16371
16372
16373
16375
16377
16384
16387
16393
16399
16407
16408
16411
16412
16413
16429
16431
16435
16437
16440
16449
16455
16456
16458
16466
16467
16481
16488
16490
16494
16495
16496
16498
16503
16504
16506
16510
16516
16517
16520
16521
16524
16525
16530
16536
16540
16541
16543
16546
16554
16556
16560
16568
16590
16596
16601
16602
16605
16609
16611
16615
16619
16622
16624
16625
16626
16628
16636
16638
16655
16666
16676
16679
16685
16692
16703
16705
16706
16709
16712
16739
16753
16755
16758
16765
16768
16771
16784
16785
16792
16796
16800
16803
16808
16812
16827
16828
16830
16831
16832
16848
16918
16949
16952
16954
16960
16969
17004
17096
17097
17116
17118
17122
17123
17133
17134
17142
17144
17155
17159
17162
17169
17173
17178
17192
17213
17234
17251
17253
17254
17255
17258
17260
17262
17263
17265
17267
17268
17269
17270
17271
17272
17274
17275
17276
17278
17279
17280
17281
17283
17285
17287
17289
17294
17295
17296
17297
17298
17300
17302
17303
17304
17305
17307
17308
17310
17311
17313
17314
17320
17323
17324
17342
17356
17366
17384
17385
17405
17412
17425
17430
17440
17443
17446
17452
17454
17470
17471
17472
17473
17477
17480
17486
17487
17490
17493
17509
17514
17515
17539
17541
17555
17559
17565
17566
17568
17575
17588
17590
17593
17614
17629
17633
17640
17645
17654
17661
17664
17668
17697
17751
17752
17779
17783
17792
17798
17801
17802
17820
17821
17824
17841
17849
17852
17853
17858
17881
17887
17895
17897
17907
17916
17929
17931
17934
17945
17947
17949
17951
17959
17967
17972
17988
18011
18014
18017
18051
18052
18053
18056
18058
18061
18062
18063
18065
18066
18067
18068
18071
18079
18082
18083
18087
18090
18093
18095
18098
18100
18101
18102
18104
18105
18106
18107
18108
18109
18110
18111
18112
18113
18115
18116
18117
18118
18119
18120
18121
18122
18123
18124
18125
18126
18127
18128
18129
18130
18131
18132
18133
18134
18135
18136
18137
18138
18139
18140
18141
18142
18143
18144
18145
18146
18151
18156
18157
18161
18167
18168
18169
18171
18173
18174
18175
18176
18179
18180
18181
18182
18184
18186
18187
18194
18196
18199
18200
18201
18205
18206
18207
18208
18210
18211
18212
18213
18214
18215
18217
18218
18219
18220
18221
18222
18223
18224
18226
18227
18228
18229
18230
18232
18234
18237
18238
18240
18242
18250
18251
18259
18261
18262
18263
18266
18269
18270
18271
18274
18275
18277
18282
18286
18293
18294
18295
18298
18304
18307
18308
18312
18315
18316
18321
18328
18334
18339
18342
18345
18349
18350
18351
18354
18357
18368
18369
18375
18378
18391
18396
18400
18413
18423
18433
18437
18444
18459
18464
18473
18477
18482
18487
18490
18497
18504
18510
18514
18515
18517
18520
18521
18541
18542
18543
18556
18560
18566
18575
18582
18588
18591
18601
18604
18605
18616
18619
18648
18668
18669
18683
18686
18690
18699
18704
18708
18721
18722
18744
18754
18762
18766
18767
18782
18783
18796
18799
18805
18825
18839
18843
18846
18861
18863
18869
18871
18878
18895
18904
18913
18914
18925
18927
18933
18939
18943
18947
18960
18967
18969
18979
18983
18988
18990
18991
18995
18999
19012
19020
19029
19042
19100
19112
19116
19133
19147
19150
19169
19188
19203
19225
19233
19234
19349
19356
19398
19409
19410
19411
19493
19503
19506
19520
19534
19552
19598
19604
19611
19638
19656
19716
19747
19778
19788
19915
19928
