0
1
3
4
7
8
9
10
12
14
16
17
23
24
25
26
27
29
30
35
36
37
39
46
49
51
52
53
54
58
60
64
67
68
69
70
72
74
76
77
78
82
83
85
86
88
89
90
93
94
97
98
99
101
106
107
110
111
112
113
114
116
118
119
122
123
124
126
128
130
132
134
135
136
137
140
142
145
146
147
149
152
157
167
168
170
171
173
174
175
176
177
179
180
181
182
183
185
187
188
189
194
197
200
201
204
205
206
207
208
210
212
214
215
216
217
221
222
227
229
230
232
233
234
236
237
239
242
247
248
250
254
255
258
260
262
268
270
271
272
273
275
276
278
279
283
286
287
288
293
294
295
297
299
302
303
304
307
308
310
313
317
319
321
322
323
331
333
335
336
337
340
344
345
347
349
352
358
360
362
366
370
371
374
375
381
387
388
389
393
398
402
403
405
409
410
412
413
414
417
421
423
425
426
427
428
430
431
432
435
436
437
438
439
441
442
445
449
450
451
455
457
458
463
471
473
474
475
479
483
485
490
492
494
500
501
503
504
505
506
508
510
511
512
513
517
519
521
523
527
531
535
536
537
540
541
543
546
547
548
550
551
552
553
555
558
564
569
573
579
581
582
585
588
594
596
599
600
601
602
603
610
611
612
614
616
620
621
624
625
626
628
634
635
637
638
645
646
647
650
651
652
656
658
661
662
664
670
672
673
675
676
679
680
681
682
685
690
692
693
695
699
700
701
704
706
707
708
709
710
711
712
719
721
722
724
727
731
734
735
736
737
738
739
741
743
744
749
750
751
752
754
757
759
760
762
765
768
770
772
773
774
776
778
779
780
781
782
785
788
790
792
793
794
795
796
797
798
801
804
805
806
807
809
811
815
817
822
824
826
827
830
831
832
836
837
838
841
843
845
847
848
850
854
856
857
858
859
860
866
867
873
875
877
878
879
883
884
886
887
889
890
891
892
898
902
909
911
917
918
919
920
921
922
927
928
929
932
936
938
940
941
943
944
948
949
956
957
963
968
969
971
973
975
978
982
983
997
998
1002
1004
1008
1009
1011
1013
1014
1019
1022
1024
1025
1029
1031
1034
1037
1040
1043
1049
1050
1051
1056
1062
1063
1071
1072
1075
1077
1078
1079
1082
1083
1084
1085
1086
1091
1092
1094
1097
1098
1102
1103
1105
1106
1113
1117
1120
1122
1124
1126
1129
1133
1139
1141
1143
1145
1146
1150
1152
1154
1156
1158
1159
1160
1162
1163
1167
1168
1169
1178
1179
1180
1181
1186
1187
1189
1190
1192
1199
1200
1204
1209
1210
1215
1218
1219
1223
1224
1227
1229
1231
1235
1237
1245
1250
1253
1254
1258
1260
1264
1265
1269
1272
1274
1276
1277
1279
1283
1286
1288
1291
1292
1295
1297
1299
1304
1308
1312
1314
1321
1323
1327
1328
1331
1338
1339
1345
1347
1348
1349
1351
1353
1355
1356
1359
1362
1367
1372
1373
1376
1378
1383
1385
1386
1390
1400
1402
1404
1406
1410
1426
1427
1431
1432
1433
1434
1435
1436
1438
1440
1444
1446
1450
1451
1459
1465
1466
1468
1469
1472
1473
1474
1477
1479
1480
1482
1483
1485
1495
1496
1497
1500
1503
1506
1509
1512
1514
1516
1520
1521
1522
1526
1527
1528
1534
1540
1541
1542
1543
1544
1552
1560
1562
1563
1572
1576
1580
1581
1583
1584
1589
1595
1596
1600
1610
1616
1619
1622
1623
1626
1629
1630
1644
1645
1646
1647
1655
1658
1659
1668
1671
1677
1679
1681
1682
1683
1689
1691
1693
1695
1697
1703
1708
1710
1711
1713
1714
1720
1726
1729
1731
1732
1736
1739
1746
1755
1758
1762
1766
1769
1773
1778
1781
1789
1791
1792
1795
1798
1802
1808
1810
1811
1828
1830
1833
1835
1837
1838
1841
1843
1850
1852
1853
1864
1867
1868
1869
1880
1881
1885
1890
1894
1896
1900
1902
1904
1917
1920
1922
1923
1925
1931
1932
1935
1941
1942
1946
1947
1952
1961
1969
1972
1973
1974
1977
1979
1980
1982
1984
1985
1989
1991
1996
2000
2003
2004
2005
2009
2010
2013
2015
2017
2019
2025
2027
2034
2036
2037
2038
2039
2041
2043
2046
2047
2048
2049
2050
2055
2060
2062
2064
2066
2067
2068
2070
2075
2076
2077
2081
2083
2085
2088
2090
2097
2098
2099
2109
2118
2124
2128
2129
2132
2133
2134
2136
2137
2141
2144
2146
2150
2157
2160
2165
2167
2168
2172
2174
2176
2177
2178
2183
2190
2192
2194
2196
2197
2199
2202
2209
2210
2212
2219
2223
2225
2232
2237
2238
2239
2240
2249
2255
2260
2267
2268
2273
2279
2293
2301
2307
2309
2315
2317
2318
2322
2323
2329
2330
2331
2337
2338
2341
2344
2348
2354
2355
2359
2366
2369
2370
2371
2376
2379
2383
2386
2393
2396
2398
2400
2402
2403
2407
2411
2417
2421
2423
2424
2430
2434
2435
2436
2437
2438
2441
2444
2446
2448
2450
2455
2462
2463
2467
2472
2477
2478
2487
2489
2491
2492
2493
2494
2498
2499
2501
2503
2508
2514
2515
2517
2520
2521
2523
2528
2531
2536
2537
2538
2539
2541
2546
2548
2549
2551
2552
2559
2561
2565
2566
2567
2568
2569
2571
2575
2579
2581
2582
2583
2585
2586
2590
2593
2595
2597
2598
2601
2603
2604
2605
2606
2608
2610
2614
2615
2616
2622
2623
2629
2636
2637
2640
2641
2643
2644
2645
2646
2647
2648
2649
2650
2652
2657
2659
2660
2662
2663
2664
2665
2666
2669
2671
2674
2675
2678
2680
2681
2682
2684
2685
2687
2688
2689
2691
2692
2694
2700
2701
2710
2718
2719
2720
2721
2722
2724
2726
2727
2732
2733
2738
2739
2743
2744
2747
2748
2749
2753
2754
2755
2756
2757
2758
2759
2760
2762
2763
2766
2770
2771
2772
2774
2775
2777
2778
2780
2781
2790
2791
2792
2793
2794
2799
2801
2803
2805
2807
2814
2815
2817
2829
2830
2832
2836
2838
2839
2840
2848
2850
2853
2859
2860
2866
2869
2873
2874
2877
2882
2884
2885
2886
2890
2892
2893
2897
2899
2901
2903
2906
2910
2913
2914
2915
2922
2927
2932
2933
2934
2936
2938
2939
2940
2945
2950
2958
2962
2971
2973
2975
2976
2977
2978
2983
2985
2986
2987
2989
2992
2994
2997
2999
3002
3004
3007
3008
3011
3014
3017
3021
3023
3025
3033
3044
3046
3047
3048
3049
3051
3053
3056
3057
3060
3061
3064
3065
3069
3070
3073
3076
3077
3078
3083
3084
3085
3086
3087
3091
3093
3094
3095
3097
3099
3102
3103
3104
3107
3115
3116
3121
3123
3124
3126
3127
3128
3130
3132
3135
3139
3148
3150
3152
3153
3154
3156
3158
3160
3161
3162
3168
3169
3170
3171
3172
3173
3174
3176
3183
3185
3187
3188
3192
3201
3202
3204
3206
3207
3211
3212
3213
3214
3217
3218
3219
3223
3228
3230
3232
3233
3234
3235
3237
3238
3239
3240
3242
3244
3248
3250
3253
3256
3259
3262
3263
3264
3265
3268
3275
3277
3281
3283
3284
3285
3286
3287
3288
3295
3296
3298
3301
3306
3308
3309
3311
3314
3315
3318
3319
3322
3324
3325
3327
3330
3331
3332
3333
3336
3340
3341
3346
3350
3360
3361
3365
3368
3369
3372
3373
3375
3378
3379
3382
3383
3384
3385
3386
3388
3396
3398
3401
3402
3404
3406
3407
3408
3410
3411
3412
3414
3416
3417
3418
3421
3422
3423
3424
3428
3432
3434
3435
3437
3438
3441
3443
3444
3450
3453
3455
3456
3457
3459
3461
3462
3463
3465
3466
3469
3470
3471
3472
3473
3476
3478
3480
3483
3484
3489
3491
3492
3495
3504
3507
3508
3513
3515
3517
3519
3521
3523
3525
3527
3528
3533
3534
3543
3544
3549
3550
3552
3553
3554
3556
3560
3561
3562
3564
3565
3566
3567
3568
3570
3571
3572
3573
3574
3576
3578
3579
3580
3581
3583
3585
3590
3593
3595
3596
3597
3599
3600
3601
3604
3605
3607
3609
3610
3611
3612
3614
3615
3621
3623
3624
3625
3626
3632
3633
3638
3642
3648
3649
3650
3651
3652
3655
3658
3661
3665
3673
3676
3679
3683
3685
3687
3689
3690
3691
3693
3695
3697
3698
3699
3701
3703
3704
3705
3706
3707
3708
3709
3712
3714
3715
3718
3721
3725
3727
3729
3730
3731
3732
3734
3736
3737
3738
3739
3740
3741
3745
3748
3752
3756
3757
3758
3759
3761
3766
3768
3769
3770
3772
3774
3776
3777
3778
3780
3782
3783
3786
3789
3790
3791
3795
3799
3800
3803
3807
3808
3813
3814
3815
3817
3818
3820
3823
3824
3825
3826
3827
3834
3836
3847
3848
3851
3852
3857
3859
3862
3863
3865
3866
3868
3869
3870
3871
3875
3880
3881
3887
3888
3890
3892
3897
3898
3901
3907
3913
3915
3923
3924
3930
3931
3945
3947
3952
3953
3958
3961
3963
3967
3968
3970
3979
3981
3982
3983
3989
3993
3994
3997
4005
4006
4008
4013
4015
4018
4022
4027
4028
4032
4035
4036
4039
4042
4046
4062
4070
4071
4079
4086
4089
4096
4098
4103
4106
4108
4111
4113
4117
4118
4119
4120
4124
4125
4127
4131
4134
4136
4137
4139
4141
4153
4154
4155
4156
4157
4159
4160
4162
4172
4175
4178
4179
4181
4183
4184
4186
4188
4191
4192
4195
4197
4201
4205
4206
4208
4211
4215
4217
4220
4224
4227
4228
4229
4238
4240
4242
4250
4253
4255
4257
4258
4266
4267
4269
4273
4274
4276
4277
4283
4290
4297
4298
4303
4308
4311
4312
4316
4322
4323
4324
4328
4330
4334
4335
4336
4337
4340
4352
4353
4356
4358
4359
4364
4366
4369
4382
4384
4385
4388
4389
4390
4391
4396
4398
4401
4402
4406
4415
4419
4420
4425
4426
4429
4430
4434
4438
4439
4440
4441
4443
4446
4448
4455
4456
4470
4471
4473
4478
4480
4487
4490
4491
4492
4495
4496
4497
4502
4511
4514
4519
4522
4531
4536
4539
4544
4545
4549
4554
4555
4556
4560
4561
4562
4566
4567
4569
4571
4575
4579
4581
4582
4586
4592
4596
4597
4602
4603
4610
4612
4614
4617
4626
4630
4632
4634
4635
4637
4642
4647
4648
4650
4651
4655
4657
4658
4659
4662
4666
4674
4682
4683
4685
4689
4691
4702
4705
4707
4708
4710
4716
4717
4722
4723
4726
4727
4728
4734
4742
4744
4749
4751
4758
4759
4761
4765
4766
4770
4787
4788
4789
4790
4791
4794
4798
4806
4808
4812
4816
4817
4819
4830
4831
4833
4834
4838
4839
4840
4843
4845
4846
4847
4851
4863
4864
4868
4869
4876
4878
4882
4886
4887
4894
4898
4900
4906
4907
4910
4912
4913
4917
4919
4923
4926
4927
4930
4938
4940
4942
4944
4946
4955
4961
4963
4968
4969
4970
4972
4973
4974
4977
4980
4981
4982
4984
4988
4993
4994
4998
5002
5011
5013
5030
5035
5036
5040
5044
5045
5047
5050
5051
5052
5056
5060
5066
5072
5074
5075
5079
5082
5084
5097
5102
5105
5110
5114
5116
5117
5120
5126
5133
5135
5146
5152
5154
5156
5160
5164
5166
5167
5176
5179
5184
5186
5187
5192
5193
5196
5211
5226
5228
5230
5233
5234
5243
5245
5247
5250
5251
5253
5254
5259
5261
5262
5265
5266
5268
5272
5288
5289
5312
5317
5326
5330
5331
5332
5338
5340
5352
5356
5358
5361
5363
5366
5367
5369
5370
5379
5380
5382
5384
5387
5395
5396
5402
5412
5422
5425
5428
5432
5435
5438
5441
5448
5464
5465
5471
5476
5480
5491
5493
5496
5497
5499
5504
5508
5511
5512
5513
5517
5519
5520
5521
5528
5531
5533
5534
5536
5544
5549
5553
5555
5557
5559
5560
5562
5563
5564
5566
5567
5570
5571
5573
5582
5583
5586
5589
5592
5595
5596
5601
5603
5605
5606
5612
5625
5626
5631
5638
5639
5640
5641
5648
5649
5652
5654
5656
5657
5660
5661
5671
5674
5675
5676
5680
5681
5684
5685
5686
5694
5697
5702
5703
5705
5706
5708
5709
5710
5711
5712
5714
5718
5719
5721
5722
5724
5726
5729
5734
5738
5741
5755
5759
5760
5768
5770
5773
5778
5779
5789
5794
5796
5797
5804
5806
5810
5814
5815
5817
5825
5829
5830
5831
5833
5835
5836
5837
5838
5840
5848
5852
5853
5855
5858
5862
5866
5869
5878
5882
5884
5887
5897
5901
5903
5905
5908
5909
5914
5918
5927
5929
5932
5942
5945
5952
5953
5955
5957
5959
5960
5964
5966
5971
5976
5981
5996
5997
5999
6000
6011
6015
6022
6027
6028
6031
6033
6037
6038
6039
6041
6053
6054
6056
6057
6060
6064
6073
6077
6080
6082
6087
6089
6091
6092
6093
6095
6096
6103
6104
6106
6107
6113
6121
6122
6125
6126
6133
6137
6138
6139
6142
6143
6144
6145
6150
6156
6158
6160
6163
6171
6173
6179
6181
6184
6185
6186
6191
6193
6199
6202
6204
6205
6206
6212
6213
6214
6218
6219
6221
6225
6232
6234
6237
6239
6241
6243
6246
6249
6251
6255
6261
6267
6271
6272
6273
6277
6283
6286
6291
6293
6297
6299
6302
6311
6321
6337
6341
6350
6351
6353
6359
6365
6366
6370
6371
6372
6373
6374
6377
6383
6384
6386
6389
6391
6392
6393
6398
6409
6410
6411
6413
6414
6416
6418
6420
6422
6424
6427
6430
6432
6433
6441
6444
6453
6460
6461
6462
6465
6467
6468
6479
6480
6485
6489
6495
6515
6530
6531
6536
6538
6548
6550
6552
6553
6556
6560
6561
6564
6570
6571
6574
6581
6583
6585
6586
6587
6592
6597
6599
6600
6601
6603
6605
6612
6615
6619
6620
6621
6622
6625
6626
6627
6629
6637
6652
6653
6662
6670
6675
6680
6681
6682
6687
6689
6700
6701
6703
6705
6722
6723
6724
6728
6729
6731
6736
6740
6741
6761
6767
6770
6772
6781
6790
6792
6796
6800
6801
6802
6805
6807
6809
6813
6814
6820
6825
6826
6829
6830
6833
6834
6836
6837
6842
6844
6850
6855
6857
6859
6865
6870
6871
6872
6878
6881
6883
6884
6885
6886
6892
6894
6904
6907
6913
6917
6922
6927
6934
6936
6941
6944
6945
6950
6953
6956
6963
6964
6965
6967
6969
6970
6972
6973
6976
6977
6981
6990
6995
6999
7020
7027
7035
7036
7038
7044
7046
7049
7052
7061
7064
7065
7066
7067
7074
7079
7080
7083
7086
7100
7104
7108
7110
7117
7121
7126
7136
7141
7142
7148
7154
7167
7175
7176
7177
7180
7188
7189
7194
7198
7203
7207
7208
7211
7216
7222
7230
7232
7233
7234
7235
7240
7242
7243
7244
7245
7250
7256
7266
7267
7279
7285
7289
7290
7292
7296
7302
7309
7314
7323
7326
7333
7340
7351
7353
7358
7360
7362
7375
7379
7382
7383
7386
7397
7403
7405
7409
7410
7413
7419
7433
7439
7446
7450
7454
7460
7461
7462
7463
7465
7472
7473
7478
7480
7482
7486
7490
7494
7495
7499
7508
7517
7525
7527
7531
7532
7533
7534
7537
7544
7545
7547
7551
7553
7557
7562
7571
7572
7573
7578
7588
7589
7592
7602
7604
7614
7616
7617
7621
7623
7624
7626
7627
7630
7631
7634
7635
7636
7639
7641
7642
7654
7657
7661
7664
7665
7669
7686
7687
7694
7695
7699
7702
7707
7708
7710
7717
7719
7722
7726
7727
7730
7732
7739
7745
7748
7749
7754
7759
7761
7766
7767
7770
7779
7780
7785
7787
7793
7796
7797
7804
7806
7810
7816
7818
7821
7822
7826
7827
7828
7830
7832
7836
7837
7840
7841
7844
7846
7847
7849
7857
7865
7868
7869
7870
7871
7876
7877
7878
7880
7881
7885
7892
7897
7898
7913
7916
7918
7921
7923
7924
7925
7926
7928
7932
7935
7937
7940
7941
7945
7948
7949
7951
7954
7956
7958
7964
7970
7971
7976
7980
7981
7984
7985
7986
7988
7993
7994
7999
8002
8006
8008
8009
8022
8039
8040
8041
8042
8049
8051
8055
8062
8064
8068
8071
8072
8074
8078
8080
8081
8083
8084
8087
8091
8092
8093
8100
8102
8105
8113
8118
8119
8125
8131
8135
8141
8144
8145
8155
8158
8159
8160
8161
8164
8165
8166
8168
8169
8170
8181
8188
8192
8194
8195
8198
8199
8205
8208
8209
8211
8212
8213
8215
8216
8223
8227
8229
8233
8234
8236
8245
8250
8264
8276
8280
8281
8291
8292
8306
8307
8314
8317
8318
8321
8324
8327
8330
8333
8335
8342
8346
8347
8348
8353
8354
8358
8359
8362
8363
8364
8365
8366
8368
8370
8371
8382
8392
8397
8400
8401
8405
8421
8424
8425
8426
8428
8440
8444
8455
8470
8471
8472
8481
8482
8486
8488
8496
8499
8502
8511
8514
8518
8533
8537
8542
8561
8564
8567
8568
8569
8572
8578
8581
8584
8586
8588
8599
8600
8603
8605
8606
8609
8611
8616
8622
8629
8635
8647
8648
8650
8652
8654
8660
8669
8676
8681
8682
8687
8696
8702
8705
8716
8719
8732
8733
8737
8741
8742
8743
8745
8746
8750
8753
8759
8760
8772
8773
8775
8780
8787
8789
8798
8800
8802
8803
8808
8809
8810
8811
8816
8818
8820
8823
8825
8827
8828
8834
8837
8841
8847
8850
8856
8860
8862
8864
8867
8868
8869
8870
8871
8874
8875
8876
8896
8913
8916
8917
8921
8928
8929
8945
8951
8953
8960
8965
8968
8973
8974
8977
8981
8986
8989
8995
9000
9005
9006
9008
9011
9014
9024
9035
9036
9045
9046
9047
9048
9057
9061
9065
9066
9072
9078
9083
9085
9086
9089
9091
9094
9105
9106
9108
9109
9110
9113
9124
9131
9137
9140
9142
9148
9149
9150
9157
9171
9176
9179
9184
9195
9199
9205
9207
9208
9210
9212
9215
9216
9217
9218
9219
9220
9222
9228
9230
9236
9239
9248
9249
9250
9254
9263
9268
9269
9270
9271
9274
9276
9277
9279
9282
9283
9284
9286
9291
9295
9297
9298
9300
9305
9311
9312
9318
9322
9325
9326
9327
9330
9334
9337
9338
9343
9373
9380
9383
9385
9390
9402
9417
9418
9420
9422
9423
9429
9432
9435
9443
9447
9448
9449
9452
9453
9460
9461
9466
9468
9469
9471
9477
9483
9484
9489
9498
9501
9503
9504
9505
9507
9514
9519
9521
9524
9525
9529
9530
9532
9533
9534
9539
9540
9545
9550
9553
9554
9556
9557
9559
9561
9565
9567
9569
9579
9583
9584
9593
9598
9600
9603
9607
9611
9619
9621
9627
9628
9633
9640
9649
9653
9656
9662
9666
9669
9670
9681
9682
9688
9699
9702
9715
9716
9722
9728
9740
9755
9759
9764
9765
9768
9769
9778
9789
9790
9810
9816
9820
9821
9827
9833
9845
9847
9848
9860
9863
9878
9884
9886
9896
9899
9907
9913
9917
9940
9944
9953
9955
9964
9975
9981
9982
9987
9990
10017
10029
10032
10034
10037
10038
10044
10056
10064
10070
10082
10085
10091
10095
10097
10106
10121
10129
10132
10151
10152
10154
10155
10156
10159
10163
10164
10177
10179
10180
10186
10188
10211
10218
10220
10222
10225
10244
10245
10253
10268
10296
10298
10316
10317
10333
10335
10338
10342
10349
10359
10372
10373
10384
10389
10390
10394
10395
10409
10413
10419
10423
10434
10437
10442
10447
10459
10468
10479
10480
10483
10485
10492
10497
10499
10500
10508
10513
10517
10519
10521
10523
10538
10543
10548
10549
10558
10585
10591
10595
10599
10604
10607
10611
10627
10651
10655
10672
10677
10682
10692
10700
10701
10722
10724
10728
10731
10749
10751
10753
10757
10759
10772
10775
10777
10779
10784
10785
10789
10791
10801
10806
10815
10821
10823
10825
10829
10836
10847
10853
10856
10860
10866
10868
10872
10879
10884
10889
10896
10900
10901
10912
10920
10935
10941
10942
10944
10945
10949
10950
10958
10964
10972
10973
11005
11006
11009
11014
11021
11040
11042
11044
11068
11069
11073
11079
11082
11090
11108
11121
11127
11134
11141
11146
11148
11154
11157
11160
11163
11182
11183
11194
11195
11199
11234
11255
11275
11297
11299
11314
11323
11326
11331
11343
11344
11352
11353
11355
11358
11360
11371
11375
11379
11383
11387
11390
11400
11401
11402
11403
11404
11405
11406
11414
11418
11422
11437
11439
11453
11454
11456
11464
11475
11483
11484
11492
11497
11503
11512
11517
11535
11538
11541
11545
11546
11547
11553
11554
11565
11572
11578
11580
11581
11583
11587
11593
11599
11614
11619
11630
11639
11640
11641
11643
11683
11684
11685
11702
11710
11714
11716
11728
11742
11762
11764
11769
11807
11814
11816
11838
11847
11866
11890
11901
11923
11939
11943
11955
11978
11982
11986
12011
12036
12043
12055
12061
12067
12074
12079
12104
12111
12112
12117
12121
12123
12127
12134
12139
12140
12142
12144
12146
12155
12157
12158
12166
12178
12189
12194
12211
12214
12230
12231
12239
12243
12253
12263
12264
12293
12295
12298
12318
12319
12321
12322
12347
12353
12355
12367
12385
12386
12387
12392
12402
12405
12406
12413
12419
12424
12431
12445
12448
12463
12466
12467
12470
12482
12491
12503
12517
12525
12526
12542
12550
12555
12561
12562
12563
12587
12650
12653
12657
12659
12676
12677
12678
12680
12693
12705
12714
12715
12740
12760
12790
12799
12800
12828
12833
12855
12857
12862
12898
12914
12919
12930
12934
12946
12948
12952
12955
12962
12963
12965
12976
12977
12989
12998
13016
13028
13041
13044
13053
13055
13061
13085
13097
13112
13113
13133
13137
13143
13150
13158
13169
13172
13202
13217
13219
13227
13230
13238
13241
13246
13248
13260
13263
13267
13281
13282
13291
13300
13309
13319
13327
13332
13339
13345
13353
13366
13381
13389
13393
13401
13403
13415
13426
13432
13468
13482
13485
13495
13512
13514
13517
13518
13523
13531
13559
13562
13567
13581
13584
13591
13600
13602
13615
13617
13620
13629
13641
13647
13651
13655
13663
13664
13684
13685
13687
13688
13689
13691
13711
13721
13724
13746
13755
13760
13770
13775
13844
13847
13848
13850
13856
13858
13881
13890
13922
13927
13930
13975
13980
13992
13997
14000
14014
14018
14098
14113
14117
14124
14133
14143
14168
14191
14219
14244
14275
14325
14334
14335
14337
14345
14363
14374
14383
14405
14431
14504
14516
14552
14561
14564
14593
14594
14602
14603
14615
14617
14621
14627
14642
14651
14657
14658
14659
14664
14669
14670
14671
14703
14708
14713
14714
14720
14731
14733
14735
14746
14749
14752
14754
14760
14766
14776
14786
14799
14801
14818
14830
14832
14834
14863
14864
14866
14878
14907
14910
14913
14925
14927
14932
14961
14968
14979
14982
14988
14993
15000
15001
15010
15018
15029
15030
15033
15035
15045
15048
15051
15055
15056
15072
15076
15082
15095
15116
15117
15125
15134
15141
15142
15148
15156
15159
15172
15190
15195
15206
15207
15209
15210
15213
15226
15229
15242
15243
15244
15249
15273
15277
15288
15303
15307
15315
15316
15319
15321
15323
15338
15341
15353
15354
15355
15395
15399
15400
15421
15422
15423
15427
15429
15445
15464
15500
15509
15525
15533
15557
15597
15605
15634
15663
15673
15676
15691
15709
15723
15726
15735
15740
15812
15847
15865
15881
15916
15917
15945
15957
15981
16019
16035
16056
16057
16063
16082
16083
16087
16089
16094
16099
16154
16159
16162
16185
16195
16201
16211
16227
16238
16258
16276
16281
16299
16312
16345
16350
16356
16372
16397
16399
16400
16407
16423
16429
16439
16447
16481
16490
16494
16500
16504
16510
16524
16546
16548
16556
16567
16568
16578
16589
16596
16615
16626
16628
16659
16676
16695
16705
16710
16716
16734
16739
16754
16755
16765
16771
16792
16818
16828
16830
16892
16949
16952
17000
17059
17097
17105
17151
17152
17153
17155
17159
17169
17192
17202
17250
17251
17252
17253
17254
17255
17262
17265
17267
17272
17274
17275
17287
17289
17291
17356
17406
17420
17433
17493
17497
17514
17539
17566
17575
17576
17593
17640
17648
17666
17820
17821
17853
17877
17887
17931
17945
17951
17972
17988
18011
18017
18062
18063
18066
18079
18082
18083
18084
18087
18099
18100
18101
18104
18107
18108
18110
18111
18112
18113
18116
18119
18120
18121
18122
18123
18125
18126
18128
18129
18130
18131
18134
18139
18141
18142
18143
18144
18145
18146
18151
18152
18173
18174
18175
18177
18181
18182
18183
18184
18185
18189
18194
18196
18205
18206
18207
18210
18211
18212
18216
18218
18220
18222
18223
18225
18229
18250
18270
18282
18294
18295
18296
18334
18339
18345
18346
18347
18349
18350
18351
18402
18406
18410
18413
18423
18433
18454
18485
18493
18497
18543
18554
18566
18582
18588
18600
18611
18642
18646
18648
18671
18682
18721
18727
18782
18805
18829
18868
18889
18890
18895
18903
18925
18996
19012
19020
19035
19087
19112
19129
19225
19441
19445
19534
19535
19631
19659
19863
19883
