0
1
7
10
17
22
23
24
27
30
33
50
54
56
60
61
62
66
70
71
73
74
76
78
79
81
82
85
88
89
92
93
99
101
108
116
119
122
123
124
125
126
128
134
138
140
146
152
155
156
157
167
170
174
175
177
181
182
183
187
188
189
193
201
204
206
212
215
221
230
233
237
239
248
262
271
273
278
279
280
285
301
313
322
325
344
349
350
351
352
364
369
377
378
386
387
393
394
401
403
404
408
409
410
420
425
426
427
428
431
436
438
439
442
448
451
460
463
474
480
482
483
485
490
505
510
513
516
527
534
538
541
543
548
551
553
555
563
573
576
581
585
586
597
600
607
612
619
625
639
647
650
652
656
658
665
670
671
672
673
676
678
680
681
686
694
695
708
710
718
724
725
737
739
744
753
758
768
774
778
779
780
782
785
788
789
792
795
796
798
805
806
810
811
815
821
825
826
827
837
850
856
864
871
884
889
892
903
904
906
911
912
918
921
924
940
949
950
955
956
973
983
995
997
999
1008
1011
1030
1033
1036
1040
1043
1050
1052
1057
1077
1078
1082
1083
1084
1085
1089
1097
1104
1107
1123
1124
1133
1143
1158
1163
1166
1178
1184
1189
1209
1210
1215
1223
1224
1231
1235
1251
1258
1261
1276
1305
1312
1327
1328
1331
1347
1349
1350
1354
1362
1379
1385
1387
1400
1410
1414
1435
1449
1451
1455
1465
1472
1474
1481
1483
1485
1513
1516
1518
1527
1529
1548
1552
1556
1565
1571
1572
1576
1581
1589
1592
1598
1610
1616
1622
1629
1635
1643
1653
1659
1664
1669
1670
1672
1674
1679
1683
1705
1706
1722
1731
1749
1761
1773
1777
1784
1792
1795
1798
1802
1811
1815
1819
1822
1830
1835
1843
1844
1852
1855
1856
1867
1894
1900
1904
1909
1915
1920
1929
1942
1947
1948
1957
1959
1969
1976
1980
1982
2004
2016
2020
2026
2033
2034
2041
2044
2049
2053
2070
2075
2076
2092
2098
2100
2124
2166
2167
2174
2194
2201
2219
2220
2227
2238
2240
2257
2258
2263
2268
2276
2281
2300
2323
2328
2329
2330
2333
2337
2343
2344
2354
2355
2364
2366
2373
2385
2394
2406
2421
2427
2446
2452
2464
2477
2481
2491
2492
2493
2501
2509
2515
2518
2521
2523
2539
2543
2550
2552
2560
2561
2562
2570
2571
2575
2582
2593
2594
2596
2602
2604
2608
2609
2610
2616
2622
2624
2625
2627
2634
2640
2643
2648
2650
2651
2657
2660
2663
2666
2674
2677
2680
2681
2685
2691
2692
2706
2717
2720
2722
2724
2727
2738
2739
2747
2757
2758
2762
2763
2765
2766
2770
2775
2781
2784
2788
2790
2792
2793
2795
2796
2807
2809
2814
2818
2819
2821
2824
2828
2829
2830
2837
2838
2845
2848
2853
2856
2857
2871
2879
2893
2895
2897
2901
2902
2904
2907
2910
2912
2914
2919
2920
2922
2924
2927
2934
2941
2942
2943
2952
2954
2965
2970
2971
2976
2978
2980
2983
2988
2989
2998
3007
3008
3013
3021
3022
3029
3030
3031
3033
3034
3035
3036
3042
3052
3058
3060
3071
3079
3095
3097
3108
3124
3126
3127
3141
3152
3153
3156
3157
3169
3170
3171
3182
3200
3209
3223
3225
3227
3228
3233
3238
3242
3249
3250
3255
3256
3257
3259
3264
3265
3268
3281
3286
3290
3308
3309
3322
3331
3340
3341
3347
3361
3369
3373
3375
3383
3384
3398
3403
3409
3412
3413
3423
3424
3436
3437
3442
3452
3453
3455
3456
3459
3461
3462
3463
3464
3465
3470
3472
3476
3484
3487
3489
3518
3519
3520
3525
3532
3545
3547
3552
3553
3554
3566
3574
3578
3584
3597
3604
3606
3610
3612
3616
3624
3626
3630
3646
3651
3655
3683
3685
3689
3698
3702
3703
3706
3714
3722
3727
3729
3730
3733
3738
3739
3740
3741
3742
3748
3756
3761
3766
3767
3786
3799
3810
3814
3815
3816
3818
3837
3840
3845
3853
3855
3867
3869
3873
3880
3886
3897
3922
3923
3931
3938
3942
3956
3961
3963
3968
3969
3991
3996
4006
4008
4009
4020
4022
4027
4033
4036
4043
4046
4075
4092
4094
4095
4096
4098
4101
4103
4113
4119
4124
4138
4139
4155
4160
4162
4171
4179
4197
4214
4220
4221
4228
4238
4241
4258
4270
4271
4275
4276
4278
4298
4304
4316
4324
4326
4329
4334
4335
4336
4337
4347
4349
4358
4359
4372
4389
4390
4395
4424
4426
4430
4439
4444
4445
4447
4448
4451
4467
4469
4476
4478
4479
4481
4491
4492
4495
4502
4517
4534
4542
4544
4552
4561
4569
4576
4582
4610
4612
4619
4625
4632
4636
4651
4662
4691
4701
4710
4721
4743
4747
4752
4753
4766
4774
4781
4798
4803
4812
4817
4826
4839
4841
4859
4872
4891
4894
4895
4896
4909
4910
4921
4923
4941
4946
4953
4955
4959
4962
4963
4964
4973
4978
4981
4990
4996
4998
4999
5008
5022
5045
5052
5054
5056
5060
5061
5071
5084
5101
5102
5105
5108
5124
5152
5169
5182
5188
5195
5197
5204
5230
5231
5234
5247
5267
5273
5286
5315
5316
5328
5331
5340
5342
5356
5361
5366
5369
5371
5387
5408
5416
5419
5423
5425
5428
5432
5435
5438
5456
5460
5464
5475
5483
5484
5498
5499
5504
5511
5513
5549
5551
5560
5581
5583
5587
5590
5611
5626
5629
5635
5664
5671
5674
5686
5688
5702
5705
5712
5713
5718
5730
5738
5749
5756
5767
5780
5794
5796
5804
5815
5827
5840
5845
5852
5855
5856
5859
5860
5867
5869
5871
5875
5876
5880
5888
5903
5912
5916
5938
5942
5950
5977
5981
5992
6015
6023
6027
6031
6033
6034
6036
6039
6060
6063
6064
6079
6088
6092
6093
6109
6114
6134
6146
6159
6170
6185
6199
6200
6204
6212
6218
6224
6250
6251
6253
6267
6272
6281
6283
6285
6322
6354
6357
6361
6367
6371
6373
6374
6389
6393
6396
6399
6411
6425
6427
6431
6432
6433
6434
6447
6457
6463
6469
6472
6493
6502
6508
6533
6535
6539
6541
6548
6556
6566
6574
6587
6589
6594
6596
6628
6630
6637
6642
6649
6658
6662
6672
6683
6700
6701
6703
6721
6731
6739
6765
6772
6795
6801
6808
6811
6812
6813
6816
6818
6841
6848
6868
6874
6886
6888
6889
6894
6897
6906
6911
6914
6922
6927
6929
6936
6964
6970
6981
6999
7005
7020
7040
7061
7064
7065
7074
7104
7128
7130
7133
7143
7154
7162
7168
7171
7176
7177
7207
7223
7225
7230
7236
7241
7284
7285
7291
7292
7296
7298
7314
7322
7328
7337
7345
7352
7358
7362
7381
7403
7405
7426
7441
7458
7459
7461
7472
7488
7507
7508
7512
7532
7538
7539
7547
7550
7562
7565
7570
7575
7577
7580
7583
7588
7592
7598
7601
7605
7608
7629
7630
7636
7641
7654
7662
7670
7674
7684
7687
7688
7694
7699
7701
7707
7712
7714
7715
7719
7724
7725
7740
7761
7770
7772
7774
7781
7783
7785
7792
7828
7830
7851
7852
7870
7877
7886
7901
7903
7905
7915
7917
7919
7925
7932
7948
7949
7954
7956
7958
7964
7970
7971
7994
7998
8009
8012
8015
8038
8040
8062
8065
8068
8071
8073
8074
8075
8079
8102
8105
8118
8120
8131
8143
8145
8161
8174
8223
8229
8233
8234
8236
8237
8238
8239
8253
8270
8276
8318
8334
8335
8342
8343
8347
8349
8354
8368
8372
8388
8390
8400
8401
8416
8446
8449
8461
8469
8471
8480
8486
8488
8492
8511
8529
8535
8561
8567
8568
8569
8578
8586
8603
8605
8612
8614
8658
8670
8684
8699
8732
8733
8736
8746
8764
8785
8786
8787
8789
8798
8800
8827
8834
8835
8849
8853
8868
8869
8880
8896
8904
8917
8922
8923
8932
8936
8953
8973
8983
8986
8988
8998
9014
9033
9037
9044
9066
9073
9081
9090
9095
9096
9106
9109
9118
9135
9140
9143
9148
9174
9178
9179
9184
9191
9198
9199
9208
9215
9222
9242
9253
9262
9265
9266
9282
9284
9287
9290
9291
9318
9325
9326
9336
9350
9371
9373
9383
9395
9412
9417
9418
9423
9441
9445
9460
9461
9462
9468
9476
9478
9499
9502
9517
9520
9524
9525
9528
9549
9552
9554
9556
9560
9565
9579
9582
9590
9595
9638
9640
9661
9662
9663
9686
9693
9695
9699
9717
9724
9740
9742
9756
9759
9766
9767
9769
9776
9788
9797
9816
9821
9826
9833
9840
9848
9903
9920
9935
9957
9975
9980
9981
10003
10034
10044
10046
10074
10088
10098
10131
10152
10154
10156
10159
10170
10181
10184
10185
10189
10205
10225
10229
10237
10244
10245
10247
10272
10334
10342
10399
10432
10445
10459
10480
10486
10499
10502
10513
10526
10529
10548
10551
10595
10655
10674
10686
10710
10728
10731
10753
10775
10788
10795
10796
10809
10813
10814
10833
10871
10912
10918
10924
10936
10941
11001
11005
11029
11068
11093
11106
11108
11115
11134
11141
11143
11144
11153
11160
11194
11210
11255
11256
11316
11323
11344
11351
11358
11371
11384
11392
11397
11405
11411
11413
11414
11421
11435
11439
11458
11462
11500
11507
11541
11557
11563
11568
11619
11644
11662
11683
11685
11715
11726
11728
11747
11784
11809
11847
11851
11904
11994
12021
12081
12126
12132
12138
12143
12147
12150
12170
12178
12179
12187
12195
12203
12212
12227
12247
12263
12281
12299
12325
12353
12357
12377
12386
12406
12491
12537
12544
12550
12554
12587
12605
12628
12634
12647
12676
12682
12708
12756
12757
12764
12781
12863
12892
12898
12906
12950
12965
12990
12995
13017
13028
13035
13041
13110
13113
13126
13137
13172
13190
13212
13224
13231
13241
13261
13263
13291
13300
13313
13325
13327
13356
13401
13421
13455
13457
13464
13472
13484
13496
13506
13511
13530
13536
13602
13604
13616
13685
13687
13689
13690
13695
13703
13724
13731
13735
13754
13812
13829
13854
13858
13912
13948
13975
13983
13997
14101
14168
14203
14266
14315
14355
14367
14411
14447
14467
14535
14550
14558
14626
14646
14647
14648
14650
14669
14720
14786
14802
14808
14812
14833
14843
14847
14850
14851
14854
14855
14860
14866
14901
14908
14920
14923
14929
15056
15061
15066
15127
15143
15159
15163
15191
15209
15210
15216
15232
15250
15272
15278
15296
15321
15344
15349
15367
15436
15533
15539
15557
15645
15654
15700
15702
15710
15717
15718
15720
15722
15724
15726
15732
15738
15739
15742
15847
15904
15925
15943
15948
15962
15981
15983
16108
16167
16173
16219
16258
16355
16356
16363
16423
16431
16433
16443
16449
16454
16494
16516
16523
16568
16601
16615
16775
16916
16949
16950
16952
17152
17251
17265
17293
17300
17304
17313
17328
17334
17398
17430
17515
17558
17570
17576
17629
17745
17769
17838
17862
17890
17934
17936
17937
17967
17968
18017
18062
18077
18095
18104
18105
18109
18112
18118
18121
18125
18127
18135
18140
18143
18145
18167
18171
18178
18180
18182
18183
18184
18198
18203
18206
18208
18221
18225
18229
18239
18253
18263
18282
18286
18350
18374
18378
18401
18485
18489
18493
18524
18583
18586
18612
18621
18646
18665
18685
18720
18761
18771
18779
18780
18816
18864
18871
19012
19761
