0
177
169
1
8
2
5
0
1838
0
45
37
5
674
8
1
12
393
40
744
0
686
1
32
2
14
5
703
17
9
137
0
63
489
33
2
13
56
13
3
587
4
1
16
5
26
0
17
3
42
66
16
187
1523
222
2
197
284
10
1
5
88
1
12
3
1
42
44
79
1
8
1
0
28
46
13
75
14
16
68
7
439
183
5
3
0
0
537
0
40
6
21
7
5
1
0
27
360
22
20
2
119
90
2
129
201
1093
40
6
821
0
1
4
2
56
300
9
38
4
101
34
3
604
345
90
1
0
26
72
4
0
39
17
0
4
295
0
45
1
8
179
0
48
23
0
10
18
3
0
294
1
89
16
5
1
623
0
9
7
1
1
55
9
3
1
13
8
62
19
44
134
4
3
1
48
37
1
16
6
148
7
16
596
25
1309
161
37
169
42
1
37
0
2
12
5
2
1
12
7
1
10
2
1
39
4
16
48
20
523
2
9
4
0
1958
7
2
4
0
14
21
570
73
128
0
19
1
3
165
47
194
1
0
1
256
6
1
222
118
142
37
11
171
45
1
1083
86
31
0
227
22
101
107
6
36
1
76
