393
0
46
1375
13
0
10
79
59
106
19
6
100
530
709
31
1487
47
1
59
13
23
766
0
202
1
1
328
0
1231
527
46
254
43
78
751
8
158
124
452
540
531
8
1
0
0
62
43
1
27
554
8
388
452
255
38
319
68
1
2
800
3
402
121
0
25
36
4
12
3
28
3
15
97
8
3
600
6
17
0
19
21
12
42
540
27
28
0
3
2742
36
23
6
11
528
755
1
29
1
115
128
195
653
3
60
4
2
21
640
56
11
340
7
72
28
2
23
13
3
11
14
19
1
7
1
2
14
532
476
4
4
2
2
984
170
1
78
2
1
584
393
418
31
21
142
43
0
136
125
0
1
1561
65
5
81
155
46
8
366
0
266
64
452
70
8
34
600
279
10
17
9
32
1
61
8
27
191
216
0
1164
452
168
711
49
5
2
177
1500
83
30
1
35
3
0
10
217
103
1
1
0
202
82
10
84
1
6
404
36
16
174
424
11
833
11
70
93
10
391
17
0
134
22
6
0
4
147
7
7
529
84
215
716
3
28
93
81
6
174
29
90
22
36
1
136
51
2
1122
15
1
0
1
2
1
2
208
1
