66
1
44
246
247
2
735
9
1463
1576
674
5
2694
489
30
1092
22
10
146
169
28
5
80
111
7
436
46
122
13
1
1487
1
720
254
5
1
145
1059
0
65
492
122
6
147
2
7
1538
2529
321
69
0
22
24
148
14
286
1462
22
1
11
32
1846
1
173
78
18
1192
4
3
582
12
13
2137
116
13
246
18
3798
18
25
4617
6
213
1
1538
1
1846
5625
106
1588
279
3
13
12
6
40
5
374
42
48
5
1428
400
506
15
1031
20
376
1
0
11
1
195
3
1
8
1506
734
3
78
13
23
1665
281
76
621
8
775
3
9
1
725
7
1387
390
292
111
1
606
14
3867
155
4
875
186
326
484
4052
12
430
2
1526
0
210
193
24
729
13
111
124
72
462
50
97
4
3798
142
863
138
0
6
1707
24
152
4
3678
13
1
13
1
35
1
8
332
1
1506
13
5
61
1259
123
30
2
6
562
320
3
27
496
571
12
1
173
15
12
5
319
1670
389
1599
1707
0
3
1208
61
46
1
18
333
45
15
1
4
386
2514
293
24
1
114
621
1217
0
161
2
0
1586
1723
24
1
388
80
341
175
39
386
189
330
16
1234
40
6
152
74
9
1599
169
