64
0
4
9
6
4
1
0
1
34
1
9
17
31
1
55
1
4
4
0
19
3
0
100
4
339
675
18
127
2
0
1
2
0
488
12
36
15
8
0
0
1
35
2
38
3
30
0
3
5
6
8
0
4
49
0
0
33
4
0
2
3
13
102
36
0
17
1
6
154
58
3
1
6
9
22
50
154
0
0
4
3
1
0
1
0
51
174
8
8
562
2
122
0
225
14
0
1
12
7
0
2
2
0
13
15
46
19
9
2
0
132
78
3
6
1
31
13
2
15
9
4
4
1
1
3
0
0
32
225
0
37
53
1
15
79
19
10
291
6
0
13
3
6
100
7
0
1
1
86
109
7
153
1
6
40
0
217
0
22
3
3
4
36
18
16
2
12
17
20
2
1
10
3
145
0
26
44
15
6
4
30
52
1
65
1
6
6
2
104
1
5
1
0
1
0
0
4
0
1
2
3
10
7
1
3
16
7
18
40
21
214
0
3
163
1
24
29
2
0
3
47
16
12
26
12
4
6
1
11
51
0
0
32
0
1
154
0
1
0
117
13
0
14
0
2
11
300
1
0
4
25
1
93
2
259
