4
7
9
17
21
23
24
39
54
58
67
72
77
79
83
87
88
89
103
107
112
119
130
131
136
147
148
155
162
195
201
203
207
215
237
242
243
247
254
260
264
278
279
285
287
295
296
302
303
322
344
349
370
376
399
403
408
409
410
421
422
438
439
445
452
479
487
503
554
559
579
583
590
596
603
609
616
628
645
663
680
682
685
690
698
724
734
737
739
742
743
763
770
782
794
795
839
855
858
865
870
877
909
918
919
931
934
944
970
973
986
998
1030
1035
1041
1043
1057
1122
1156
1157
1158
1159
1167
1187
1209
1220
1264
1276
1312
1320
1338
1351
1375
1404
1465
1474
1495
1502
1530
1538
1580
1604
1616
1646
1708
1742
1751
1774
1792
1795
1835
1945
1947
1977
2030
2033
2034
2044
2062
2082
2096
2099
2115
2129
2193
2220
2229
2319
2354
2367
2369
2378
2400
2427
2432
2434
2446
2450
2525
2544
2559
2563
2565
2582
2587
2590
2593
2595
2620
2622
2623
2624
2647
2648
2651
2702
2717
2792
2794
2797
2827
2862
2865
2950
3016
3040
3065
3075
3077
3116
3140
3250
3264
3269
3271
3326
3331
3359
3361
3376
3382
3414
3447
3459
3462
3468
3473
3474
3529
3530
3556
3566
3570
3574
3585
3586
3590
3605
3610
3611
3614
3617
3622
3623
3624
3626
3646
3658
3665
3685
3688
3694
3702
3704
3707
3717
3722
3730
3737
3758
3760
3774
3783
3801
3808
3809
3848
3851
3861
3931
3949
3952
3953
3983
3993
3994
4010
4012
4017
4073
4081
4082
4084
4090
4101
4111
4137
4140
4141
4150
4153
4217
4220
4231
4302
4308
4364
4380
4389
4437
4477
4522
4523
4524
4531
4551
4595
4613
4624
4632
4655
4694
4788
4810
4821
4828
4837
4840
4843
4849
4851
4856
4865
4875
4876
4900
4903
4929
4940
5035
5069
5084
5307
5311
5382
5392
5540
5560
5567
5632
5634
5668
5692
5734
5768
5800
5803
5816
5826
5902
5912
5914
5945
5952
5960
6021
6049
6093
6159
6207
6225
6234
6353
6358
6401
6452
6477
6516
6607
6610
6614
6688
6724
6868
6870
6881
6888
7010
7037
7063
7229
7253
7289
7323
7360
7405
7414
7471
7505
7626
7673
7745
7862
8069
8090
8166
8174
8434
8444
8472
8501
8505
8519
8579
8599
8615
8618
8638
8647
8787
8965
9049
9066
9184
9348
9378
9652
10550
10803
10939
11137
11383
11547
11549
11587
11813
12139
12140
12551
12666
12709
12754
12764
12769
12770
13194
13959
14760
15272
15549
16771
16775
19218
