1
4
7
8
9
10
12
16
17
20
23
25
29
34
35
36
37
39
40
41
50
51
53
54
58
60
62
67
68
69
72
74
75
76
77
83
85
86
87
89
94
96
97
98
99
101
103
106
107
108
109
110
111
112
113
114
115
118
119
120
122
125
130
131
133
134
135
136
137
138
140
142
146
147
150
152
162
165
166
167
168
169
170
173
176
177
181
182
183
189
193
199
200
201
204
205
206
210
211
212
213
217
218
222
226
232
233
237
240
242
243
248
250
258
262
264
272
275
278
279
280
283
287
288
295
296
297
299
301
303
307
309
310
312
318
321
322
323
325
327
330
333
337
340
344
345
349
350
351
352
359
360
362
363
371
376
384
387
388
389
395
402
405
409
410
423
425
426
427
428
431
432
433
437
438
441
445
448
449
450
451
454
457
463
470
471
474
477
481
486
492
493
494
500
501
504
505
510
511
513
515
518
524
529
539
541
544
549
551
552
553
555
556
559
561
564
566
567
569
576
581
588
595
596
597
599
602
607
610
611
615
616
618
622
626
631
635
636
640
641
646
647
648
650
651
652
656
662
665
666
670
672
673
674
679
681
682
685
687
689
692
694
699
700
701
704
705
708
710
711
719
722
725
734
735
736
739
749
754
755
757
758
759
760
765
767
768
772
774
779
780
781
782
785
788
789
792
793
795
796
798
799
801
805
806
807
809
811
815
817
821
824
825
826
827
832
839
843
846
848
850
853
854
856
857
859
865
869
870
873
879
880
881
886
888
889
895
898
901
903
904
905
908
911
921
922
923
928
929
932
935
943
944
947
948
950
954
968
973
974
976
980
983
989
990
991
999
1002
1012
1013
1014
1016
1019
1022
1024
1025
1029
1041
1043
1056
1057
1062
1066
1071
1074
1077
1078
1079
1082
1084
1085
1086
1097
1099
1103
1105
1106
1117
1120
1123
1124
1129
1131
1133
1139
1141
1143
1146
1150
1156
1158
1159
1160
1161
1162
1165
1166
1167
1179
1181
1184
1185
1187
1190
1194
1196
1198
1200
1204
1206
1208
1209
1211
1213
1216
1217
1223
1227
1230
1232
1244
1248
1249
1251
1253
1258
1262
1272
1274
1279
1281
1286
1292
1295
1308
1312
1319
1320
1323
1327
1328
1345
1348
1350
1356
1372
1377
1378
1383
1389
1400
1402
1404
1406
1410
1419
1426
1430
1435
1436
1442
1450
1451
1455
1458
1459
1463
1464
1465
1470
1472
1473
1474
1479
1480
1482
1488
1496
1498
1503
1514
1520
1527
1536
1541
1543
1546
1548
1551
1552
1563
1573
1577
1580
1583
1584
1587
1589
1590
1592
1596
1598
1599
1600
1616
1622
1625
1629
1637
1638
1641
1642
1644
1647
1651
1655
1658
1659
1669
1670
1671
1677
1679
1683
1695
1698
1703
1713
1716
1719
1720
1722
1726
1731
1732
1736
1740
1744
1746
1748
1757
1762
1769
1772
1773
1774
1788
1789
1792
1798
1802
1808
1809
1810
1811
1819
1820
1832
1835
1841
1850
1852
1853
1870
1880
1881
1895
1900
1903
1909
1910
1922
1923
1929
1935
1939
1940
1941
1947
1948
1950
1951
1953
1957
1959
1962
1969
1972
1977
1982
1986
1987
1989
1991
2000
2005
2013
2015
2019
2028
2030
2035
2037
2039
2041
2046
2048
2052
2064
2069
2070
2088
2092
2098
2103
2109
2114
2124
2133
2146
2155
2157
2160
2167
2168
2169
2176
2178
2179
2191
2194
2196
2197
2199
2200
2207
2209
2212
2219
2223
2227
2229
2232
2234
2239
2248
2251
2252
2254
2256
2260
2268
2270
2281
2284
2300
2301
2307
2310
2318
2322
2327
2331
2341
2344
2353
2359
2364
2368
2369
2376
2379
2380
2381
2386
2403
2407
2417
2418
2427
2429
2435
2436
2437
2444
2448
2450
2455
2456
2460
2464
2467
2472
2491
2494
2498
2501
2508
2515
2517
2518
2524
2525
2536
2537
2539
2551
2552
2554
2556
2561
2562
2566
2567
2568
2571
2581
2582
2583
2593
2598
2599
2600
2601
2604
2608
2610
2615
2616
2622
2623
2624
2625
2628
2629
2634
2643
2644
2645
2646
2647
2648
2650
2656
2657
2660
2661
2662
2664
2665
2669
2671
2677
2678
2680
2682
2688
2691
2692
2693
2694
2696
2701
2702
2705
2715
2717
2724
2727
2728
2729
2732
2738
2742
2743
2744
2746
2747
2755
2756
2757
2762
2765
2766
2769
2770
2774
2775
2777
2779
2780
2783
2784
2786
2787
2792
2805
2809
2814
2823
2832
2836
2837
2839
2840
2841
2850
2851
2852
2853
2856
2859
2860
2865
2869
2872
2876
2877
2881
2885
2886
2887
2893
2894
2896
2901
2906
2907
2908
2922
2928
2938
2939
2943
2945
2950
2951
2952
2954
2956
2962
2967
2970
2971
2973
2976
2983
2986
2987
2989
2992
2994
2999
3003
3007
3008
3011
3017
3020
3023
3029
3033
3037
3038
3044
3046
3047
3053
3057
3058
3059
3061
3068
3069
3079
3084
3087
3091
3092
3093
3094
3095
3097
3098
3100
3112
3115
3117
3119
3124
3126
3127
3130
3133
3141
3146
3150
3152
3153
3154
3156
3157
3161
3162
3165
3170
3171
3172
3174
3186
3187
3191
3192
3205
3206
3207
3210
3213
3216
3217
3219
3223
3232
3233
3234
3237
3242
3248
3250
3264
3270
3271
3275
3281
3288
3289
3296
3298
3305
3311
3314
3315
3316
3318
3319
3321
3322
3325
3327
3328
3330
3331
3336
3337
3340
3343
3346
3348
3357
3361
3367
3368
3371
3373
3375
3383
3385
3388
3398
3402
3403
3404
3405
3407
3408
3410
3411
3413
3416
3417
3421
3426
3430
3432
3433
3435
3437
3439
3443
3444
3448
3450
3453
3455
3456
3457
3459
3461
3463
3466
3467
3470
3473
3476
3478
3479
3480
3483
3487
3489
3495
3496
3503
3504
3506
3510
3512
3520
3521
3525
3526
3527
3533
3542
3544
3545
3547
3553
3554
3559
3560
3562
3565
3572
3573
3574
3577
3578
3581
3582
3583
3585
3590
3594
3598
3599
3601
3604
3605
3606
3608
3609
3611
3612
3613
3618
3619
3620
3623
3624
3625
3626
3632
3633
3638
3641
3643
3646
3648
3650
3651
3652
3655
3661
3665
3672
3676
3680
3683
3692
3698
3699
3700
3702
3705
3707
3708
3709
3713
3714
3721
3727
3731
3732
3734
3735
3736
3737
3739
3740
3742
3751
3752
3756
3757
3759
3760
3764
3767
3770
3774
3776
3780
3782
3791
3795
3797
3799
3802
3814
3815
3817
3818
3819
3820
3821
3824
3826
3828
3831
3836
3839
3840
3844
3845
3846
3847
3852
3854
3860
3863
3865
3866
3869
3870
3871
3873
3880
3881
3892
3894
3897
3899
3901
3902
3913
3921
3923
3924
3927
3930
3941
3943
3947
3950
3953
3954
3955
3956
3958
3962
3963
3968
3983
3993
4005
4006
4009
4013
4017
4032
4033
4034
4036
4039
4042
4052
4066
4067
4071
4079
4080
4086
4087
4096
4103
4106
4111
4118
4119
4122
4127
4131
4134
4136
4137
4147
4148
4149
4151
4153
4154
4155
4156
4159
4164
4179
4190
4198
4205
4209
4212
4220
4228
4229
4231
4240
4250
4253
4255
4256
4258
4264
4269
4272
4273
4274
4275
4276
4284
4290
4293
4298
4300
4308
4311
4313
4322
4324
4328
4334
4336
4340
4345
4359
4364
4366
4368
4382
4383
4384
4385
4388
4389
4390
4396
4401
4402
4403
4415
4430
4432
4439
4441
4443
4451
4454
4456
4462
4468
4478
4479
4481
4486
4487
4490
4491
4492
4495
4513
4514
4523
4529
4532
4533
4542
4543
4544
4545
4546
4555
4559
4562
4566
4571
4575
4577
4582
4585
4586
4593
4610
4615
4618
4619
4625
4626
4632
4634
4635
4636
4638
4639
4651
4657
4660
4666
4683
4690
4691
4704
4706
4707
4710
4715
4723
4725
4726
4727
4728
4734
4738
4745
4748
4753
4757
4765
4766
4774
4787
4790
4791
4794
4799
4807
4808
4813
4816
4817
4820
4827
4828
4833
4836
4838
4842
4846
4847
4851
4857
4869
4872
4875
4881
4882
4883
4886
4887
4894
4895
4898
4900
4910
4912
4917
4919
4920
4925
4927
4938
4944
4946
4951
4953
4954
4959
4968
4969
4970
4976
4983
4993
4996
4997
4998
5002
5013
5021
5029
5033
5036
5042
5045
5051
5052
5056
5064
5081
5082
5084
5087
5089
5090
5096
5097
5099
5105
5110
5114
5116
5117
5119
5124
5125
5127
5151
5153
5154
5156
5160
5162
5167
5169
5176
5184
5192
5195
5218
5222
5227
5228
5229
5237
5243
5247
5251
5255
5265
5268
5273
5276
5282
5300
5301
5309
5310
5316
5321
5323
5326
5330
5332
5333
5340
5352
5356
5358
5361
5362
5365
5366
5367
5369
5376
5380
5382
5387
5388
5392
5397
5400
5403
5408
5417
5421
5425
5428
5431
5432
5433
5438
5441
5442
5449
5464
5466
5471
5472
5475
5481
5487
5489
5491
5497
5499
5504
5511
5515
5516
5517
5521
5533
5536
5540
5549
5550
5551
5557
5559
5560
5563
5566
5567
5574
5578
5580
5581
5583
5589
5590
5592
5593
5595
5598
5599
5602
5603
5605
5606
5620
5621
5626
5631
5633
5638
5645
5648
5649
5653
5654
5660
5668
5670
5674
5675
5676
5683
5688
5694
5703
5706
5712
5721
5722
5724
5726
5728
5729
5734
5736
5741
5743
5747
5749
5750
5755
5760
5765
5768
5770
5773
5778
5779
5784
5785
5789
5790
5791
5793
5799
5804
5805
5810
5812
5814
5816
5817
5829
5831
5833
5834
5836
5840
5854
5858
5859
5864
5866
5871
5875
5876
5877
5884
5894
5896
5897
5903
5911
5918
5923
5929
5934
5949
5950
5952
5960
5961
5964
5966
5967
5971
5981
5987
5997
6000
6009
6011
6018
6022
6027
6034
6036
6038
6039
6041
6042
6044
6050
6057
6061
6063
6072
6074
6076
6087
6089
6092
6093
6095
6103
6107
6110
6113
6118
6122
6125
6133
6137
6139
6144
6145
6148
6150
6156
6160
6174
6181
6196
6199
6212
6213
6219
6221
6232
6235
6241
6242
6251
6253
6254
6261
6270
6273
6277
6286
6297
6299
6306
6309
6317
6321
6322
6323
6324
6329
6335
6351
6353
6361
6366
6370
6371
6373
6383
6388
6389
6391
6392
6393
6405
6409
6412
6414
6415
6418
6420
6424
6425
6427
6444
6447
6451
6453
6458
6461
6462
6479
6480
6485
6488
6489
6495
6500
6513
6523
6531
6532
6535
6544
6545
6556
6558
6561
6564
6571
6574
6576
6580
6586
6587
6588
6590
6593
6596
6598
6605
6610
6615
6620
6621
6627
6628
6637
6642
6661
6662
6667
6673
6674
6675
6679
6681
6682
6689
6690
6694
6698
6703
6704
6705
6706
6718
6719
6722
6728
6729
6750
6762
6764
6765
6782
6790
6791
6792
6796
6807
6810
6812
6813
6814
6818
6823
6825
6830
6833
6836
6850
6851
6857
6859
6863
6868
6879
6887
6907
6926
6930
6933
6944
6945
6950
6956
6962
6964
6967
6973
6990
6991
7004
7005
7010
7020
7027
7029
7034
7035
7036
7037
7041
7045
7046
7049
7052
7056
7060
7064
7066
7074
7080
7083
7089
7093
7124
7126
7127
7131
7133
7140
7148
7154
7159
7173
7176
7177
7178
7189
7198
7203
7222
7223
7226
7235
7238
7240
7241
7242
7246
7247
7250
7256
7259
7268
7271
7275
7279
7285
7292
7340
7352
7358
7362
7366
7382
7385
7395
7405
7406
7416
7419
7422
7447
7458
7460
7461
7465
7472
7476
7488
7490
7494
7498
7501
7505
7508
7517
7519
7521
7532
7541
7547
7551
7553
7557
7559
7562
7565
7569
7570
7572
7573
7585
7588
7592
7593
7601
7605
7608
7618
7620
7622
7623
7624
7627
7630
7635
7638
7641
7643
7652
7657
7670
7682
7686
7687
7692
7693
7700
7707
7718
7720
7735
7738
7744
7754
7757
7759
7760
7770
7779
7780
7785
7791
7796
7799
7804
7806
7808
7816
7818
7819
7827
7828
7829
7834
7847
7848
7852
7856
7858
7865
7879
7898
7903
7915
7916
7917
7921
7924
7929
7935
7937
7940
7944
7946
7950
7954
7956
7958
7961
7962
7964
7970
7971
7972
7980
7981
7983
7984
7988
7989
7993
7994
7995
7998
7999
8006
8008
8013
8014
8015
8021
8036
8047
8049
8051
8057
8062
8064
8068
8071
8074
8078
8079
8080
8086
8088
8092
8100
8108
8118
8119
8120
8131
8133
8138
8141
8144
8145
8146
8150
8152
8153
8155
8157
8158
8161
8164
8169
8185
8189
8194
8195
8198
8205
8206
8228
8229
8234
8243
8246
8247
8253
8261
8268
8276
8279
8308
8312
8313
8315
8318
8320
8327
8330
8333
8335
8342
8345
8346
8349
8350
8353
8354
8360
8370
8371
8377
8379
8397
8399
8400
8402
8421
8424
8425
8437
8441
8449
8450
8455
8462
8468
8469
8472
8476
8477
8487
8488
8500
8514
8515
8522
8532
8533
8537
8547
8562
8567
8568
8572
8586
8594
8603
8605
8612
8613
8614
8617
8625
8629
8635
8638
8643
8647
8648
8654
8660
8669
8684
8719
8726
8732
8733
8746
8768
8787
8789
8797
8800
8811
8816
8818
8820
8822
8825
8826
8828
8834
8835
8849
8856
8862
8863
8864
8866
8867
8871
8874
8896
8899
8902
8917
8921
8928
8932
8934
8960
8968
8970
8973
8974
8980
8992
9002
9006
9007
9013
9017
9021
9024
9035
9036
9038
9044
9052
9058
9064
9065
9066
9078
9081
9083
9085
9086
9090
9091
9095
9102
9105
9106
9109
9110
9123
9127
9130
9135
9139
9140
9143
9148
9153
9165
9177
9178
9180
9192
9194
9199
9207
9208
9210
9214
9220
9223
9225
9233
9238
9248
9253
9268
9269
9270
9274
9278
9279
9282
9283
9284
9286
9287
9291
9295
9299
9304
9325
9327
9330
9337
9338
9339
9350
9352
9359
9360
9371
9380
9383
9388
9393
9412
9426
9445
9450
9453
9466
9474
9476
9477
9484
9494
9505
9507
9513
9514
9519
9529
9530
9532
9540
9549
9560
9562
9563
9565
9569
9576
9583
9584
9594
9600
9611
9612
9618
9619
9621
9652
9653
9662
9666
9668
9669
9681
9685
9699
9713
9717
9718
9722
9728
9748
9753
9758
9768
9776
9777
9787
9790
9802
9810
9811
9823
9825
9827
9848
9849
9850
9860
9863
9868
9911
9913
9917
9952
9953
9970
9975
9980
9987
10005
10023
10033
10034
10044
10052
10056
10061
10063
10064
10065
10077
10094
10120
10131
10139
10151
10152
10154
10163
10170
10175
10181
10188
10203
10218
10227
10235
10237
10240
10264
10268
10269
10275
10283
10290
10292
10293
10314
10316
10317
10336
10339
10345
10348
10378
10389
10395
10399
10419
10434
10471
10474
10480
10482
10488
10499
10513
10555
10585
10587
10609
10610
10627
10636
10669
10670
10684
10692
10699
10708
10709
10715
10720
10731
10733
10743
10757
10772
10774
10782
10792
10796
10801
10815
10830
10836
10860
10879
10881
10884
10889
10893
10912
10920
10928
10941
10944
10962
10983
10987
11021
11024
11036
11040
11041
11050
11053
11068
11079
11081
11082
11083
11108
11153
11157
11166
11193
11195
11211
11212
11218
11229
11236
11244
11247
11259
11275
11276
11277
11285
11316
11323
11339
11343
11351
11359
11383
11387
11389
11400
11401
11402
11405
11413
11418
11430
11439
11448
11456
11464
11472
11483
11500
11512
11517
11529
11533
11545
11546
11554
11556
11565
11572
11574
11590
11597
11599
11602
11609
11614
11619
11640
11642
11643
11650
11665
11710
11715
11718
11729
11745
11787
11805
11818
11855
11864
11941
11955
11978
11982
11983
12003
12015
12055
12061
12062
12081
12100
12103
12112
12116
12122
12123
12124
12129
12134
12137
12138
12139
12141
12142
12144
12150
12171
12172
12180
12195
12215
12225
12234
12239
12241
12242
12243
12247
12251
12252
12271
12289
12298
12314
12320
12353
12358
12385
12386
12434
12445
12448
12516
12523
12528
12530
12540
12548
12554
12563
12579
12583
12618
12650
12653
12658
12659
12676
12677
12680
12692
12705
12707
12714
12715
12716
12726
12741
12750
12751
12760
12783
12828
12857
12861
12881
12898
12914
12915
12930
12955
12960
12965
12972
12977
12986
12990
12994
12995
12997
13017
13019
13041
13048
13053
13059
13068
13077
13084
13113
13121
13130
13133
13144
13150
13158
13169
13200
13217
13224
13227
13239
13241
13267
13275
13281
13282
13296
13315
13317
13362
13363
13369
13381
13401
13405
13419
13434
13476
13482
13485
13491
13507
13511
13514
13517
13532
13535
13543
13562
13574
13576
13587
13602
13614
13627
13634
13647
13651
13663
13673
13677
13684
13685
13688
13689
13690
13691
13715
13724
13741
13742
13753
13769
13775
13800
13802
13812
13815
13848
13857
13865
13875
13915
13924
13926
13927
13942
13960
13964
13975
13997
14000
14008
14009
14018
14033
14047
14096
14111
14112
14118
14133
14145
14168
14188
14192
14193
14239
14244
14248
14264
14272
14335
14342
14383
14386
14391
14405
14428
14431
14474
14528
14550
14552
14557
14564
14594
14602
14614
14623
14663
14664
14665
14670
14676
14700
14702
14703
14714
14720
14726
14735
14740
14752
14754
14770
14776
14780
14793
14797
14798
14804
14852
14858
14859
14874
14880
14901
14910
14913
14915
14929
14932
14940
14953
14961
14963
14968
14970
15005
15051
15056
15057
15072
15086
15089
15093
15121
15153
15156
15158
15159
15170
15172
15180
15184
15191
15195
15209
15216
15229
15242
15249
15257
15277
15278
15280
15288
15319
15395
15421
15429
15478
15500
15525
15533
15542
15557
15579
15597
15634
15663
15689
15690
15691
15709
15737
15742
15754
15777
15811
15825
15847
15854
15860
15865
15875
15881
15925
15948
15954
15981
15993
16034
16035
16083
16089
16099
16112
16154
16172
16201
16227
16281
16296
16325
16341
16356
16377
16382
16409
16421
16447
16460
16474
16490
16494
16498
16499
16500
16524
16525
16546
16551
16623
16628
16630
16649
16655
16743
16758
16763
16765
16775
16829
16830
16842
16949
16984
17000
17096
17122
17132
17133
17151
17153
17159
17169
17254
17255
17256
17258
17259
17266
17267
17268
17278
17286
17291
17298
17301
17304
17332
17356
17419
17425
17466
17490
17493
17515
17516
17559
17566
17588
17609
17629
17651
17748
17819
17820
17821
17823
17857
17858
17882
17887
17931
17934
17959
17972
17986
18010
18051
18057
18061
18062
18063
18066
18068
18084
18096
18105
18106
18107
18110
18111
18112
18113
18114
18116
18117
18119
18122
18123
18126
18132
18134
18136
18140
18144
18146
18153
18157
18163
18173
18175
18179
18181
18189
18198
18206
18210
18211
18213
18225
18228
18238
18239
18242
18266
18303
18304
18310
18312
18324
18325
18338
18344
18346
18349
18350
18351
18356
18377
18383
18418
18433
18449
18470
18474
18517
18521
18536
18591
18600
18612
18641
18841
18876
18894
18903
18911
18981
18997
19006
19010
19012
19013
19047
19087
19130
19138
19222
19445
19644
19914
