5
29
60
88
107
112
152
198
201
234
295
304
431
464
501
510
519
546
553
603
663
749
796
798
805
826
860
892
956
1056
1327
1331
1418
1726
1792
1852
1947
2177
2322
2412
2508
2521
2610
2644
2833
2852
2901
3078
3172
3207
3232
3234
3286
3361
3384
3451
3474
3604
3620
3689
3692
3708
3776
3857
3860
3958
3968
4013
4079
4183
4295
4309
4358
4426
4491
4716
4730
4865
4957
5045
5125
5222
5282
5292
5294
5371
5442
5614
5853
5952
6038
6042
6045
6046
6171
6178
6187
6321
6596
6687
6814
6907
7068
7115
7126
7176
7209
7232
7400
7512
7513
7563
7657
7666
7786
7816
7817
7830
8041
8049
8317
8449
8577
8828
8917
9699
9900
10784
10916
10979
11131
11911
12115
12185
12403
12432
12495
12548
12658
12751
13025
13170
13339
14133
14270
14478
14609
15706
16089
17122
17144
18257
