0
1
3
8
9
15
16
17
21
23
24
26
28
31
36
39
41
42
45
54
55
57
58
59
60
62
63
67
68
70
72
74
75
77
78
83
84
86
87
88
89
91
93
95
97
98
99
101
105
106
107
108
113
114
115
116
119
122
123
124
126
130
131
135
136
137
138
140
142
145
146
147
152
153
156
157
163
167
168
170
172
174
179
180
182
183
188
189
193
195
198
204
205
206
210
213
214
217
219
224
229
231
234
236
237
238
242
247
248
250
254
258
264
270
273
275
278
279
280
281
282
284
287
288
293
295
296
297
303
304
305
307
313
314
317
322
325
326
333
344
345
347
349
351
352
353
356
357
359
360
361
362
363
364
366
368
372
375
376
377
378
379
381
383
384
387
388
389
391
394
397
399
403
406
409
410
411
412
417
418
423
424
425
426
427
431
432
433
434
436
438
439
445
448
449
450
451
454
456
457
459
463
467
471
481
483
485
488
491
500
501
502
503
505
506
508
509
510
513
519
521
525
526
532
535
536
538
539
541
542
546
548
549
551
552
553
554
555
559
564
569
575
576
585
587
589
592
593
595
596
597
600
601
602
604
606
608
609
610
611
612
613
614
617
620
621
622
625
628
631
632
634
635
638
640
645
646
649
651
652
658
659
663
665
666
671
672
673
680
681
685
694
695
696
698
701
706
709
710
715
717
718
721
722
723
725
728
731
735
736
737
738
739
740
741
749
750
751
754
755
758
760
768
770
773
778
780
782
783
785
788
792
793
794
795
796
798
801
805
806
809
815
820
821
822
823
825
826
827
830
836
843
850
853
855
857
858
859
860
862
864
867
868
872
873
875
876
878
881
884
888
889
891
897
903
904
908
909
913
917
920
921
926
927
928
929
930
932
934
935
943
944
955
957
961
963
964
971
978
982
984
986
990
992
998
1003
1004
1006
1011
1013
1014
1016
1019
1022
1024
1025
1029
1030
1033
1037
1040
1041
1043
1056
1061
1062
1065
1071
1072
1074
1076
1077
1081
1082
1084
1085
1086
1089
1091
1097
1099
1103
1106
1109
1123
1124
1125
1127
1129
1132
1137
1143
1147
1148
1150
1156
1158
1159
1161
1162
1163
1166
1167
1171
1181
1184
1189
1190
1198
1199
1200
1202
1204
1207
1208
1209
1210
1212
1213
1215
1223
1227
1228
1231
1232
1242
1245
1248
1249
1250
1269
1271
1272
1274
1278
1280
1283
1295
1305
1307
1308
1312
1314
1321
1325
1327
1328
1331
1335
1338
1341
1347
1353
1354
1355
1358
1359
1362
1372
1374
1375
1379
1381
1385
1386
1389
1394
1410
1427
1433
1434
1436
1441
1443
1444
1448
1451
1456
1459
1465
1466
1469
1472
1473
1480
1481
1485
1493
1495
1498
1502
1503
1507
1508
1513
1518
1521
1522
1524
1526
1528
1535
1541
1545
1550
1551
1552
1554
1556
1560
1563
1566
1567
1572
1576
1577
1579
1580
1584
1589
1590
1592
1601
1606
1610
1611
1616
1619
1622
1623
1628
1629
1637
1639
1647
1659
1662
1663
1664
1670
1672
1674
1680
1683
1687
1691
1692
1693
1703
1705
1706
1709
1726
1727
1728
1729
1731
1733
1736
1744
1746
1747
1748
1760
1762
1764
1766
1773
1781
1788
1791
1792
1799
1805
1808
1809
1811
1812
1819
1820
1832
1835
1836
1850
1851
1852
1859
1867
1876
1877
1880
1884
1886
1887
1889
1901
1902
1904
1910
1915
1918
1927
1929
1938
1939
1940
1945
1950
1955
1956
1957
1960
1964
1965
1969
1977
1979
1980
1981
1982
1985
1986
1988
1989
1996
1997
2001
2003
2004
2005
2008
2009
2010
2011
2014
2015
2016
2017
2019
2022
2027
2028
2032
2033
2037
2039
2041
2043
2049
2050
2052
2054
2055
2064
2067
2068
2075
2076
2077
2092
2095
2098
2100
2101
2109
2110
2114
2127
2130
2132
2133
2134
2137
2138
2140
2141
2151
2154
2157
2165
2167
2168
2172
2174
2176
2178
2195
2197
2201
2232
2238
2239
2246
2251
2256
2260
2268
2289
2293
2296
2300
2308
2309
2322
2338
2344
2354
2364
2369
2388
2394
2397
2403
2406
2407
2408
2412
2416
2418
2422
2424
2426
2432
2434
2435
2436
2437
2438
2448
2450
2455
2456
2463
2467
2468
2480
2484
2489
2492
2493
2494
2495
2496
2499
2501
2503
2508
2517
2518
2521
2526
2528
2529
2531
2536
2539
2543
2545
2548
2549
2553
2554
2556
2562
2563
2567
2569
2571
2574
2581
2582
2583
2585
2587
2588
2590
2593
2601
2605
2607
2608
2609
2610
2611
2614
2615
2622
2623
2624
2625
2628
2637
2639
2640
2641
2644
2645
2648
2657
2659
2662
2663
2664
2665
2666
2669
2670
2671
2674
2676
2678
2679
2680
2683
2684
2685
2690
2691
2692
2698
2699
2700
2702
2703
2705
2713
2714
2715
2717
2722
2724
2725
2728
2729
2732
2735
2738
2739
2742
2743
2746
2747
2748
2750
2754
2760
2761
2762
2763
2772
2775
2776
2778
2781
2782
2784
2786
2787
2791
2792
2793
2796
2804
2807
2809
2810
2814
2816
2819
2821
2824
2826
2827
2828
2829
2830
2832
2840
2841
2847
2848
2852
2853
2855
2856
2859
2861
2862
2863
2864
2865
2871
2874
2876
2885
2886
2889
2892
2893
2897
2898
2899
2900
2901
2903
2905
2906
2910
2914
2915
2922
2924
2928
2931
2933
2934
2939
2941
2945
2948
2950
2951
2953
2954
2955
2965
2970
2971
2973
2980
2983
2984
2988
2989
2992
2997
2999
3008
3011
3013
3016
3017
3020
3029
3033
3034
3049
3051
3053
3057
3060
3061
3063
3064
3065
3066
3075
3079
3083
3086
3088
3091
3092
3095
3097
3099
3104
3106
3107
3113
3114
3116
3120
3123
3124
3126
3128
3132
3133
3134
3137
3139
3142
3144
3145
3146
3150
3156
3157
3158
3159
3160
3161
3163
3167
3168
3169
3171
3172
3174
3176
3178
3184
3185
3186
3188
3190
3195
3196
3198
3206
3217
3219
3223
3226
3227
3228
3231
3232
3234
3237
3239
3240
3242
3246
3248
3250
3253
3254
3256
3261
3264
3265
3270
3272
3274
3278
3285
3287
3289
3292
3293
3295
3296
3298
3301
3302
3308
3311
3312
3313
3314
3315
3317
3325
3330
3331
3334
3339
3340
3341
3344
3346
3347
3348
3350
3353
3354
3356
3357
3360
3361
3364
3367
3368
3369
3370
3375
3382
3383
3385
3386
3389
3398
3401
3403
3404
3405
3407
3409
3410
3412
3413
3416
3421
3425
3426
3428
3432
3435
3437
3438
3440
3448
3450
3451
3453
3455
3456
3457
3461
3462
3463
3464
3466
3470
3473
3474
3476
3477
3478
3479
3480
3483
3484
3487
3489
3493
3498
3499
3503
3504
3509
3510
3515
3520
3522
3524
3525
3526
3528
3529
3532
3533
3534
3538
3539
3544
3546
3548
3553
3554
3556
3557
3558
3560
3562
3563
3565
3566
3567
3568
3569
3573
3576
3578
3580
3581
3582
3583
3584
3589
3590
3591
3596
3599
3601
3603
3604
3605
3606
3607
3609
3610
3611
3612
3618
3619
3620
3621
3623
3624
3625
3626
3627
3630
3632
3633
3635
3637
3641
3646
3648
3654
3656
3658
3660
3667
3669
3672
3676
3679
3683
3689
3692
3693
3694
3696
3699
3700
3702
3704
3705
3707
3708
3711
3713
3715
3719
3722
3727
3729
3731
3733
3737
3741
3746
3747
3752
3753
3756
3757
3758
3764
3766
3767
3770
3773
3774
3776
3778
3780
3786
3789
3790
3791
3795
3797
3800
3803
3806
3809
3811
3813
3814
3815
3816
3818
3819
3820
3821
3823
3825
3828
3830
3841
3845
3847
3850
3851
3855
3857
3864
3865
3866
3868
3870
3871
3874
3882
3884
3886
3887
3889
3892
3897
3899
3900
3901
3902
3909
3912
3913
3921
3923
3926
3935
3936
3939
3941
3944
3945
3949
3953
3958
3959
3961
3962
3963
3967
3968
3974
3976
3979
3997
3998
3999
4000
4006
4008
4012
4013
4016
4023
4026
4027
4035
4036
4039
4043
4046
4049
4059
4067
4071
4076
4077
4079
4080
4083
4085
4087
4088
4097
4101
4103
4104
4107
4108
4110
4111
4113
4114
4119
4122
4125
4127
4136
4139
4140
4142
4149
4153
4155
4156
4157
4158
4159
4160
4166
4170
4172
4173
4175
4176
4178
4179
4180
4183
4184
4185
4194
4199
4200
4201
4205
4206
4217
4219
4220
4226
4228
4230
4231
4237
4238
4239
4240
4242
4243
4250
4252
4255
4256
4260
4264
4265
4267
4269
4270
4273
4274
4275
4276
4278
4284
4291
4293
4294
4295
4298
4299
4309
4310
4311
4313
4316
4323
4324
4325
4329
4330
4331
4336
4347
4350
4351
4352
4353
4356
4357
4358
4364
4370
4371
4380
4381
4382
4385
4388
4389
4396
4402
4403
4405
4408
4410
4412
4413
4415
4420
4425
4426
4430
4437
4438
4441
4444
4449
4453
4455
4458
4466
4469
4471
4475
4482
4483
4484
4487
4489
4490
4491
4492
4494
4495
4497
4502
4512
4513
4514
4539
4540
4543
4545
4546
4549
4555
4556
4559
4561
4562
4563
4567
4576
4577
4587
4590
4591
4593
4597
4605
4607
4617
4618
4622
4630
4631
4632
4634
4636
4637
4649
4651
4656
4663
4668
4670
4676
4678
4679
4682
4683
4685
4688
4694
4702
4705
4708
4709
4710
4715
4718
4726
4727
4728
4736
4742
4750
4754
4755
4759
4760
4766
4769
4771
4772
4774
4779
4790
4797
4799
4801
4805
4806
4807
4810
4812
4813
4816
4820
4821
4828
4830
4831
4833
4835
4861
4863
4871
4873
4874
4876
4878
4879
4881
4887
4890
4892
4894
4902
4904
4908
4909
4912
4914
4919
4920
4923
4927
4929
4931
4940
4941
4943
4946
4953
4955
4957
4959
4961
4962
4965
4967
4968
4970
4971
4973
4975
4976
4980
4987
4993
4994
4996
5007
5008
5011
5013
5016
5022
5028
5030
5033
5034
5035
5036
5040
5041
5042
5043
5045
5047
5052
5068
5081
5082
5087
5090
5092
5099
5105
5106
5110
5111
5114
5116
5120
5124
5125
5133
5134
5139
5147
5149
5153
5158
5160
5161
5172
5174
5176
5184
5188
5192
5194
5195
5204
5215
5217
5220
5222
5228
5231
5233
5235
5236
5238
5240
5243
5247
5254
5255
5258
5263
5265
5267
5268
5272
5273
5279
5282
5293
5294
5302
5311
5313
5326
5330
5335
5338
5340
5342
5344
5349
5352
5354
5358
5359
5367
5369
5370
5374
5375
5376
5377
5382
5388
5392
5394
5402
5405
5408
5409
5421
5425
5428
5433
5435
5437
5438
5440
5446
5458
5466
5470
5472
5473
5475
5476
5477
5486
5487
5488
5490
5491
5492
5493
5496
5497
5499
5500
5502
5511
5513
5515
5516
5521
5522
5525
5528
5534
5536
5544
5547
5556
5559
5560
5564
5566
5567
5568
5570
5571
5583
5587
5590
5593
5599
5603
5606
5610
5611
5614
5616
5629
5631
5632
5639
5642
5645
5648
5652
5653
5655
5660
5661
5669
5674
5675
5676
5686
5688
5697
5698
5699
5700
5702
5704
5705
5708
5712
5721
5726
5730
5731
5734
5738
5740
5743
5760
5763
5774
5776
5779
5792
5795
5798
5800
5803
5805
5810
5816
5817
5818
5819
5821
5827
5829
5834
5835
5843
5847
5850
5852
5861
5862
5866
5867
5869
5871
5875
5876
5880
5881
5884
5896
5897
5901
5902
5903
5907
5916
5936
5941
5942
5944
5947
5949
5952
5955
5959
5968
5973
5977
5980
5992
5995
6006
6008
6011
6013
6021
6022
6025
6027
6033
6036
6037
6041
6042
6045
6047
6050
6051
6056
6057
6058
6060
6063
6066
6067
6069
6076
6077
6081
6085
6090
6092
6093
6097
6098
6099
6103
6108
6109
6113
6114
6120
6121
6125
6138
6140
6142
6143
6144
6145
6150
6157
6179
6185
6199
6201
6207
6210
6213
6214
6218
6219
6222
6223
6227
6230
6232
6235
6241
6243
6252
6253
6256
6271
6274
6276
6299
6300
6307
6309
6313
6314
6321
6329
6331
6335
6339
6340
6342
6349
6351
6356
6361
6364
6366
6369
6371
6373
6374
6383
6389
6391
6392
6409
6415
6419
6420
6425
6427
6433
6458
6461
6462
6463
6468
6480
6481
6487
6489
6496
6507
6509
6510
6540
6548
6550
6555
6556
6559
6561
6566
6571
6574
6576
6580
6583
6584
6585
6586
6589
6592
6594
6596
6597
6600
6602
6609
6612
6617
6621
6626
6627
6634
6637
6639
6642
6668
6669
6673
6680
6684
6687
6689
6691
6694
6697
6698
6700
6704
6705
6710
6715
6718
6719
6720
6722
6723
6729
6730
6736
6738
6741
6757
6761
6772
6779
6784
6787
6789
6790
6791
6792
6796
6801
6802
6804
6805
6807
6812
6813
6816
6823
6833
6836
6839
6841
6844
6851
6859
6862
6865
6867
6871
6878
6880
6881
6883
6885
6903
6907
6909
6911
6912
6916
6918
6922
6923
6925
6926
6927
6934
6935
6944
6950
6956
6957
6960
6970
6977
6980
6986
6989
6999
7005
7007
7018
7027
7034
7038
7047
7061
7064
7065
7067
7068
7081
7083
7086
7089
7091
7099
7100
7101
7114
7125
7126
7128
7129
7133
7134
7135
7143
7154
7157
7158
7159
7167
7169
7175
7176
7178
7186
7189
7203
7205
7208
7209
7210
7211
7212
7219
7221
7222
7226
7230
7232
7235
7236
7239
7241
7242
7244
7245
7246
7256
7259
7264
7268
7274
7275
7280
7284
7285
7292
7302
7314
7315
7320
7322
7326
7329
7333
7337
7340
7345
7352
7358
7360
7366
7377
7382
7384
7385
7392
7393
7405
7406
7407
7409
7410
7416
7422
7446
7448
7451
7454
7458
7463
7473
7476
7478
7505
7506
7507
7508
7509
7514
7516
7528
7532
7533
7544
7546
7550
7551
7554
7557
7558
7559
7562
7564
7565
7567
7571
7572
7573
7578
7582
7584
7596
7601
7602
7604
7605
7617
7618
7619
7621
7626
7630
7633
7636
7637
7638
7647
7648
7650
7652
7661
7664
7665
7666
7670
7681
7682
7683
7686
7687
7694
7699
7700
7701
7704
7707
7708
7715
7720
7721
7722
7724
7727
7741
7745
7746
7749
7751
7756
7757
7758
7759
7760
7773
7775
7778
7779
7780
7783
7787
7797
7799
7807
7808
7811
7827
7828
7834
7835
7837
7839
7840
7847
7848
7852
7857
7858
7862
7863
7868
7870
7877
7878
7886
7891
7896
7897
7898
7899
7903
7904
7906
7914
7915
7924
7925
7930
7934
7944
7952
7953
7954
7955
7956
7960
7961
7964
7969
7970
7971
7977
7980
7982
7984
7987
7989
7992
8000
8003
8007
8008
8009
8014
8024
8034
8035
8036
8039
8040
8041
8047
8049
8051
8054
8058
8063
8064
8066
8068
8071
8072
8074
8078
8079
8080
8081
8084
8086
8087
8088
8105
8119
8129
8131
8133
8146
8154
8155
8157
8161
8166
8174
8192
8196
8197
8198
8199
8204
8213
8218
8223
8228
8229
8233
8234
8243
8257
8275
8276
8279
8281
8282
8300
8313
8314
8318
8320
8330
8332
8336
8338
8341
8342
8343
8346
8347
8348
8349
8350
8354
8356
8359
8360
8366
8368
8369
8371
8382
8384
8397
8412
8418
8421
8424
8425
8428
8430
8434
8437
8440
8444
8448
8449
8451
8455
8460
8462
8472
8475
8480
8481
8483
8486
8491
8513
8518
8532
8533
8544
8550
8569
8572
8574
8575
8578
8583
8587
8588
8590
8594
8597
8603
8605
8608
8613
8616
8640
8648
8652
8655
8660
8667
8673
8679
8683
8731
8732
8733
8735
8737
8747
8758
8760
8764
8769
8775
8777
8785
8786
8789
8791
8792
8796
8799
8811
8820
8826
8831
8833
8834
8836
8841
8847
8854
8856
8860
8863
8864
8865
8867
8869
8870
8871
8873
8877
8900
8909
8916
8917
8921
8922
8938
8939
8943
8945
8947
8952
8961
8968
8973
8980
8981
8983
8984
8992
9003
9008
9011
9013
9019
9024
9025
9034
9037
9044
9049
9052
9054
9060
9062
9066
9071
9076
9079
9080
9081
9083
9085
9090
9095
9096
9097
9099
9109
9111
9117
9125
9131
9135
9137
9141
9143
9146
9148
9149
9151
9152
9153
9158
9169
9173
9174
9177
9179
9191
9195
9196
9199
9207
9208
9210
9211
9212
9213
9215
9217
9219
9229
9231
9233
9235
9238
9239
9242
9248
9250
9254
9258
9259
9262
9263
9264
9267
9268
9270
9272
9273
9275
9277
9278
9279
9280
9281
9284
9287
9288
9290
9295
9304
9312
9316
9320
9327
9335
9339
9344
9351
9352
9353
9357
9363
9364
9365
9368
9371
9374
9382
9385
9391
9393
9399
9417
9418
9426
9429
9435
9438
9445
9446
9451
9460
9461
9466
9476
9478
9481
9483
9485
9490
9492
9498
9503
9507
9512
9519
9521
9525
9526
9529
9530
9532
9537
9540
9541
9543
9549
9551
9560
9561
9565
9567
9568
9569
9570
9571
9574
9579
9604
9608
9616
9618
9626
9634
9640
9645
9652
9670
9673
9681
9682
9683
9685
9693
9694
9699
9707
9713
9715
9716
9717
9724
9728
9731
9734
9735
9747
9748
9750
9751
9759
9767
9769
9798
9802
9808
9809
9810
9820
9833
9835
9845
9847
9849
9850
9851
9855
9857
9860
9868
9879
9884
9886
9908
9911
9918
9920
9922
9931
9940
9944
9946
9950
9953
9955
9982
9985
9987
9989
9994
9998
10018
10029
10032
10034
10037
10044
10051
10061
10063
10064
10065
10067
10079
10088
10094
10118
10126
10127
10129
10132
10139
10158
10169
10173
10178
10180
10184
10188
10190
10200
10216
10227
10230
10242
10245
10249
10269
10275
10286
10287
10298
10301
10326
10330
10337
10345
10347
10350
10354
10358
10359
10371
10383
10384
10389
10391
10392
10399
10406
10410
10413
10426
10437
10443
10450
10455
10470
10473
10474
10479
10480
10488
10491
10494
10495
10523
10533
10538
10545
10560
10562
10565
10571
10585
10592
10595
10607
10613
10616
10625
10627
10629
10632
10635
10644
10667
10674
10684
10693
10695
10699
10702
10715
10717
10728
10734
10743
10745
10753
10764
10767
10773
10775
10776
10781
10784
10786
10788
10790
10793
10797
10798
10799
10801
10806
10815
10823
10827
10830
10846
10857
10860
10871
10877
10881
10897
10898
10905
10909
10920
10936
10941
10942
10943
10945
10951
10964
10969
10971
10973
10978
10995
10999
11000
11005
11019
11021
11025
11035
11044
11051
11052
11061
11065
11068
11079
11082
11090
11101
11107
11116
11125
11127
11134
11138
11139
11143
11144
11146
11151
11154
11157
11160
11166
11182
11195
11197
11204
11208
11210
11212
11225
11240
11241
11244
11251
11256
11270
11289
11299
11306
11312
11316
11322
11331
11344
11345
11348
11351
11371
11387
11390
11393
11395
11399
11400
11403
11404
11405
11406
11409
11410
11411
11414
11418
11422
11439
11442
11448
11449
11459
11464
11469
11474
11480
11500
11502
11503
11508
11511
11512
11527
11529
11535
11538
11541
11547
11549
11557
11572
11574
11583
11585
11587
11603
11607
11613
11619
11640
11642
11643
11662
11679
11685
11700
11702
11712
11717
11719
11724
11728
11732
11747
11787
11809
11814
11824
11844
11847
11851
11863
11866
11890
11903
11940
11941
11946
11969
11971
11973
11976
11996
11999
12015
12064
12100
12118
12121
12123
12127
12128
12134
12135
12138
12139
12140
12141
12143
12147
12151
12158
12161
12164
12172
12180
12184
12189
12191
12194
12219
12221
12227
12229
12236
12247
12252
12257
12263
12265
12271
12281
12309
12325
12331
12339
12354
12355
12358
12359
12364
12371
12382
12406
12408
12414
12419
12442
12444
12460
12470
12499
12504
12511
12521
12522
12523
12527
12548
12554
12561
12564
12584
12587
12606
12635
12645
12677
12682
12699
12702
12705
12710
12716
12733
12736
12741
12792
12810
12828
12840
12843
12857
12868
12870
12876
12904
12905
12912
12914
12925
12950
12953
12954
12962
12965
12980
12985
12990
13034
13035
13036
13061
13068
13069
13074
13076
13080
13088
13097
13103
13125
13129
13131
13141
13143
13150
13158
13167
13168
13174
13208
13227
13231
13232
13252
13253
13255
13265
13267
13282
13290
13291
13294
13297
13302
13329
13331
13337
13354
13361
13368
13374
13397
13402
13415
13419
13455
13483
13491
13506
13507
13520
13523
13525
13538
13545
13546
13559
13567
13572
13577
13578
13579
13584
13591
13600
13628
13637
13650
13654
13656
13674
13685
13689
13690
13691
13711
13713
13718
13745
13746
13753
13760
13763
13768
13770
13776
13791
13817
13848
13849
13850
13857
13858
13868
13888
13892
13903
13912
13942
13949
13958
13959
13980
14000
14012
14033
14034
14039
14047
14049
14052
14071
14109
14117
14121
14123
14131
14133
14153
14172
14173
14174
14187
14204
14207
14223
14244
14252
14289
14293
14304
14334
14337
14361
14364
14383
14400
14443
14447
14483
14521
14557
14558
14564
14581
14612
14615
14628
14646
14648
14651
14659
14664
14665
14666
14679
14708
14720
14726
14734
14752
14754
14758
14765
14792
14812
14822
14825
14831
14852
14866
14872
14873
14880
14884
14890
14893
14901
14918
14919
14921
14929
14935
14944
14945
14953
14968
14974
14986
14988
14991
14996
15016
15017
15020
15034
15047
15051
15059
15066
15086
15097
15100
15116
15148
15157
15159
15180
15184
15186
15210
15212
15216
15223
15226
15229
15242
15252
15266
15275
15278
15293
15317
15332
15333
15340
15346
15371
15373
15375
15382
15395
15424
15443
15444
15451
15462
15479
15491
15492
15505
15530
15533
15545
15570
15574
15576
15597
15610
15657
15682
15683
15689
15706
15712
15734
15749
15754
15763
15764
15765
15771
15777
15780
15847
15859
15861
15865
15881
15883
15887
15906
15934
15936
15939
15954
15973
15981
16012
16019
16035
16042
16056
16057
16071
16075
16099
16117
16133
16162
16164
16173
16203
16227
16259
16269
16296
16320
16333
16357
16363
16365
16373
16375
16409
16424
16429
16449
16450
16458
16464
16488
16489
16494
16504
16524
16568
16602
16604
16609
16636
16646
16647
16676
16685
16694
16710
16716
16772
16792
16808
16811
16842
16855
16858
16861
16862
16871
16873
16878
16888
16894
16895
16897
16920
16922
16924
16925
16934
16937
16941
16949
16952
16960
16963
16965
16969
16989
16999
17009
17021
17023
17030
17036
17037
17055
17056
17061
17066
17072
17076
17097
17102
17134
17141
17159
17165
17186
17242
17251
17256
17257
17265
17271
17272
17273
17274
17282
17285
17288
17294
17297
17299
17301
17307
17309
17322
17324
17357
17381
17416
17430
17438
17459
17490
17493
17497
17515
17521
17554
17559
17630
17768
17787
17801
17821
17824
17878
17887
17890
17931
17942
17945
17950
17972
17988
18010
18041
18060
18065
18081
18087
18088
18093
18094
18100
18104
18105
18107
18108
18110
18111
18112
18113
18114
18115
18116
18119
18121
18124
18126
18130
18131
18132
18133
18140
18141
18143
18145
18156
18167
18179
18180
18181
18182
18184
18204
18207
18210
18212
18213
18215
18216
18217
18218
18219
18220
18221
18222
18223
18224
18225
18226
18227
18229
18230
18241
18243
18261
18275
18294
18296
18298
18320
18328
18342
18345
18349
18350
18351
18352
18355
18367
18368
18375
18401
18448
18473
18503
18537
18558
18636
18653
18668
18677
18683
18700
18701
18707
18730
18778
18786
18808
18845
18861
18864
18868
18874
18882
18893
18952
18986
18993
18994
18997
19022
19042
19114
19124
19141
19320
19489
19582
