0
3
6
7
8
9
10
12
16
17
18
22
23
24
26
27
28
29
31
32
35
36
38
39
41
42
46
47
48
50
51
53
54
55
56
57
58
59
60
61
62
63
64
66
67
68
69
70
71
72
74
75
76
77
78
79
80
81
82
83
84
85
86
87
88
89
90
91
93
95
96
97
98
99
100
101
103
104
105
106
107
108
109
110
112
113
114
115
116
117
119
120
121
122
123
124
125
126
127
128
129
130
131
132
133
134
135
136
137
138
140
141
142
143
144
145
146
147
148
149
150
152
153
154
155
156
157
159
161
162
163
165
166
167
168
169
170
171
172
173
174
175
177
178
179
180
181
182
183
186
188
189
190
191
192
193
194
196
197
200
201
203
204
205
206
207
208
209
210
211
212
213
214
215
217
218
219
222
223
224
226
228
229
230
232
233
236
237
239
240
241
242
246
247
248
250
251
252
253
254
256
258
259
260
261
262
263
264
265
266
267
268
269
270
271
272
273
275
276
277
278
279
280
281
282
283
285
286
287
288
289
290
292
293
295
296
297
298
299
300
302
303
304
305
306
307
308
310
312
313
315
317
319
320
321
322
323
324
325
328
329
330
332
334
337
338
339
342
344
345
346
347
349
350
351
352
353
354
356
357
358
359
360
361
362
363
366
367
368
369
370
371
372
373
374
375
376
377
378
379
380
381
383
384
386
387
388
389
390
393
394
397
400
402
403
405
406
408
409
410
411
413
414
416
417
418
419
420
422
423
424
425
426
427
428
430
431
432
433
434
435
436
438
439
440
441
442
443
445
447
448
449
450
451
453
454
455
457
458
459
463
464
465
466
468
469
470
471
473
474
475
477
479
480
481
482
483
485
488
490
492
493
494
496
499
500
501
502
504
505
506
508
509
510
513
514
515
518
519
521
522
525
526
527
529
532
533
534
535
536
537
538
539
540
541
542
546
548
549
550
551
552
553
554
555
556
558
561
563
565
566
567
569
573
575
576
579
581
582
583
584
585
587
589
590
592
593
595
596
599
600
601
602
603
604
606
607
608
609
610
612
614
615
616
617
618
619
620
622
623
625
626
628
631
632
633
634
635
636
638
639
640
644
645
646
648
651
652
653
656
658
659
661
662
663
664
665
666
668
670
671
672
673
675
678
679
680
681
682
684
685
687
688
689
690
691
692
693
694
695
696
697
698
700
701
703
706
707
708
709
710
711
714
717
718
719
720
721
722
723
724
725
726
728
730
731
734
735
736
737
738
739
741
743
744
750
751
752
754
755
756
757
758
759
760
761
763
765
768
770
773
774
775
776
777
778
779
780
781
782
783
785
786
787
788
789
790
791
792
793
795
796
797
798
799
800
801
803
804
805
806
807
809
810
811
812
814
815
817
819
820
821
822
823
824
825
826
827
828
830
835
836
837
838
839
840
846
848
849
850
853
855
856
857
858
859
860
861
863
864
865
867
868
869
871
873
874
875
876
877
878
879
880
881
883
884
885
886
887
888
889
891
892
894
895
897
898
900
902
903
904
905
907
908
909
911
912
913
918
919
920
921
922
924
925
926
927
928
929
930
931
932
934
935
937
938
940
941
942
943
944
946
947
949
950
952
953
955
956
957
958
960
961
963
964
965
966
967
968
971
973
974
976
977
978
980
983
984
986
987
988
990
991
992
995
996
997
998
999
1002
1004
1005
1006
1008
1009
1011
1012
1013
1014
1015
1016
1018
1022
1024
1025
1027
1028
1029
1030
1031
1032
1033
1034
1036
1037
1040
1041
1043
1046
1049
1050
1051
1056
1057
1060
1061
1062
1065
1066
1067
1068
1069
1070
1071
1073
1074
1075
1076
1077
1078
1079
1081
1082
1083
1084
1085
1086
1088
1090
1091
1092
1094
1097
1098
1099
1102
1103
1104
1106
1107
1109
1110
1111
1112
1113
1117
1120
1121
1122
1123
1124
1125
1126
1127
1129
1130
1131
1132
1133
1136
1137
1139
1141
1142
1143
1144
1145
1147
1148
1150
1153
1155
1156
1158
1159
1161
1162
1165
1166
1167
1168
1169
1170
1174
1176
1178
1179
1181
1184
1185
1186
1189
1190
1192
1194
1195
1198
1199
1200
1201
1202
1203
1206
1208
1209
1210
1211
1213
1214
1215
1216
1217
1219
1220
1221
1223
1224
1225
1226
1227
1228
1231
1232
1233
1234
1236
1237
1242
1244
1245
1246
1248
1249
1250
1251
1253
1258
1260
1261
1265
1268
1269
1270
1271
1272
1274
1275
1276
1277
1278
1279
1283
1285
1286
1287
1288
1290
1291
1292
1293
1294
1295
1297
1299
1300
1301
1304
1306
1308
1309
1312
1313
1314
1316
1319
1321
1323
1327
1328
1329
1331
1333
1335
1337
1338
1341
1344
1347
1348
1350
1352
1353
1354
1355
1356
1358
1360
1362
1365
1367
1368
1369
1372
1373
1375
1378
1379
1380
1381
1382
1385
1386
1387
1389
1390
1392
1395
1399
1400
1402
1403
1404
1406
1407
1410
1412
1416
1418
1419
1425
1426
1427
1429
1432
1433
1434
1436
1437
1439
1440
1441
1443
1444
1446
1447
1451
1453
1454
1455
1458
1459
1463
1464
1465
1466
1469
1471
1472
1473
1474
1475
1478
1479
1480
1481
1483
1485
1487
1489
1491
1492
1493
1495
1497
1498
1500
1503
1505
1507
1508
1515
1516
1521
1523
1524
1526
1527
1536
1541
1542
1544
1545
1548
1551
1552
1553
1554
1556
1560
1562
1563
1566
1567
1568
1570
1572
1573
1574
1575
1576
1577
1579
1580
1581
1584
1587
1589
1590
1592
1593
1595
1596
1598
1599
1600
1603
1605
1610
1611
1613
1616
1618
1619
1620
1622
1623
1625
1628
1629
1630
1633
1635
1636
1637
1640
1641
1642
1644
1645
1646
1647
1652
1653
1654
1655
1656
1659
1660
1663
1664
1667
1668
1670
1671
1672
1673
1675
1677
1678
1679
1680
1681
1683
1686
1687
1688
1689
1692
1693
1694
1695
1696
1697
1699
1703
1705
1706
1708
1709
1710
1711
1712
1713
1716
1717
1720
1721
1722
1726
1727
1728
1729
1736
1739
1744
1745
1746
1747
1748
1749
1752
1753
1755
1757
1758
1759
1760
1761
1762
1765
1766
1767
1768
1769
1770
1771
1772
1773
1774
1777
1783
1788
1789
1791
1792
1795
1798
1802
1808
1809
1810
1811
1813
1815
1818
1822
1826
1828
1830
1832
1835
1836
1838
1841
1847
1848
1850
1852
1853
1856
1857
1859
1860
1864
1866
1867
1869
1870
1872
1874
1875
1876
1877
1880
1881
1885
1886
1891
1892
1894
1900
1901
1902
1904
1905
1909
1911
1913
1915
1916
1917
1918
1922
1925
1927
1929
1931
1935
1936
1937
1938
1939
1940
1941
1942
1944
1945
1946
1947
1949
1950
1951
1953
1956
1957
1958
1959
1960
1961
1964
1966
1969
1970
1972
1973
1976
1977
1979
1980
1981
1982
1984
1985
1986
1989
1990
1991
1996
1997
1999
2001
2003
2004
2006
2008
2009
2010
2011
2012
2015
2016
2018
2019
2021
2022
2025
2026
2027
2028
2029
2032
2033
2035
2036
2037
2039
2040
2041
2043
2044
2046
2047
2048
2049
2050
2052
2055
2057
2063
2064
2065
2066
2067
2068
2070
2073
2074
2075
2076
2079
2085
2088
2089
2090
2092
2093
2095
2097
2098
2099
2100
2101
2102
2103
2105
2107
2109
2113
2114
2115
2119
2123
2124
2125
2127
2129
2130
2132
2133
2134
2136
2137
2140
2141
2144
2150
2154
2156
2157
2158
2159
2160
2161
2164
2165
2166
2167
2168
2169
2170
2172
2174
2175
2176
2177
2178
2180
2183
2185
2190
2194
2195
2196
2197
2198
2199
2201
2204
2205
2211
2213
2214
2215
2219
2223
2224
2225
2229
2232
2235
2238
2239
2240
2246
2247
2248
2249
2251
2254
2255
2256
2260
2261
2264
2265
2266
2268
2270
2273
2276
2277
2278
2279
2284
2285
2286
2288
2290
2292
2293
2296
2300
2301
2306
2307
2308
2313
2315
2316
2318
2320
2322
2323
2324
2327
2328
2329
2330
2331
2335
2336
2337
2338
2341
2344
2348
2354
2355
2358
2359
2363
2364
2365
2366
2368
2369
2370
2372
2375
2376
2378
2380
2381
2385
2388
2392
2393
2394
2402
2403
2406
2407
2408
2410
2412
2416
2417
2418
2422
2423
2424
2429
2430
2431
2432
2434
2435
2436
2438
2441
2443
2444
2446
2447
2448
2450
2452
2455
2457
2458
2459
2460
2462
2463
2464
2466
2467
2472
2473
2477
2482
2484
2486
2487
2488
2489
2490
2491
2492
2493
2494
2495
2497
2498
2499
2500
2501
2502
2503
2504
2505
2507
2508
2509
2511
2514
2515
2516
2517
2518
2519
2521
2523
2524
2526
2528
2529
2530
2531
2532
2533
2536
2537
2539
2540
2543
2544
2545
2546
2549
2551
2552
2553
2556
2557
2558
2559
2561
2562
2564
2566
2567
2568
2569
2571
2572
2573
2574
2578
2581
2582
2583
2584
2586
2587
2588
2589
2590
2592
2593
2594
2595
2597
2599
2600
2601
2603
2604
2605
2607
2608
2609
2610
2612
2613
2614
2615
2616
2619
2621
2622
2623
2624
2625
2627
2628
2629
2633
2635
2636
2637
2640
2641
2642
2643
2644
2645
2646
2647
2648
2649
2650
2651
2652
2655
2656
2657
2658
2659
2660
2661
2662
2663
2664
2665
2666
2667
2669
2670
2671
2672
2674
2675
2677
2678
2679
2680
2681
2682
2683
2684
2685
2687
2688
2690
2691
2692
2694
2696
2697
2698
2700
2702
2703
2705
2706
2707
2708
2710
2714
2715
2716
2717
2719
2720
2721
2722
2723
2724
2725
2727
2728
2729
2732
2733
2734
2736
2737
2738
2739
2742
2744
2746
2747
2748
2749
2754
2755
2757
2758
2760
2761
2762
2763
2766
2769
2770
2771
2772
2774
2775
2777
2778
2780
2781
2782
2783
2784
2786
2787
2790
2792
2793
2795
2796
2798
2799
2802
2803
2805
2807
2808
2809
2810
2811
2814
2816
2817
2818
2819
2820
2821
2823
2824
2825
2826
2828
2829
2830
2832
2833
2835
2838
2840
2844
2846
2848
2850
2851
2852
2853
2855
2856
2857
2858
2859
2860
2861
2862
2863
2865
2867
2868
2870
2871
2875
2876
2878
2879
2880
2882
2885
2890
2893
2894
2896
2897
2898
2899
2900
2901
2902
2903
2904
2905
2906
2907
2912
2914
2915
2916
2918
2920
2921
2922
2924
2927
2928
2929
2931
2932
2933
2934
2937
2940
2941
2942
2943
2945
2947
2949
2950
2951
2952
2953
2954
2955
2958
2962
2963
2964
2965
2967
2970
2971
2973
2974
2976
2977
2982
2983
2984
2987
2988
2989
2991
2992
2994
2997
2998
2999
3000
3001
3002
3003
3006
3007
3008
3010
3011
3013
3015
3016
3017
3018
3020
3021
3022
3023
3028
3029
3031
3032
3033
3035
3036
3037
3042
3044
3046
3047
3049
3050
3051
3052
3053
3056
3057
3058
3059
3060
3061
3064
3065
3068
3069
3073
3075
3076
3079
3082
3083
3084
3085
3086
3087
3088
3091
3092
3094
3095
3096
3097
3099
3100
3102
3103
3104
3105
3107
3110
3111
3112
3113
3114
3115
3116
3119
3120
3121
3123
3124
3125
3126
3127
3128
3130
3132
3133
3134
3135
3136
3137
3139
3140
3141
3142
3143
3144
3146
3150
3151
3152
3153
3155
3156
3157
3158
3160
3161
3162
3163
3164
3165
3166
3168
3169
3170
3171
3172
3174
3176
3177
3179
3180
3182
3183
3184
3185
3186
3187
3188
3189
3190
3192
3194
3195
3199
3200
3201
3205
3206
3207
3208
3209
3210
3211
3213
3214
3216
3217
3218
3221
3222
3223
3226
3228
3231
3232
3233
3234
3235
3237
3239
3240
3242
3243
3244
3245
3248
3249
3250
3253
3254
3256
3257
3258
3259
3261
3263
3264
3265
3266
3267
3268
3269
3270
3271
3272
3274
3275
3277
3278
3279
3280
3281
3284
3285
3286
3288
3289
3290
3291
3293
3295
3296
3297
3298
3301
3302
3305
3308
3309
3311
3312
3313
3314
3315
3316
3317
3319
3322
3323
3324
3325
3328
3330
3331
3332
3334
3336
3337
3339
3340
3341
3342
3343
3346
3347
3350
3351
3352
3353
3354
3356
3357
3359
3361
3363
3364
3367
3368
3369
3371
3372
3373
3376
3378
3379
3380
3382
3383
3384
3385
3386
3390
3398
3399
3402
3403
3404
3405
3406
3407
3410
3412
3413
3414
3415
3416
3417
3418
3419
3420
3421
3422
3423
3424
3425
3426
3428
3429
3431
3432
3433
3434
3435
3436
3437
3438
3439
3441
3443
3446
3448
3450
3451
3452
3453
3454
3455
3456
3457
3458
3459
3461
3462
3463
3464
3465
3466
3467
3468
3469
3470
3472
3473
3474
3475
3476
3477
3478
3479
3480
3482
3483
3484
3485
3486
3487
3488
3489
3493
3495
3496
3497
3498
3500
3502
3503
3504
3506
3507
3509
3510
3511
3512
3513
3515
3516
3519
3520
3521
3522
3523
3524
3525
3526
3527
3528
3529
3530
3532
3533
3534
3535
3536
3538
3539
3540
3542
3543
3544
3545
3546
3547
3548
3550
3551
3552
3553
3554
3556
3557
3559
3560
3562
3563
3565
3566
3567
3568
3571
3572
3573
3574
3575
3576
3577
3578
3579
3580
3581
3582
3583
3584
3585
3589
3590
3594
3596
3597
3599
3601
3603
3604
3605
3606
3607
3608
3609
3610
3611
3612
3613
3619
3620
3621
3623
3624
3625
3626
3630
3632
3633
3635
3637
3639
3641
3642
3645
3646
3648
3650
3651
3652
3653
3654
3655
3656
3658
3659
3665
3667
3670
3673
3675
3676
3677
3678
3679
3680
3681
3682
3683
3685
3687
3689
3691
3692
3693
3694
3695
3696
3697
3698
3699
3700
3701
3702
3703
3704
3705
3706
3707
3708
3709
3711
3712
3713
3714
3715
3716
3717
3718
3719
3720
3721
3722
3723
3724
3727
3728
3729
3731
3732
3733
3734
3735
3737
3738
3739
3740
3741
3742
3743
3746
3747
3749
3751
3752
3753
3756
3757
3758
3759
3760
3763
3764
3766
3767
3769
3770
3772
3776
3777
3779
3782
3784
3785
3786
3788
3789
3791
3795
3799
3800
3801
3802
3803
3806
3807
3808
3809
3813
3814
3815
3816
3818
3819
3820
3821
3822
3823
3824
3825
3826
3827
3828
3829
3830
3831
3833
3834
3835
3839
3840
3843
3844
3845
3847
3848
3849
3850
3854
3855
3856
3858
3859
3860
3863
3864
3865
3866
3867
3868
3869
3870
3871
3873
3874
3879
3880
3881
3882
3884
3886
3887
3888
3890
3891
3892
3894
3897
3898
3899
3900
3901
3902
3905
3906
3907
3908
3909
3911
3912
3913
3915
3919
3921
3922
3923
3924
3927
3929
3930
3931
3935
3937
3938
3940
3941
3943
3944
3945
3946
3947
3949
3953
3954
3956
3958
3959
3960
3961
3962
3963
3967
3968
3969
3971
3972
3974
3976
3979
3980
3981
3982
3987
3988
3993
3997
3998
3999
4000
4001
4005
4006
4007
4008
4009
4012
4013
4014
4016
4017
4018
4020
4022
4023
4024
4026
4027
4029
4030
4032
4033
4035
4036
4038
4039
4040
4042
4043
4044
4045
4046
4047
4048
4049
4052
4054
4056
4059
4060
4062
4065
4066
4067
4069
4070
4071
4072
4073
4074
4079
4080
4082
4083
4085
4086
4087
4088
4090
4094
4095
4096
4097
4098
4101
4103
4104
4106
4108
4109
4110
4111
4112
4113
4114
4116
4117
4118
4119
4120
4122
4123
4124
4125
4127
4128
4129
4131
4132
4134
4136
4137
4138
4139
4140
4141
4143
4145
4146
4147
4148
4149
4153
4155
4156
4157
4158
4159
4160
4164
4165
4166
4169
4172
4173
4175
4178
4179
4183
4185
4187
4188
4190
4191
4194
4195
4197
4198
4200
4201
4205
4206
4211
4215
4217
4218
4219
4220
4221
4223
4224
4228
4229
4230
4231
4234
4237
4238
4239
4240
4242
4250
4251
4252
4253
4255
4256
4258
4259
4261
4264
4265
4266
4267
4268
4269
4270
4271
4272
4274
4275
4276
4278
4280
4281
4282
4283
4290
4293
4294
4297
4298
4299
4301
4302
4303
4308
4309
4310
4311
4313
4315
4316
4319
4320
4323
4324
4326
4330
4331
4335
4336
4337
4339
4340
4347
4348
4349
4350
4351
4352
4353
4355
4356
4357
4358
4359
4360
4364
4368
4370
4372
4373
4375
4378
4379
4382
4383
4384
4387
4388
4389
4390
4391
4392
4393
4394
4395
4396
4398
4402
4404
4405
4406
4407
4408
4412
4413
4418
4419
4420
4421
4424
4426
4427
4428
4430
4432
4437
4438
4439
4440
4441
4442
4444
4447
4448
4449
4451
4454
4455
4456
4458
4459
4465
4466
4469
4470
4474
4476
4477
4478
4479
4480
4481
4483
4484
4486
4487
4490
4491
4492
4493
4495
4496
4497
4500
4501
4502
4506
4510
4513
4514
4515
4516
4518
4519
4524
4527
4528
4530
4534
4537
4539
4540
4542
4543
4544
4545
4546
4547
4551
4554
4555
4556
4557
4559
4560
4561
4562
4563
4565
4566
4567
4568
4569
4574
4576
4578
4579
4580
4582
4583
4584
4585
4587
4588
4591
4592
4594
4595
4596
4597
4598
4599
4600
4602
4603
4605
4607
4610
4612
4613
4614
4618
4619
4622
4625
4626
4627
4630
4632
4633
4634
4635
4636
4642
4643
4646
4647
4649
4650
4651
4652
4653
4654
4657
4660
4662
4663
4666
4668
4670
4673
4675
4676
4677
4679
4683
4684
4685
4688
4689
4690
4691
4693
4694
4695
4696
4698
4699
4702
4703
4704
4705
4707
4708
4709
4710
4714
4715
4716
4719
4721
4724
4725
4726
4727
4728
4730
4733
4734
4735
4742
4743
4744
4749
4751
4753
4755
4756
4757
4759
4760
4763
4765
4766
4768
4770
4774
4775
4778
4779
4780
4781
4784
4788
4790
4794
4797
4798
4799
4800
4801
4802
4803
4804
4805
4806
4807
4808
4811
4812
4813
4815
4816
4817
4821
4826
4828
4829
4830
4833
4835
4836
4837
4840
4841
4843
4844
4845
4846
4847
4850
4851
4853
4854
4855
4856
4862
4863
4864
4865
4868
4869
4873
4875
4876
4878
4879
4881
4882
4883
4884
4886
4887
4888
4889
4890
4893
4894
4896
4898
4902
4904
4905
4906
4907
4909
4910
4912
4913
4914
4916
4917
4918
4919
4920
4921
4923
4925
4927
4928
4931
4936
4937
4938
4939
4940
4943
4946
4952
4953
4955
4957
4959
4961
4962
4963
4964
4968
4969
4970
4971
4972
4973
4974
4977
4979
4980
4981
4983
4984
4988
4993
4994
4996
4997
4998
5001
5005
5006
5007
5008
5009
5010
5011
5013
5014
5015
5019
5021
5022
5030
5035
5036
5037
5038
5040
5041
5042
5045
5047
5050
5051
5052
5055
5056
5060
5064
5065
5066
5068
5069
5070
5071
5074
5075
5076
5081
5082
5083
5084
5087
5088
5089
5090
5092
5096
5097
5099
5101
5102
5104
5105
5106
5110
5111
5112
5113
5114
5116
5119
5120
5121
5122
5124
5125
5126
5131
5133
5134
5135
5136
5138
5148
5153
5154
5156
5157
5158
5160
5161
5162
5166
5168
5169
5172
5174
5175
5176
5179
5182
5184
5186
5187
5188
5189
5193
5194
5195
5196
5197
5198
5200
5201
5204
5205
5215
5216
5218
5220
5222
5223
5228
5230
5231
5233
5234
5235
5236
5238
5240
5242
5243
5245
5247
5248
5249
5251
5254
5255
5261
5263
5264
5267
5268
5269
5270
5271
5272
5273
5275
5277
5279
5280
5282
5285
5286
5287
5291
5292
5293
5294
5295
5301
5303
5304
5305
5306
5309
5310
5311
5312
5313
5316
5317
5318
5321
5322
5323
5325
5326
5327
5330
5331
5333
5337
5338
5339
5340
5342
5343
5347
5349
5351
5352
5354
5356
5357
5358
5359
5360
5361
5362
5364
5366
5367
5368
5369
5370
5374
5375
5376
5379
5380
5382
5385
5388
5389
5399
5401
5405
5408
5412
5413
5416
5418
5422
5423
5425
5428
5429
5430
5431
5432
5433
5437
5438
5440
5442
5446
5447
5449
5453
5454
5456
5458
5460
5461
5463
5464
5466
5468
5470
5471
5472
5475
5476
5477
5478
5480
5481
5484
5486
5487
5488
5489
5490
5491
5492
5493
5494
5496
5497
5498
5499
5500
5502
5503
5504
5505
5507
5508
5510
5511
5512
5513
5515
5516
5517
5519
5521
5523
5526
5528
5529
5530
5531
5532
5534
5536
5541
5544
5546
5549
5550
5551
5555
5556
5559
5560
5562
5563
5564
5565
5566
5567
5568
5570
5571
5572
5573
5574
5577
5580
5581
5582
5583
5584
5585
5587
5588
5590
5591
5592
5593
5594
5595
5596
5599
5601
5603
5604
5605
5606
5610
5611
5613
5616
5620
5621
5622
5623
5624
5625
5627
5629
5630
5631
5633
5635
5636
5638
5639
5640
5641
5642
5643
5645
5647
5649
5651
5652
5653
5654
5655
5656
5658
5660
5661
5664
5665
5666
5667
5668
5669
5670
5671
5675
5676
5677
5678
5680
5681
5686
5690
5691
5697
5698
5699
5700
5702
5703
5705
5706
5708
5709
5710
5711
5712
5718
5719
5720
5721
5722
5725
5726
5730
5731
5734
5738
5741
5742
5743
5744
5747
5749
5754
5755
5756
5759
5760
5762
5763
5764
5765
5767
5768
5770
5773
5774
5776
5778
5779
5780
5788
5789
5791
5793
5794
5795
5796
5800
5803
5804
5805
5806
5808
5810
5813
5814
5815
5816
5817
5818
5820
5822
5827
5829
5833
5834
5835
5836
5837
5838
5840
5842
5843
5844
5845
5846
5848
5850
5852
5855
5856
5858
5860
5861
5862
5863
5866
5867
5868
5869
5871
5872
5873
5875
5876
5878
5880
5881
5883
5884
5885
5886
5888
5890
5891
5894
5895
5896
5897
5900
5901
5903
5904
5905
5906
5907
5908
5911
5912
5914
5917
5918
5919
5920
5921
5923
5925
5926
5927
5928
5929
5930
5933
5936
5937
5938
5944
5946
5947
5948
5949
5950
5952
5953
5955
5957
5959
5960
5961
5963
5966
5967
5968
5970
5971
5974
5976
5977
5981
5985
5987
5988
5990
5992
5993
5994
5995
5996
5997
5999
6000
6007
6011
6013
6015
6018
6020
6022
6023
6026
6027
6028
6030
6033
6034
6035
6036
6037
6038
6039
6040
6041
6042
6043
6044
6046
6047
6050
6051
6052
6053
6054
6056
6057
6058
6061
6063
6064
6066
6067
6069
6070
6071
6073
6074
6076
6077
6080
6081
6089
6090
6091
6092
6093
6094
6095
6096
6097
6099
6103
6104
6106
6107
6108
6110
6111
6113
6114
6116
6117
6121
6122
6125
6126
6131
6133
6134
6137
6138
6139
6140
6142
6143
6144
6145
6149
6150
6156
6157
6159
6160
6161
6162
6163
6164
6166
6170
6171
6173
6174
6177
6178
6179
6182
6185
6186
6191
6193
6195
6196
6198
6199
6201
6204
6205
6207
6208
6209
6212
6213
6214
6215
6216
6217
6218
6219
6220
6221
6222
6223
6224
6225
6227
6229
6230
6232
6233
6235
6237
6241
6242
6243
6245
6247
6248
6252
6253
6254
6255
6261
6262
6263
6267
6268
6270
6272
6273
6274
6276
6277
6282
6283
6285
6286
6287
6291
6292
6293
6295
6297
6299
6300
6303
6305
6306
6308
6309
6310
6313
6314
6317
6321
6322
6323
6324
6325
6328
6329
6331
6337
6339
6340
6343
6344
6348
6350
6351
6353
6355
6356
6357
6358
6359
6360
6361
6362
6363
6364
6365
6366
6368
6369
6370
6371
6372
6373
6377
6380
6381
6382
6383
6386
6388
6389
6390
6391
6392
6393
6399
6401
6404
6407
6409
6410
6411
6412
6413
6414
6415
6416
6418
6419
6420
6421
6422
6424
6425
6427
6432
6433
6434
6435
6436
6439
6440
6441
6443
6450
6451
6455
6457
6458
6461
6462
6463
6465
6466
6468
6469
6470
6472
6473
6474
6479
6480
6481
6482
6485
6487
6489
6491
6493
6495
6496
6503
6509
6510
6511
6513
6514
6516
6518
6525
6528
6531
6532
6535
6536
6537
6542
6544
6545
6548
6549
6553
6555
6556
6557
6558
6559
6560
6561
6564
6574
6576
6579
6580
6581
6584
6585
6586
6587
6588
6589
6590
6592
6593
6594
6596
6597
6599
6600
6601
6602
6603
6609
6610
6612
6613
6615
6616
6620
6621
6624
6625
6626
6629
6631
6634
6636
6637
6641
6642
6643
6645
6646
6649
6651
6652
6653
6654
6656
6657
6658
6665
6667
6668
6669
6672
6673
6675
6676
6680
6682
6683
6684
6685
6687
6689
6690
6694
6696
6697
6700
6701
6702
6703
6704
6705
6706
6708
6709
6710
6713
6717
6718
6719
6720
6722
6725
6730
6731
6733
6736
6737
6739
6741
6743
6744
6745
6747
6750
6751
6753
6756
6757
6758
6761
6762
6763
6767
6769
6772
6778
6779
6781
6784
6786
6787
6789
6790
6791
6792
6796
6799
6800
6801
6802
6803
6804
6807
6810
6811
6812
6813
6814
6822
6823
6824
6825
6829
6830
6833
6834
6836
6839
6840
6842
6843
6844
6850
6851
6855
6857
6859
6864
6866
6868
6869
6870
6871
6872
6874
6875
6877
6878
6879
6880
6881
6883
6884
6885
6886
6889
6890
6891
6892
6893
6894
6897
6898
6900
6902
6903
6904
6906
6907
6909
6911
6914
6915
6917
6918
6921
6922
6925
6926
6927
6928
6932
6934
6935
6937
6938
6943
6944
6953
6955
6956
6957
6960
6962
6963
6965
6966
6968
6970
6972
6973
6974
6977
6980
6981
6984
6988
6989
6990
6991
6992
6993
6999
7005
7006
7008
7010
7011
7015
7018
7020
7022
7025
7027
7029
7034
7035
7036
7037
7038
7039
7040
7041
7042
7044
7046
7047
7049
7050
7051
7052
7055
7056
7060
7061
7063
7064
7065
7066
7068
7072
7077
7079
7080
7081
7082
7083
7087
7089
7091
7093
7097
7099
7101
7104
7108
7110
7112
7115
7118
7124
7126
7127
7130
7131
7132
7133
7134
7135
7136
7138
7140
7141
7142
7143
7144
7148
7151
7153
7154
7155
7159
7162
7164
7165
7167
7174
7175
7176
7177
7178
7179
7184
7186
7191
7192
7194
7198
7202
7203
7205
7207
7208
7209
7210
7211
7212
7213
7215
7216
7219
7220
7221
7222
7223
7224
7226
7229
7231
7232
7234
7235
7236
7238
7239
7240
7242
7243
7244
7245
7246
7247
7248
7250
7252
7253
7254
7256
7257
7259
7260
7261
7265
7267
7268
7270
7271
7272
7273
7274
7275
7279
7280
7281
7284
7285
7290
7291
7292
7295
7296
7297
7298
7302
7303
7309
7310
7311
7314
7315
7317
7318
7319
7320
7321
7322
7323
7324
7325
7326
7328
7333
7336
7338
7340
7341
7342
7345
7346
7347
7348
7349
7352
7353
7357
7358
7359
7360
7362
7363
7366
7375
7376
7377
7378
7379
7382
7384
7386
7393
7394
7396
7397
7398
7399
7402
7403
7404
7405
7406
7407
7409
7410
7412
7413
7416
7419
7422
7426
7430
7437
7438
7439
7441
7442
7444
7446
7449
7451
7453
7454
7455
7458
7459
7460
7461
7462
7463
7465
7466
7470
7472
7473
7475
7476
7477
7478
7479
7480
7483
7492
7494
7495
7498
7499
7503
7504
7505
7506
7507
7508
7509
7512
7513
7514
7516
7517
7519
7526
7532
7533
7534
7538
7542
7543
7544
7546
7547
7550
7551
7552
7553
7557
7558
7559
7562
7563
7564
7565
7567
7569
7570
7571
7572
7573
7576
7578
7580
7585
7586
7588
7592
7593
7595
7596
7598
7602
7604
7605
7607
7608
7614
7618
7619
7620
7621
7624
7626
7627
7629
7630
7631
7633
7634
7635
7636
7637
7638
7639
7641
7645
7647
7648
7650
7652
7654
7655
7657
7658
7661
7662
7664
7665
7666
7668
7669
7670
7671
7676
7677
7680
7681
7684
7687
7691
7693
7694
7695
7696
7699
7700
7701
7703
7706
7707
7708
7709
7710
7711
7714
7715
7716
7719
7721
7723
7724
7725
7727
7729
7734
7739
7740
7741
7746
7749
7750
7754
7756
7758
7759
7760
7761
7762
7765
7766
7767
7768
7769
7770
7772
7773
7774
7775
7776
7777
7779
7780
7781
7783
7784
7785
7786
7787
7790
7792
7793
7794
7796
7797
7798
7799
7800
7801
7803
7804
7806
7807
7809
7812
7814
7815
7816
7817
7818
7819
7821
7822
7825
7826
7827
7828
7829
7830
7831
7834
7835
7836
7839
7840
7842
7844
7845
7846
7847
7848
7851
7852
7854
7855
7856
7857
7858
7860
7861
7862
7863
7865
7868
7870
7872
7873
7876
7877
7878
7880
7882
7886
7887
7891
7895
7896
7897
7898
7899
7901
7902
7903
7905
7906
7907
7908
7909
7911
7912
7913
7914
7915
7917
7918
7920
7922
7923
7924
7925
7926
7928
7929
7930
7933
7934
7935
7939
7940
7942
7944
7946
7947
7951
7952
7953
7954
7955
7956
7957
7958
7960
7961
7964
7967
7968
7969
7970
7971
7972
7976
7980
7981
7982
7983
7984
7987
7993
7994
7998
8001
8003
8004
8008
8009
8014
8016
8017
8022
8024
8026
8030
8034
8035
8039
8040
8041
8045
8047
8049
8051
8054
8056
8057
8058
8059
8062
8063
8064
8065
8066
8068
8071
8073
8074
8077
8078
8079
8080
8081
8083
8084
8087
8088
8090
8091
8092
8100
8104
8105
8107
8113
8115
8116
8118
8119
8128
8129
8131
8133
8136
8141
8144
8145
8146
8149
8150
8152
8153
8155
8157
8158
8159
8161
8165
8167
8169
8170
8175
8179
8181
8183
8188
8189
8194
8195
8197
8198
8199
8203
8208
8209
8212
8213
8215
8221
8222
8227
8228
8229
8230
8232
8233
8234
8236
8237
8239
8242
8243
8245
8246
8248
8249
8251
8252
8253
8263
8264
8265
8269
8270
8271
8274
8276
8278
8279
8280
8282
8287
8291
8292
8306
8307
8312
8314
8315
8317
8318
8320
8322
8325
8326
8327
8330
8331
8332
8333
8334
8335
8336
8337
8338
8341
8342
8343
8345
8346
8347
8348
8349
8354
8355
8356
8357
8358
8359
8360
8364
8365
8366
8367
8368
8370
8371
8373
8374
8376
8382
8383
8387
8388
8394
8396
8397
8400
8401
8403
8405
8408
8409
8412
8417
8418
8421
8424
8428
8434
8437
8438
8441
8443
8446
8448
8449
8450
8452
8454
8455
8459
8460
8461
8462
8463
8466
8469
8470
8471
8472
8473
8480
8481
8482
8483
8484
8485
8486
8487
8488
8489
8491
8492
8493
8496
8497
8499
8500
8502
8507
8509
8510
8513
8514
8516
8527
8529
8530
8532
8533
8537
8541
8543
8544
8546
8548
8550
8552
8557
8563
8567
8568
8569
8570
8572
8573
8575
8576
8577
8578
8579
8580
8581
8583
8587
8588
8589
8590
8591
8594
8597
8598
8600
8603
8605
8606
8607
8608
8612
8613
8614
8616
8621
8622
8631
8632
8633
8635
8638
8641
8648
8652
8655
8660
8666
8667
8669
8670
8672
8680
8684
8685
8699
8702
8705
8719
8723
8724
8732
8733
8735
8736
8737
8739
8741
8742
8745
8746
8748
8755
8760
8761
8764
8769
8773
8774
8775
8776
8781
8784
8785
8786
8787
8789
8790
8792
8794
8796
8797
8798
8799
8800
8801
8802
8805
8808
8809
8811
8812
8816
8818
8820
8821
8822
8823
8824
8825
8826
8827
8828
8829
8830
8831
8833
8834
8836
8837
8839
8843
8844
8847
8849
8853
8854
8856
8860
8861
8862
8863
8864
8865
8866
8867
8868
8869
8870
8871
8873
8874
8875
8877
8879
8880
8882
8885
8886
8889
8891
8900
8905
8906
8910
8915
8916
8917
8919
8920
8921
8922
8923
8925
8927
8928
8930
8936
8938
8940
8941
8942
8943
8946
8949
8955
8956
8958
8965
8968
8969
8970
8972
8973
8974
8975
8977
8978
8980
8981
8982
8983
8984
8986
8988
8991
8992
8999
9003
9006
9007
9008
9011
9013
9019
9021
9023
9024
9026
9028
9029
9031
9033
9036
9037
9039
9040
9044
9046
9049
9050
9052
9053
9054
9058
9062
9066
9069
9072
9073
9077
9078
9079
9081
9083
9085
9086
9089
9090
9091
9092
9093
9094
9095
9096
9097
9101
9102
9106
9108
9109
9110
9111
9112
9113
9115
9122
9123
9124
9126
9127
9131
9132
9133
9135
9136
9137
9139
9140
9143
9146
9148
9149
9150
9153
9155
9157
9158
9166
9168
9169
9170
9172
9173
9174
9178
9179
9180
9185
9188
9189
9191
9194
9195
9196
9198
9199
9204
9207
9208
9209
9211
9213
9214
9215
9217
9218
9219
9220
9222
9224
9229
9232
9233
9236
9239
9242
9247
9248
9249
9250
9252
9254
9255
9260
9261
9262
9263
9264
9265
9267
9268
9269
9270
9271
9272
9274
9275
9277
9278
9279
9280
9281
9282
9283
9284
9286
9287
9288
9289
9290
9291
9295
9296
9297
9298
9299
9300
9305
9308
9309
9312
9315
9320
9322
9325
9326
9328
9330
9334
9335
9337
9338
9339
9340
9341
9343
9344
9346
9348
9350
9351
9352
9353
9355
9357
9359
9360
9361
9363
9364
9367
9374
9377
9382
9383
9384
9385
9386
9388
9391
9393
9394
9398
9404
9405
9408
9412
9416
9418
9420
9423
9424
9426
9429
9432
9435
9438
9442
9443
9445
9446
9447
9449
9451
9453
9459
9460
9461
9462
9463
9468
9474
9475
9476
9477
9478
9479
9481
9483
9485
9489
9491
9495
9496
9497
9498
9499
9501
9503
9507
9509
9510
9511
9514
9517
9520
9521
9522
9524
9525
9526
9527
9528
9529
9530
9532
9533
9535
9536
9537
9539
9540
9543
9544
9547
9549
9550
9551
9554
9556
9560
9561
9562
9563
9564
9565
9567
9568
9569
9570
9571
9579
9582
9588
9590
9593
9594
9595
9598
9600
9601
9603
9607
9608
9614
9615
9616
9618
9619
9620
9621
9622
9623
9625
9626
9627
9629
9634
9636
9637
9638
9640
9642
9643
9652
9653
9655
9659
9662
9666
9668
9669
9670
9671
9672
9676
9677
9681
9682
9684
9692
9693
9695
9699
9708
9715
9717
9718
9719
9721
9722
9724
9725
9727
9728
9733
9735
9736
9737
9749
9750
9753
9756
9759
9763
9764
9765
9766
9768
9769
9771
9776
9778
9781
9789
9791
9794
9797
9798
9802
9808
9810
9812
9813
9815
9819
9820
9821
9827
9828
9829
9832
9833
9835
9840
9845
9846
9847
9848
9849
9850
9854
9857
9860
9861
9862
9868
9871
9872
9874
9876
9881
9882
9884
9886
9894
9898
9899
9906
9907
9908
9909
9911
9915
9916
9920
9922
9931
9934
9936
9938
9939
9940
9944
9947
9950
9952
9953
9955
9959
9960
9964
9975
9980
9981
9984
9986
9990
9992
9994
9995
9998
10003
10005
10009
10010
10012
10016
10017
10018
10019
10020
10023
10025
10029
10032
10034
10035
10036
10037
10038
10039
10040
10044
10046
10047
10050
10051
10052
10054
10056
10058
10061
10063
10064
10065
10066
10073
10074
10080
10081
10088
10091
10095
10096
10097
10099
10100
10101
10105
10126
10127
10131
10132
10137
10138
10139
10145
10151
10154
10155
10157
10159
10163
10164
10166
10169
10170
10173
10175
10178
10179
10180
10181
10182
10183
10184
10185
10188
10189
10190
10192
10193
10195
10200
10201
10202
10211
10214
10217
10218
10222
10227
10230
10234
10235
10237
10244
10245
10247
10249
10253
10254
10256
10262
10263
10265
10268
10276
10282
10285
10286
10290
10295
10298
10301
10304
10306
10307
10312
10317
10322
10323
10326
10331
10336
10341
10342
10343
10345
10348
10358
10365
10368
10371
10373
10381
10384
10385
10390
10399
10404
10406
10408
10410
10412
10413
10426
10434
10437
10438
10447
10449
10450
10460
10468
10471
10472
10474
10480
10482
10485
10489
10494
10495
10497
10499
10501
10503
10505
10513
10517
10519
10521
10524
10526
10529
10533
10538
10543
10549
10551
10555
10558
10562
10565
10571
10573
10574
10576
10577
10583
10585
10591
10595
10600
10604
10608
10609
10610
10613
10615
10622
10627
10630
10633
10635
10636
10639
10640
10641
10644
10652
10656
10657
10659
10667
10668
10670
10672
10674
10675
10681
10686
10690
10691
10695
10700
10702
10708
10720
10721
10722
10728
10729
10730
10731
10733
10738
10740
10741
10751
10757
10759
10760
10761
10764
10767
10771
10772
10773
10774
10775
10776
10777
10779
10784
10785
10786
10788
10789
10790
10791
10792
10795
10796
10797
10799
10800
10801
10804
10806
10807
10810
10813
10814
10815
10821
10823
10826
10827
10833
10836
10837
10838
10845
10846
10849
10850
10851
10860
10864
10866
10868
10870
10871
10872
10873
10878
10881
10884
10889
10892
10898
10905
10912
10913
10915
10916
10917
10919
10920
10927
10932
10936
10939
10941
10942
10943
10944
10945
10949
10950
10959
10960
10961
10964
10967
10969
10970
10972
10973
10976
10983
10987
10994
10995
11001
11002
11003
11005
11008
11009
11010
11016
11019
11021
11029
11031
11036
11037
11039
11040
11041
11044
11046
11047
11050
11051
11060
11063
11064
11067
11068
11070
11075
11079
11082
11085
11086
11090
11094
11097
11101
11107
11108
11115
11116
11121
11123
11125
11126
11127
11131
11136
11141
11144
11145
11146
11147
11151
11153
11154
11157
11159
11160
11163
11164
11166
11171
11181
11182
11183
11194
11195
11197
11204
11207
11210
11212
11214
11218
11224
11225
11229
11238
11240
11241
11244
11248
11250
11256
11259
11267
11270
11275
11277
11284
11289
11299
11302
11304
11312
11314
11316
11317
11323
11326
11331
11341
11342
11344
11345
11348
11351
11352
11353
11355
11356
11358
11360
11369
11381
11383
11386
11387
11388
11393
11394
11395
11400
11402
11403
11404
11405
11410
11411
11413
11414
11421
11422
11425
11439
11442
11444
11448
11454
11455
11456
11460
11464
11469
11473
11477
11479
11480
11483
11492
11494
11496
11500
11503
11504
11507
11508
11509
11511
11512
11513
11526
11527
11533
11535
11541
11542
11545
11547
11548
11549
11552
11553
11554
11556
11557
11558
11561
11564
11568
11570
11571
11574
11577
11578
11581
11582
11585
11587
11590
11593
11597
11603
11604
11605
11606
11607
11617
11618
11619
11628
11632
11634
11640
11642
11643
11647
11648
11654
11655
11661
11665
11682
11685
11696
11707
11713
11716
11717
11719
11723
11724
11726
11728
11729
11730
11732
11733
11740
11742
11743
11744
11753
11758
11762
11763
11776
11780
11781
11782
11784
11792
11795
11805
11813
11814
11824
11829
11833
11844
11847
11855
11863
11870
11876
11878
11881
11882
11883
11886
11890
11895
11899
11903
11908
11910
11911
11923
11925
11940
11941
11948
11955
11959
11961
11963
11968
11971
11973
11976
11978
11979
11980
11982
11986
11987
11990
11993
11994
11995
12003
12007
12009
12013
12014
12018
12027
12038
12045
12054
12055
12057
12060
12062
12066
12070
12071
12079
12080
12100
12104
12112
12117
12118
12121
12122
12123
12124
12127
12128
12130
12133
12134
12136
12137
12138
12139
12140
12141
12142
12144
12146
12147
12149
12150
12151
12158
12159
12161
12164
12165
12166
12169
12170
12172
12174
12175
12177
12178
12179
12180
12182
12183
12187
12189
12190
12191
12194
12199
12208
12224
12227
12229
12230
12231
12236
12239
12240
12241
12246
12247
12251
12252
12257
12258
12259
12261
12263
12267
12271
12275
12276
12277
12278
12280
12282
12288
12293
12299
12300
12305
12309
12310
12315
12318
12319
12320
12321
12322
12325
12331
12333
12339
12341
12354
12355
12358
12359
12362
12367
12370
12371
12374
12378
12385
12386
12387
12392
12399
12405
12406
12411
12415
12419
12426
12428
12431
12439
12442
12448
12451
12460
12468
12475
12482
12493
12499
12506
12507
12509
12510
12515
12521
12522
12523
12527
12531
12532
12539
12548
12550
12555
12556
12557
12558
12559
12560
12562
12563
12566
12567
12568
12574
12579
12585
12587
12591
12594
12600
12611
12613
12622
12625
12634
12638
12645
12649
12650
12657
12658
12659
12660
12665
12671
12676
12677
12679
12680
12682
12699
12700
12701
12705
12707
12710
12714
12715
12716
12718
12720
12721
12723
12726
12728
12736
12738
12739
12742
12744
12745
12746
12757
12761
12773
12775
12790
12792
12793
12797
12798
12799
12800
12806
12810
12826
12828
12855
12857
12868
12870
12874
12876
12879
12891
12894
12898
12899
12904
12905
12906
12908
12912
12913
12914
12915
12916
12917
12919
12921
12923
12925
12927
12934
12938
12946
12950
12952
12953
12954
12960
12962
12966
12967
12972
12974
12975
12984
12987
12989
12994
12996
13012
13017
13028
13034
13035
13039
13041
13057
13061
13068
13076
13078
13079
13080
13085
13088
13097
13101
13103
13110
13113
13119
13121
13128
13131
13133
13137
13144
13150
13152
13156
13158
13167
13168
13181
13189
13190
13199
13200
13202
13203
13205
13209
13213
13220
13221
13222
13223
13224
13226
13227
13241
13246
13247
13250
13252
13254
13255
13258
13265
13267
13270
13271
13273
13279
13281
13282
13284
13286
13291
13293
13295
13296
13297
13301
13305
13306
13309
13313
13314
13315
13322
13327
13329
13331
13334
13337
13339
13341
13350
13352
13354
13363
13366
13368
13369
13373
13382
13389
13393
13397
13399
13400
13404
13405
13409
13415
13418
13419
13421
13423
13426
13427
13429
13430
13431
13432
13437
13447
13455
13476
13479
13483
13488
13491
13496
13500
13511
13512
13514
13517
13518
13520
13523
13538
13555
13556
13559
13562
13564
13566
13570
13572
13573
13574
13577
13578
13579
13584
13585
13586
13589
13590
13591
13602
13609
13611
13617
13619
13623
13624
13628
13629
13633
13637
13641
13647
13651
13654
13655
13656
13661
13662
13663
13673
13674
13680
13681
13684
13685
13687
13688
13689
13690
13691
13701
13705
13711
13712
13716
13717
13718
13719
13721
13724
13733
13735
13741
13742
13745
13747
13754
13757
13759
13760
13763
13768
13770
13776
13780
13789
13795
13799
13805
13806
13807
13808
13811
13812
13813
13817
13832
13836
13848
13854
13856
13857
13858
13869
13873
13875
13877
13881
13888
13893
13899
13904
13906
13909
13915
13917
13920
13924
13927
13928
13934
13935
13938
13942
13943
13947
13948
13954
13955
13957
13960
13969
13974
13975
13978
13979
13980
13981
13983
13985
13987
13989
13990
13997
14000
14003
14009
14010
14014
14015
14016
14029
14037
14039
14047
14049
14052
14057
14065
14066
14069
14075
14087
14089
14096
14100
14105
14109
14117
14118
14121
14123
14126
14130
14131
14132
14133
14150
14151
14152
14160
14161
14168
14173
14174
14192
14193
14207
14223
14226
14239
14244
14245
14248
14257
14261
14265
14270
14272
14281
14282
14289
14293
14306
14312
14314
14319
14322
14324
14329
14334
14336
14337
14363
14364
14374
14383
14389
14392
14393
14400
14404
14405
14413
14427
14443
14447
14467
14471
14490
14499
14500
14506
14516
14541
14554
14557
14558
14559
14560
14563
14581
14594
14601
14614
14615
14619
14623
14626
14627
14628
14630
14638
14642
14646
14648
14651
14652
14658
14659
14662
14663
14664
14665
14669
14671
14678
14681
14682
14683
14690
14691
14694
14700
14703
14705
14708
14714
14718
14720
14726
14727
14732
14733
14734
14735
14736
14741
14743
14744
14747
14749
14752
14754
14764
14765
14766
14767
14769
14773
14776
14780
14786
14792
14793
14794
14795
14798
14799
14802
14804
14806
14808
14811
14813
14814
14822
14825
14829
14841
14843
14845
14850
14853
14854
14858
14863
14864
14866
14868
14873
14878
14880
14881
14882
14889
14890
14897
14901
14904
14907
14910
14915
14918
14921
14923
14924
14927
14929
14935
14936
14941
14945
14949
14952
14953
14956
14963
14968
14973
14982
14983
14985
14987
14988
14989
14991
15000
15001
15009
15010
15011
15015
15016
15019
15020
15022
15023
15026
15027
15030
15034
15038
15048
15051
15054
15059
15065
15066
15069
15072
15073
15080
15082
15086
15095
15097
15101
15103
15108
15115
15116
15117
15121
15129
15135
15140
15141
15148
15153
15154
15155
15157
15159
15163
15165
15167
15170
15171
15179
15180
15191
15192
15195
15209
15210
15214
15216
15217
15219
15220
15222
15226
15229
15242
15243
15246
15247
15249
15252
15256
15260
15272
15273
15275
15278
15280
15282
15284
15293
15294
15298
15300
15307
15312
15317
15323
15330
15338
15340
15346
15347
15362
15372
15373
15375
15382
15384
15388
15389
15392
15393
15395
15404
15409
15421
15422
15443
15444
15451
15455
15462
15463
15465
15478
15486
15488
15491
15496
15500
15507
15514
15517
15518
15524
15525
15530
15534
15545
15553
15556
15557
15558
15559
15564
15576
15581
15583
15593
15595
15597
15600
15602
15603
15610
15626
15627
15647
15648
15650
15651
15657
15668
15671
15677
15681
15689
15691
15695
15708
15709
15713
15737
15742
15745
15754
15764
15767
15768
15771
15777
15780
15783
15825
15836
15845
15847
15854
15859
15865
15866
15870
15871
15872
15879
15880
15881
15883
15885
15887
15893
15898
15900
15904
15916
15923
15925
15934
15943
15944
15947
15949
15960
15961
15973
15980
15981
15987
16000
16010
16011
16019
16031
16035
16042
16049
16051
16056
16057
16060
16062
16063
16087
16089
16099
16108
16112
16117
16118
16131
16133
16151
16153
16154
16156
16157
16162
16167
16181
16185
16195
16197
16201
16202
16203
16206
16208
16215
16220
16227
16228
16237
16241
16242
16249
16251
16253
16257
16261
16262
16265
16269
16276
16277
16281
16300
16309
16320
16324
16325
16330
16340
16350
16356
16357
16359
16363
16370
16372
16373
16375
16377
16397
16401
16405
16407
16408
16409
16412
16423
16424
16427
16429
16430
16433
16434
16439
16440
16445
16450
16453
16454
16476
16478
16488
16494
16498
16499
16500
16501
16504
16506
16516
16517
16520
16521
16523
16524
16534
16537
16542
16546
16556
16568
16574
16575
16579
16585
16586
16596
16600
16602
16604
16605
16607
16609
16611
16619
16624
16625
16638
16639
16643
16645
16646
16655
16656
16659
16663
16676
16689
16694
16699
16700
16703
16704
16709
16710
16731
16734
16743
16745
16747
16753
16754
16758
16768
16785
16792
16805
16808
16811
16829
16878
16885
16936
16949
16971
17072
17087
17096
17097
17103
17104
17116
17122
17125
17132
17134
17141
17144
17152
17153
17155
17165
17169
17213
17221
17249
17250
17251
17252
17253
17254
17255
17256
17257
17258
17259
17260
17261
17264
17266
17267
17269
17271
17272
17275
17276
17281
17283
17286
17287
17289
17290
17291
17292
17293
17294
17295
17296
17297
17298
17299
17300
17301
17302
17303
17305
17306
17307
17308
17309
17311
17313
17322
17334
17343
17356
17357
17364
17369
17381
17405
17406
17412
17425
17430
17441
17450
17455
17464
17472
17490
17493
17497
17506
17513
17514
17515
17521
17526
17535
17539
17541
17548
17554
17559
17565
17566
17568
17572
17575
17576
17614
17630
17633
17640
17691
17747
17749
17768
17777
17787
17788
17800
17801
17812
17813
17820
17821
17822
17824
17826
17857
17860
17875
17877
17878
17881
17887
17890
17895
17897
17905
17929
17931
17934
17945
17947
17954
17955
17959
17967
17968
17986
17988
18008
18013
18017
18020
18051
18052
18054
18057
18058
18060
18063
18065
18066
18068
18069
18071
18075
18078
18079
18081
18082
18084
18087
18088
18089
18091
18092
18095
18096
18101
18102
18104
18105
18106
18107
18108
18110
18111
18112
18113
18114
18115
18116
18117
18118
18119
18120
18121
18122
18123
18124
18125
18126
18127
18128
18129
18130
18131
18132
18133
18135
18136
18137
18138
18139
18140
18141
18142
18143
18144
18145
18146
18149
18152
18153
18156
18166
18173
18174
18175
18176
18177
18178
18179
18180
18181
18182
18183
18185
18186
18191
18196
18198
18199
18200
18201
18202
18203
18204
18205
18206
18207
18208
18210
18212
18213
18215
18216
18217
18218
18219
18220
18221
18222
18223
18224
18225
18227
18230
18235
18237
18240
18241
18243
18247
18250
18260
18261
18262
18263
18270
18274
18275
18283
18284
18286
18293
18294
18296
18298
18307
18309
18311
18318
18319
18320
18321
18322
18323
18328
18332
18334
18341
18342
18344
18349
18350
18351
18352
18355
18358
18365
18366
18368
18375
18381
18397
18401
18402
18404
18417
18419
18429
18444
18460
18476
18481
18482
18483
18487
18490
18497
18503
18504
18517
18518
18522
18542
18543
18546
18555
18557
18559
18563
18574
18578
18581
18585
18590
18595
18604
18605
18609
18612
18621
18624
18631
18644
18661
18668
18669
18677
18678
18681
18687
18690
18694
18701
18702
18703
18706
18713
18730
18737
18750
18755
18759
18764
18777
18785
18788
18790
18799
18804
18809
18813
18818
18820
18827
18845
18861
18863
18866
18868
18874
18881
18886
18888
18892
18897
18910
18920
18933
18936
18938
18947
18956
18968
18979
18980
18981
18985
18989
18992
18993
18994
19000
19002
19009
19015
19035
19095
19123
19124
19134
19136
19142
19150
19169
19181
19188
19193
19198
19203
19223
19375
19381
19383
19445
19485
19496
19498
19528
19548
19577
19671
19702
19722
19780
19828
19865
19867
19888
