7
8
9
10
11
16
17
19
23
26
29
30
34
36
39
40
48
49
53
54
55
67
68
70
72
82
83
86
90
91
92
93
94
101
103
108
111
115
117
119
122
123
127
130
131
132
136
137
142
147
152
153
156
159
167
168
181
182
183
187
198
202
204
205
206
209
210
216
217
226
230
237
239
240
248
255
258
259
262
264
270
274
278
279
280
283
288
295
297
300
302
304
308
313
321
322
323
327
334
343
344
347
349
350
353
358
362
363
374
375
378
388
389
394
402
409
410
425
427
428
429
431
432
438
450
451
457
469
490
493
508
513
519
525
526
527
535
537
538
546
553
554
555
573
584
587
590
593
598
599
601
604
607
611
612
620
625
629
635
638
640
642
651
652
658
661
663
665
666
668
670
673
679
681
683
687
692
695
696
709
714
721
727
734
736
737
738
739
743
744
746
750
754
759
765
782
783
792
796
798
799
801
802
805
806
809
811
817
819
824
825
826
827
836
838
839
844
845
846
847
850
854
860
876
877
878
882
888
895
898
902
906
917
918
920
921
922
924
927
948
950
956
961
963
973
974
984
987
991
992
999
1009
1017
1018
1019
1024
1030
1034
1041
1055
1056
1062
1071
1074
1076
1077
1083
1104
1122
1123
1129
1146
1156
1158
1161
1166
1180
1184
1190
1200
1201
1223
1224
1231
1245
1249
1253
1258
1265
1272
1274
1276
1279
1280
1286
1312
1315
1326
1327
1352
1356
1357
1369
1370
1375
1379
1389
1398
1400
1403
1406
1447
1457
1458
1463
1466
1472
1473
1474
1480
1487
1492
1497
1500
1503
1514
1524
1527
1528
1545
1549
1551
1558
1566
1567
1568
1570
1572
1579
1584
1587
1589
1599
1603
1610
1618
1620
1625
1641
1655
1668
1669
1673
1678
1688
1693
1701
1705
1716
1732
1744
1745
1756
1760
1773
1778
1788
1792
1798
1805
1808
1809
1821
1822
1830
1831
1832
1835
1850
1852
1869
1877
1889
1896
1904
1907
1910
1920
1925
1935
1937
1947
1950
1962
1966
1968
2003
2010
2011
2012
2013
2019
2020
2036
2037
2041
2049
2052
2060
2064
2070
2073
2088
2090
2097
2098
2103
2109
2124
2129
2130
2131
2140
2158
2162
2165
2189
2194
2196
2197
2201
2212
2229
2232
2254
2255
2256
2260
2269
2293
2299
2300
2310
2322
2330
2333
2337
2341
2344
2355
2359
2360
2363
2368
2369
2394
2401
2403
2419
2422
2448
2450
2460
2463
2473
2487
2489
2493
2494
2498
2506
2513
2515
2518
2529
2545
2549
2551
2553
2556
2557
2562
2567
2568
2571
2575
2576
2582
2586
2587
2593
2594
2597
2602
2605
2606
2608
2611
2615
2622
2623
2625
2627
2628
2629
2634
2640
2644
2645
2646
2647
2651
2657
2659
2660
2662
2663
2664
2665
2666
2669
2673
2674
2684
2688
2694
2698
2699
2703
2706
2713
2715
2716
2719
2720
2721
2723
2725
2728
2729
2738
2746
2747
2750
2754
2766
2777
2778
2786
2787
2807
2814
2825
2827
2829
2838
2840
2843
2850
2861
2864
2869
2871
2879
2885
2888
2893
2897
2902
2903
2904
2906
2920
2922
2924
2928
2931
2933
2937
2941
2945
2946
2952
2954
2956
2958
2970
2976
2978
2980
2988
2992
3002
3004
3007
3010
3033
3049
3053
3058
3061
3069
3072
3073
3075
3084
3086
3095
3102
3115
3121
3122
3124
3127
3131
3141
3150
3153
3156
3159
3168
3169
3174
3177
3185
3186
3188
3193
3199
3205
3206
3207
3209
3211
3214
3219
3223
3230
3232
3243
3246
3250
3263
3264
3265
3267
3270
3271
3278
3286
3287
3289
3290
3301
3308
3310
3312
3313
3314
3315
3324
3331
3332
3336
3341
3342
3343
3344
3345
3350
3361
3368
3371
3372
3373
3387
3390
3400
3402
3403
3404
3406
3413
3416
3420
3424
3430
3431
3432
3437
3450
3453
3455
3457
3459
3465
3473
3475
3479
3482
3483
3485
3486
3487
3489
3491
3496
3504
3506
3507
3512
3515
3525
3529
3533
3544
3547
3552
3559
3560
3563
3566
3568
3573
3577
3578
3590
3591
3595
3596
3597
3598
3601
3604
3607
3608
3609
3610
3612
3613
3615
3616
3617
3619
3624
3630
3642
3647
3648
3650
3651
3652
3655
3658
3660
3674
3676
3684
3689
3698
3702
3703
3704
3707
3715
3723
3727
3733
3734
3737
3758
3766
3767
3777
3785
3795
3800
3801
3802
3803
3806
3815
3817
3821
3822
3842
3849
3852
3855
3858
3860
3861
3864
3865
3866
3871
3880
3881
3887
3898
3899
3900
3913
3919
3923
3924
3932
3933
3944
3945
3947
3948
3952
3965
3968
3980
3984
3988
4001
4003
4006
4008
4016
4020
4023
4027
4033
4036
4039
4041
4050
4073
4082
4084
4087
4089
4101
4104
4106
4109
4111
4113
4118
4122
4127
4129
4131
4134
4137
4145
4149
4152
4153
4155
4159
4183
4185
4188
4190
4191
4213
4215
4216
4219
4220
4228
4235
4236
4238
4242
4250
4253
4258
4267
4269
4300
4311
4313
4316
4321
4324
4331
4358
4359
4362
4364
4370
4378
4389
4390
4391
4397
4398
4405
4408
4418
4423
4427
4434
4436
4441
4448
4454
4466
4474
4486
4490
4492
4495
4502
4510
4518
4528
4539
4555
4559
4560
4563
4574
4578
4593
4595
4596
4618
4628
4631
4632
4636
4639
4642
4647
4648
4658
4660
4676
4679
4685
4701
4703
4705
4713
4719
4726
4727
4728
4743
4746
4751
4753
4757
4766
4795
4801
4802
4806
4815
4816
4817
4821
4827
4853
4865
4869
4886
4894
4903
4909
4913
4919
4920
4929
4930
4943
4955
4961
4993
4997
4998
5006
5040
5041
5045
5048
5052
5063
5064
5082
5087
5101
5121
5124
5125
5153
5154
5156
5167
5179
5195
5199
5214
5222
5235
5244
5247
5248
5263
5264
5285
5286
5306
5310
5326
5329
5330
5338
5356
5358
5361
5367
5373
5382
5387
5388
5390
5403
5408
5421
5428
5438
5443
5449
5450
5458
5460
5461
5464
5472
5474
5477
5491
5497
5504
5511
5515
5516
5517
5521
5537
5546
5550
5551
5560
5565
5572
5573
5579
5580
5590
5591
5592
5598
5603
5606
5608
5614
5621
5631
5638
5645
5649
5650
5660
5664
5675
5679
5681
5690
5692
5705
5719
5730
5734
5738
5742
5746
5754
5764
5768
5773
5792
5797
5804
5810
5816
5817
5833
5836
5837
5843
5847
5848
5850
5853
5855
5867
5868
5869
5883
5894
5898
5903
5906
5913
5922
5927
5931
5932
5946
5947
5948
5952
5953
5973
5987
5993
6000
6015
6022
6036
6039
6045
6048
6056
6057
6058
6067
6073
6080
6092
6093
6094
6104
6107
6125
6142
6143
6146
6150
6157
6161
6166
6182
6183
6184
6186
6206
6213
6214
6215
6218
6219
6223
6230
6235
6239
6241
6253
6267
6272
6274
6276
6309
6315
6322
6324
6328
6331
6340
6353
6361
6371
6389
6393
6396
6410
6412
6413
6415
6418
6419
6450
6453
6455
6457
6461
6462
6465
6468
6487
6495
6507
6529
6532
6535
6540
6548
6557
6564
6571
6577
6584
6585
6589
6597
6612
6621
6632
6649
6653
6675
6698
6701
6702
6703
6713
6731
6738
6741
6751
6757
6762
6767
6773
6787
6792
6796
6800
6802
6807
6814
6818
6819
6833
6836
6866
6869
6879
6883
6884
6910
6913
6915
6926
6934
6935
6951
6955
6967
6969
6970
6973
6994
7004
7005
7020
7027
7038
7049
7050
7052
7053
7086
7089
7104
7111
7122
7127
7131
7140
7143
7154
7167
7174
7175
7178
7194
7203
7211
7221
7222
7225
7226
7230
7231
7232
7235
7245
7256
7268
7273
7279
7285
7293
7299
7323
7325
7328
7344
7345
7358
7360
7382
7398
7402
7412
7441
7449
7472
7478
7494
7501
7503
7508
7514
7515
7517
7538
7539
7552
7555
7557
7562
7571
7572
7575
7576
7578
7585
7588
7608
7611
7614
7630
7641
7643
7645
7646
7657
7664
7666
7684
7686
7687
7691
7692
7706
7714
7724
7741
7759
7760
7761
7767
7775
7779
7784
7804
7806
7807
7810
7822
7827
7837
7842
7850
7851
7856
7863
7867
7869
7873
7874
7877
7880
7886
7887
7907
7909
7910
7914
7925
7930
7955
7956
7960
7968
7970
7976
7980
7981
7984
7993
7994
8041
8043
8045
8047
8049
8051
8054
8064
8066
8078
8086
8088
8089
8099
8100
8149
8153
8161
8167
8181
8186
8194
8195
8200
8223
8227
8228
8232
8236
8238
8243
8245
8249
8251
8261
8265
8270
8271
8276
8277
8281
8287
8314
8315
8323
8330
8342
8343
8347
8349
8350
8354
8358
8370
8373
8378
8379
8382
8394
8403
8405
8412
8417
8423
8424
8449
8455
8460
8469
8472
8475
8481
8490
8501
8506
8514
8533
8572
8590
8609
8629
8635
8652
8660
8667
8684
8705
8711
8732
8733
8737
8741
8753
8758
8760
8764
8769
8772
8785
8796
8797
8798
8799
8803
8816
8824
8828
8837
8847
8849
8852
8856
8866
8873
8875
8878
8889
8904
8914
8917
8920
8922
8927
8928
8942
8955
8970
8973
8977
8988
8989
8998
8999
9006
9007
9008
9013
9016
9021
9037
9049
9056
9057
9066
9081
9085
9086
9092
9096
9102
9106
9109
9110
9117
9128
9131
9139
9152
9157
9175
9184
9207
9217
9223
9231
9238
9243
9248
9252
9257
9258
9265
9268
9269
9272
9281
9283
9284
9287
9295
9303
9311
9325
9338
9348
9351
9352
9378
9384
9391
9393
9417
9426
9441
9445
9446
9447
9450
9455
9460
9476
9477
9498
9511
9518
9530
9542
9543
9544
9549
9550
9556
9561
9564
9565
9569
9571
9575
9577
9594
9603
9606
9609
9615
9617
9619
9625
9628
9661
9672
9681
9682
9694
9695
9706
9717
9721
9733
9752
9753
9759
9778
9794
9802
9810
9822
9835
9846
9850
9860
9876
9884
9886
9899
9904
9907
9909
9911
9921
9941
9942
9951
9954
9975
9990
10009
10034
10039
10044
10047
10051
10056
10063
10075
10096
10100
10102
10106
10154
10155
10159
10161
10180
10190
10192
10212
10214
10225
10227
10232
10245
10258
10307
10309
10332
10342
10354
10365
10384
10395
10404
10413
10428
10441
10450
10483
10486
10495
10501
10510
10511
10532
10543
10573
10576
10583
10585
10591
10599
10613
10640
10648
10674
10691
10720
10731
10743
10771
10775
10776
10785
10790
10799
10814
10833
10839
10849
10889
10896
10900
10942
10979
10988
10994
11016
11040
11045
11046
11064
11089
11090
11101
11153
11157
11181
11212
11227
11238
11299
11301
11307
11316
11320
11321
11353
11386
11404
11405
11406
11411
11414
11460
11464
11476
11480
11512
11515
11538
11545
11568
11583
11585
11596
11619
11630
11660
11701
11715
11717
11719
11750
11826
11829
11863
11918
11940
11942
11948
11963
12066
12081
12111
12123
12126
12137
12139
12150
12164
12195
12218
12225
12234
12247
12263
12287
12302
12321
12323
12346
12349
12520
12532
12534
12538
12554
12555
12566
12585
12587
12653
12680
12705
12706
12716
12721
12798
12857
12858
12914
12915
12927
12958
12965
12969
13039
13070
13088
13113
13134
13163
13231
13239
13248
13255
13290
13291
13327
13349
13354
13400
13427
13431
13432
13455
13483
13496
13511
13514
13567
13568
13572
13581
13584
13597
13599
13630
13647
13655
13656
13661
13674
13685
13690
13691
13695
13708
13713
13714
13718
13741
13767
13813
13837
13848
13854
13868
13920
13997
14054
14070
14117
14124
14157
14165
14168
14174
14239
14266
14280
14309
14312
14335
14379
14383
14419
14451
14529
14552
14594
14619
14626
14648
14664
14669
14675
14677
14697
14734
14736
14746
14747
14753
14766
14792
14796
14808
14812
14819
14848
14880
14903
14904
14933
14968
14971
14980
14982
14983
15003
15010
15072
15087
15163
15180
15182
15188
15191
15195
15218
15249
15298
15319
15337
15346
15347
15373
15404
15436
15463
15478
15503
15525
15556
15570
15597
15645
15650
15668
15677
15691
15714
15717
15746
15881
15916
15947
16019
16035
16078
16089
16116
16153
16162
16199
16215
16227
16290
16384
16429
16510
16522
16524
16578
16596
16605
16609
16700
16753
16792
16804
16818
16830
16832
16952
17264
17268
17271
17273
17280
17283
17430
17440
17461
17480
17487
17515
17565
17751
17779
17792
17798
17821
18017
18053
18062
18063
18106
18108
18110
18119
18122
18123
18128
18130
18135
18137
18139
18143
18144
18156
18168
18179
18181
18184
18186
18196
18208
18219
18223
18230
18251
18259
18261
18270
18295
18307
18316
18321
18354
18420
18454
18482
18515
18526
18542
18556
18601
18704
18708
18794
18799
18815
18823
18829
18914
18943
18969
19100
19116
19147
19293
19552
19638
19747
19778
19915
