7
8
10
11
15
16
17
19
23
26
30
34
36
39
48
49
53
54
56
67
68
70
86
89
90
91
92
93
94
101
103
108
111
114
115
117
123
125
127
130
131
132
136
137
147
152
153
159
166
167
180
181
182
183
187
198
204
205
206
209
210
211
216
217
226
230
236
237
239
240
248
255
259
262
264
270
274
278
279
280
283
288
295
297
300
302
304
308
313
321
322
323
344
347
349
350
358
362
363
368
370
374
375
378
386
389
394
409
410
427
428
429
431
432
438
451
457
469
475
490
493
508
513
519
525
526
527
538
553
554
555
587
593
595
598
599
601
604
607
611
612
625
629
635
642
652
658
661
663
665
668
670
673
675
678
679
681
683
687
695
709
714
721
727
734
736
737
739
743
746
750
759
765
782
783
798
799
801
805
806
809
811
815
817
819
822
824
825
826
827
832
836
838
839
844
845
846
847
850
853
854
860
865
876
877
883
884
888
895
898
902
918
924
943
948
956
958
961
963
967
971
973
974
984
987
992
999
1017
1018
1019
1024
1029
1030
1031
1034
1041
1055
1056
1062
1071
1074
1076
1077
1083
1084
1104
1122
1124
1126
1129
1146
1156
1158
1161
1169
1180
1184
1190
1198
1201
1213
1223
1231
1248
1249
1253
1258
1274
1276
1279
1286
1312
1315
1319
1321
1326
1327
1356
1369
1370
1375
1398
1403
1406
1451
1457
1458
1463
1472
1474
1480
1497
1503
1514
1516
1527
1528
1529
1545
1549
1551
1558
1567
1568
1570
1587
1599
1603
1607
1610
1618
1620
1625
1641
1655
1669
1671
1688
1705
1716
1732
1733
1744
1745
1760
1773
1778
1792
1798
1799
1805
1808
1809
1821
1822
1830
1832
1850
1869
1889
1896
1901
1904
1907
1910
1920
1922
1925
1947
1950
1958
1966
1968
2003
2012
2013
2019
2036
2037
2052
2064
2073
2088
2097
2098
2099
2103
2109
2116
2124
2129
2130
2131
2158
2162
2165
2185
2188
2194
2197
2212
2229
2254
2255
2256
2257
2260
2269
2299
2322
2337
2359
2360
2363
2368
2369
2393
2394
2401
2408
2419
2422
2436
2450
2460
2487
2489
2493
2494
2498
2506
2513
2518
2529
2539
2545
2549
2551
2556
2562
2567
2568
2571
2575
2582
2587
2590
2593
2594
2602
2603
2605
2606
2611
2622
2623
2625
2628
2629
2634
2640
2643
2644
2645
2646
2647
2657
2658
2659
2660
2662
2663
2664
2665
2666
2669
2670
2674
2676
2684
2688
2696
2698
2699
2705
2713
2716
2719
2721
2723
2729
2738
2746
2750
2761
2766
2769
2777
2778
2786
2787
2796
2805
2807
2814
2825
2827
2832
2838
2840
2842
2843
2850
2852
2861
2864
2869
2871
2885
2888
2893
2895
2902
2903
2904
2920
2924
2928
2931
2933
2937
2941
2945
2952
2958
2970
2974
2976
2978
2980
2988
2989
2992
3002
3010
3037
3049
3053
3058
3061
3069
3072
3073
3080
3084
3086
3095
3115
3124
3126
3127
3131
3141
3150
3152
3153
3156
3158
3159
3168
3171
3174
3177
3183
3186
3188
3193
3206
3214
3217
3223
3230
3232
3243
3250
3263
3264
3265
3267
3269
3271
3279
3285
3287
3289
3290
3301
3308
3310
3312
3313
3314
3315
3324
3331
3332
3336
3341
3342
3343
3344
3345
3350
3352
3359
3361
3371
3372
3373
3383
3387
3390
3397
3400
3403
3404
3406
3416
3422
3424
3430
3431
3453
3455
3457
3459
3465
3470
3473
3475
3479
3482
3483
3485
3486
3487
3491
3496
3507
3515
3525
3533
3544
3547
3552
3553
3556
3559
3563
3568
3573
3578
3590
3591
3595
3596
3598
3599
3601
3604
3605
3609
3610
3612
3613
3615
3616
3624
3625
3630
3642
3647
3652
3658
3660
3674
3687
3689
3693
3698
3702
3703
3704
3708
3713
3715
3733
3734
3753
3758
3766
3777
3795
3799
3800
3801
3802
3803
3806
3815
3817
3821
3842
3849
3852
3858
3860
3864
3865
3866
3870
3871
3880
3881
3887
3897
3898
3899
3900
3913
3919
3924
3932
3933
3944
3945
3947
3948
3952
3959
3965
3968
3984
4001
4003
4006
4016
4020
4023
4027
4036
4039
4041
4045
4049
4050
4073
4082
4084
4087
4089
4101
4104
4109
4111
4113
4122
4129
4131
4134
4137
4145
4149
4152
4153
4159
4183
4185
4190
4191
4215
4216
4219
4220
4228
4235
4236
4242
4250
4253
4258
4265
4269
4276
4290
4291
4300
4302
4313
4324
4331
4353
4358
4362
4378
4389
4390
4391
4398
4405
4408
4418
4423
4427
4434
4436
4448
4456
4466
4474
4490
4495
4502
4510
4528
4555
4559
4560
4571
4574
4593
4595
4618
4631
4632
4645
4648
4658
4659
4660
4676
4679
4685
4699
4701
4703
4705
4711
4713
4719
4726
4728
4753
4757
4765
4766
4795
4802
4806
4810
4815
4816
4817
4821
4827
4839
4853
4865
4878
4886
4887
4913
4914
4919
4920
4955
4961
4981
4993
4996
4997
4998
5006
5013
5037
5040
5041
5045
5048
5063
5064
5082
5084
5087
5088
5089
5101
5114
5121
5124
5125
5153
5167
5179
5195
5199
5201
5222
5235
5244
5248
5251
5263
5285
5326
5340
5358
5361
5367
5369
5373
5382
5390
5403
5408
5438
5449
5450
5460
5461
5472
5477
5491
5497
5504
5513
5515
5516
5517
5521
5546
5550
5551
5560
5562
5565
5572
5573
5580
5581
5592
5606
5608
5614
5621
5645
5649
5660
5664
5679
5681
5697
5705
5719
5730
5734
5738
5764
5768
5773
5792
5804
5810
5816
5817
5833
5834
5836
5844
5847
5850
5855
5867
5868
5869
5894
5898
5901
5903
5906
5917
5918
5927
5931
5932
5946
5947
5948
5952
5953
5961
5987
5993
5997
6000
6015
6022
6039
6045
6048
6056
6067
6073
6080
6092
6093
6094
6104
6113
6125
6142
6143
6146
6150
6157
6161
6166
6183
6184
6186
6206
6212
6213
6215
6218
6223
6230
6235
6239
6253
6267
6272
6273
6282
6285
6298
6309
6324
6331
6340
6352
6353
6357
6361
6371
6389
6393
6396
6413
6418
6419
6453
6455
6457
6461
6462
6466
6468
6487
6495
6507
6529
6534
6535
6540
6548
6564
6571
6577
6585
6589
6621
6628
6632
6634
6649
6653
6675
6698
6700
6701
6703
6711
6713
6738
6741
6751
6757
6762
6767
6773
6792
6800
6802
6807
6810
6814
6818
6833
6864
6866
6869
6879
6883
6884
6910
6913
6915
6926
6935
6955
6967
6969
6970
6973
6994
7004
7005
7020
7027
7037
7038
7048
7049
7050
7052
7089
7104
7118
7122
7143
7154
7167
7174
7176
7178
7194
7203
7221
7222
7225
7226
7231
7232
7235
7245
7253
7256
7268
7273
7279
7285
7293
7323
7325
7328
7344
7345
7358
7360
7398
7420
7441
7449
7452
7472
7478
7494
7501
7503
7508
7517
7538
7539
7551
7552
7555
7562
7569
7571
7572
7575
7576
7585
7588
7608
7611
7614
7615
7633
7641
7645
7646
7664
7666
7686
7687
7691
7692
7706
7719
7724
7741
7759
7761
7768
7770
7775
7779
7784
7804
7806
7807
7810
7822
7837
7852
7856
7863
7867
7877
7880
7886
7910
7925
7930
7935
7955
7956
7960
7964
7968
7970
7980
7981
7984
7993
8041
8043
8047
8051
8054
8064
8066
8078
8079
8081
8088
8089
8099
8100
8149
8150
8153
8161
8170
8181
8194
8200
8223
8227
8228
8232
8234
8243
8245
8249
8250
8261
8265
8276
8277
8281
8315
8324
8330
8342
8343
8346
8347
8348
8349
8350
8358
8370
8378
8382
8394
8400
8403
8405
8412
8417
8423
8449
8455
8460
8471
8472
8475
8481
8501
8506
8514
8516
8533
8572
8590
8591
8612
8629
8635
8652
8660
8667
8684
8705
8711
8733
8737
8741
8753
8758
8760
8764
8769
8785
8796
8798
8799
8803
8824
8828
8837
8847
8849
8852
8866
8873
8878
8889
8904
8914
8917
8920
8927
8928
8944
8955
8970
8973
8977
8989
8991
8998
8999
9007
9008
9013
9016
9037
9053
9066
9079
9081
9092
9096
9102
9110
9128
9131
9152
9157
9175
9184
9207
9231
9238
9242
9248
9252
9257
9258
9265
9268
9269
9277
9281
9282
9284
9286
9287
9289
9295
9303
9311
9338
9351
9355
9371
9378
9384
9390
9391
9417
9426
9431
9441
9445
9446
9447
9455
9476
9477
9501
9511
9530
9542
9543
9549
9550
9556
9561
9564
9569
9594
9603
9606
9609
9615
9617
9619
9628
9672
9681
9682
9695
9706
9717
9721
9752
9753
9759
9778
9802
9810
9819
9822
9835
9846
9847
9850
9860
9876
9884
9886
9899
9904
9907
9909
9911
9921
9941
9942
9951
9953
9954
9975
10009
10034
10039
10044
10056
10063
10075
10100
10102
10106
10127
10154
10155
10159
10161
10180
10185
10190
10212
10214
10225
10227
10232
10258
10307
10309
10332
10342
10365
10381
10395
10404
10413
10450
10483
10486
10495
10511
10543
10576
10583
10591
10599
10613
10617
10640
10648
10674
10691
10720
10731
10743
10759
10771
10779
10814
10833
10839
10889
10896
10900
10979
10988
10994
11016
11040
11044
11045
11046
11064
11089
11090
11153
11157
11159
11212
11227
11238
11299
11307
11320
11321
11342
11353
11380
11386
11404
11405
11406
11411
11413
11414
11417
11421
11460
11464
11476
11480
11512
11515
11583
11596
11630
11701
11715
11750
11918
11940
11948
11963
12066
12123
12126
12137
12150
12164
12180
12195
12218
12225
12234
12247
12262
12302
12321
12349
12356
12518
12520
12532
12534
12554
12555
12585
12587
12665
12676
12677
12687
12705
12706
12716
12798
12801
12858
12880
12898
12914
12915
12927
12958
12965
12969
13028
13039
13070
13113
13131
13134
13163
13231
13248
13255
13327
13354
13400
13427
13431
13432
13455
13483
13496
13514
13572
13581
13584
13599
13630
13647
13656
13661
13674
13685
13689
13690
13691
13695
13708
13713
13714
13741
13767
13813
13837
13848
13920
13997
14070
14117
14157
14168
14239
14280
14312
14335
14379
14419
14447
14451
14529
14552
14594
14619
14626
14648
14664
14675
14677
14697
14734
14736
14745
14747
14753
14765
14766
14792
14796
14808
14812
14819
14880
14903
14904
14950
14971
14980
14982
15000
15003
15087
15137
15163
15191
15229
15298
15300
15307
15319
15337
15346
15347
15373
15436
15463
15478
15503
15525
15556
15570
15645
15668
15677
15714
15717
15746
15881
15942
15947
16019
16035
16089
16116
16153
16162
16199
16227
16377
16384
16393
16429
16510
16524
16568
16596
16605
16753
16758
16792
16830
16832
17123
17144
17268
17280
17430
17440
17480
17487
17493
17515
17565
17751
17792
17798
17821
18017
18053
18062
18063
18106
18108
18119
18122
18123
18125
18128
18137
18139
18144
18156
18168
18179
18184
18196
18219
18223
18230
18259
18261
18270
18295
18307
18316
18321
18354
18397
18482
18556
18601
18704
18708
18799
18830
18943
18969
19100
19116
19147
19409
19552
19638
19747
19778
19915
