1
4
7
8
9
10
11
12
16
17
20
21
23
24
26
29
30
34
35
36
39
41
42
48
50
51
54
57
58
60
62
64
67
68
70
72
74
75
76
77
83
84
85
86
87
89
90
91
93
95
97
98
99
101
107
108
109
110
111
112
115
118
119
120
122
123
125
129
130
131
132
133
135
136
137
138
140
141
142
143
147
150
152
155
162
163
165
166
167
168
169
170
171
172
173
178
181
182
188
189
190
193
197
199
200
204
205
206
210
211
212
213
215
217
218
221
222
226
230
233
234
237
239
240
242
243
248
254
258
262
263
264
265
271
275
276
278
280
282
283
285
287
288
289
295
296
297
298
299
301
303
304
307
309
310
312
313
315
318
321
322
323
324
325
327
330
337
338
340
343
344
345
349
350
351
352
356
357
360
362
363
371
373
376
377
379
384
387
388
389
393
394
398
399
402
405
409
410
411
413
419
423
424
425
427
428
431
432
433
437
438
439
441
445
448
449
450
451
453
454
455
459
463
469
470
471
474
475
477
480
481
483
486
487
492
493
494
500
501
503
504
505
508
510
511
513
515
517
518
522
524
525
527
529
533
536
539
541
542
544
546
549
551
552
553
554
555
556
559
561
564
566
567
573
576
580
581
582
588
590
591
595
596
597
599
601
602
604
615
618
619
620
622
628
631
635
636
637
640
645
646
647
648
650
651
652
658
659
661
665
666
670
672
673
674
679
680
681
682
687
689
692
693
694
698
699
701
704
705
708
710
713
718
719
722
724
725
728
731
732
734
736
738
739
749
751
754
755
757
759
760
763
765
767
768
769
772
773
774
779
780
781
782
785
788
789
792
793
794
795
796
798
799
801
804
805
806
809
811
815
816
817
819
821
824
825
826
827
832
846
848
850
852
854
855
857
859
865
867
869
870
873
874
875
878
879
880
881
884
886
888
889
895
898
901
903
904
905
906
908
919
920
921
922
923
928
929
935
936
938
943
944
947
948
950
954
955
963
965
968
973
974
976
977
978
980
983
989
990
991
999
1005
1011
1013
1016
1024
1025
1027
1028
1029
1030
1034
1041
1043
1048
1056
1057
1062
1066
1069
1071
1074
1076
1077
1082
1083
1084
1085
1086
1089
1091
1092
1094
1097
1098
1099
1104
1105
1106
1109
1123
1124
1129
1131
1133
1134
1137
1139
1141
1143
1145
1148
1150
1156
1158
1159
1161
1162
1165
1166
1167
1178
1179
1181
1184
1185
1186
1187
1190
1194
1196
1198
1200
1206
1208
1209
1211
1213
1216
1217
1219
1222
1223
1229
1230
1231
1232
1237
1242
1244
1245
1248
1249
1250
1251
1253
1262
1265
1269
1272
1274
1275
1279
1281
1286
1295
1312
1313
1319
1320
1323
1327
1328
1329
1331
1337
1345
1348
1350
1352
1356
1362
1368
1372
1375
1377
1378
1383
1389
1393
1399
1400
1402
1404
1406
1409
1410
1413
1419
1426
1427
1429
1430
1432
1433
1435
1442
1444
1447
1450
1451
1453
1455
1458
1459
1463
1464
1465
1468
1469
1470
1472
1473
1474
1479
1480
1485
1487
1490
1492
1495
1498
1503
1504
1507
1520
1527
1536
1540
1541
1543
1544
1546
1551
1552
1556
1558
1560
1563
1565
1573
1577
1579
1580
1581
1583
1587
1589
1590
1596
1599
1613
1616
1622
1625
1627
1629
1637
1638
1641
1642
1651
1654
1655
1659
1669
1670
1671
1673
1677
1678
1679
1680
1683
1695
1698
1703
1705
1711
1716
1719
1720
1722
1726
1732
1739
1740
1743
1744
1745
1746
1759
1762
1764
1766
1769
1770
1772
1773
1774
1778
1783
1788
1792
1798
1802
1803
1808
1809
1810
1811
1818
1819
1820
1823
1832
1840
1841
1850
1852
1853
1859
1864
1870
1872
1880
1881
1884
1887
1895
1900
1902
1903
1904
1910
1920
1922
1923
1925
1929
1932
1935
1939
1940
1941
1942
1947
1948
1950
1951
1953
1957
1959
1960
1962
1969
1972
1973
1977
1979
1982
1985
1987
1989
1991
1998
2001
2008
2009
2015
2017
2019
2022
2025
2028
2030
2035
2038
2039
2041
2043
2046
2052
2055
2057
2064
2067
2069
2070
2076
2088
2089
2092
2098
2099
2100
2103
2109
2114
2124
2130
2132
2133
2141
2146
2150
2155
2157
2160
2165
2166
2167
2168
2169
2176
2179
2191
2194
2196
2197
2199
2200
2201
2202
2205
2207
2210
2219
2227
2229
2232
2234
2246
2248
2249
2251
2252
2254
2256
2260
2268
2270
2281
2284
2300
2301
2307
2315
2321
2322
2327
2335
2344
2354
2355
2359
2363
2364
2366
2369
2376
2377
2380
2381
2385
2386
2394
2403
2406
2407
2408
2417
2418
2423
2427
2429
2432
2434
2435
2436
2444
2446
2448
2450
2455
2456
2460
2463
2464
2473
2477
2487
2489
2491
2493
2494
2495
2498
2501
2503
2508
2515
2517
2518
2521
2524
2525
2528
2531
2536
2537
2539
2545
2549
2552
2554
2557
2559
2561
2562
2566
2567
2568
2571
2581
2582
2583
2587
2593
2595
2596
2599
2600
2601
2608
2610
2615
2616
2622
2623
2624
2625
2628
2634
2641
2642
2643
2644
2645
2646
2647
2648
2650
2651
2656
2657
2659
2660
2661
2662
2666
2667
2669
2670
2671
2674
2676
2677
2678
2680
2682
2688
2689
2691
2693
2694
2696
2702
2703
2706
2709
2710
2713
2715
2717
2720
2724
2725
2726
2727
2728
2729
2732
2733
2737
2738
2739
2741
2742
2743
2746
2747
2755
2756
2757
2758
2759
2761
2762
2763
2764
2765
2766
2769
2770
2771
2772
2773
2774
2775
2777
2778
2779
2781
2783
2786
2787
2790
2792
2799
2800
2807
2808
2809
2811
2814
2823
2826
2830
2832
2833
2837
2839
2840
2841
2845
2846
2848
2850
2851
2852
2853
2854
2856
2857
2859
2860
2861
2862
2863
2864
2865
2867
2868
2871
2872
2873
2876
2881
2885
2886
2887
2893
2894
2896
2899
2901
2902
2906
2907
2908
2913
2919
2921
2922
2928
2938
2939
2942
2943
2945
2950
2952
2953
2954
2958
2961
2962
2965
2967
2970
2971
2973
2976
2979
2980
2983
2987
2992
2994
2997
2999
3001
3003
3004
3007
3008
3011
3016
3017
3020
3023
3029
3031
3033
3034
3037
3038
3044
3046
3050
3053
3056
3058
3059
3060
3061
3065
3068
3069
3072
3075
3078
3079
3083
3084
3087
3088
3092
3094
3095
3097
3098
3099
3100
3111
3112
3113
3115
3117
3119
3120
3124
3127
3128
3130
3133
3134
3139
3141
3142
3146
3149
3150
3152
3154
3155
3156
3157
3158
3160
3161
3162
3163
3164
3165
3168
3171
3176
3183
3187
3191
3192
3205
3206
3207
3210
3213
3214
3217
3219
3223
3226
3232
3233
3234
3237
3239
3242
3248
3250
3256
3257
3261
3262
3264
3265
3267
3269
3270
3271
3275
3278
3281
3285
3286
3288
3290
3292
3296
3298
3305
3311
3313
3314
3315
3316
3317
3318
3319
3322
3325
3327
3328
3331
3334
3337
3340
3343
3346
3347
3348
3354
3357
3361
3367
3369
3371
3373
3379
3380
3383
3385
3388
3393
3398
3402
3403
3404
3405
3407
3410
3413
3416
3417
3424
3426
3429
3430
3432
3433
3434
3435
3437
3439
3443
3450
3452
3453
3454
3457
3459
3461
3462
3463
3464
3465
3466
3467
3470
3471
3473
3475
3478
3479
3480
3483
3484
3487
3489
3495
3496
3503
3504
3506
3507
3509
3512
3520
3521
3522
3523
3525
3526
3527
3529
3532
3533
3538
3539
3542
3543
3544
3545
3547
3548
3550
3552
3553
3554
3556
3557
3559
3560
3565
3570
3574
3576
3577
3578
3580
3581
3582
3583
3584
3585
3589
3590
3594
3596
3598
3599
3601
3604
3605
3608
3609
3611
3612
3618
3619
3620
3623
3624
3625
3626
3632
3639
3641
3643
3646
3648
3650
3651
3655
3658
3660
3661
3665
3672
3673
3675
3676
3677
3680
3683
3686
3692
3693
3695
3698
3699
3700
3701
3702
3703
3704
3705
3707
3708
3709
3711
3713
3714
3721
3729
3730
3731
3732
3734
3735
3739
3742
3743
3751
3752
3756
3759
3760
3764
3766
3767
3770
3774
3776
3777
3780
3782
3786
3791
3795
3797
3799
3800
3801
3802
3813
3814
3815
3818
3819
3820
3821
3823
3824
3828
3829
3831
3836
3839
3840
3844
3845
3846
3851
3852
3854
3857
3862
3864
3866
3869
3870
3871
3873
3885
3886
3887
3890
3892
3894
3897
3898
3899
3901
3902
3909
3913
3914
3919
3921
3922
3923
3924
3927
3930
3931
3935
3941
3943
3944
3947
3950
3954
3955
3956
3957
3958
3962
3963
3967
3968
3971
3979
3990
3993
3995
3997
4001
4005
4006
4009
4012
4013
4017
4020
4023
4024
4030
4032
4033
4036
4039
4042
4052
4056
4066
4067
4071
4080
4082
4087
4090
4091
4096
4098
4103
4106
4109
4111
4118
4119
4122
4127
4128
4129
4131
4134
4136
4146
4147
4148
4149
4151
4153
4155
4159
4160
4164
4170
4179
4186
4190
4191
4192
4193
4198
4205
4209
4212
4215
4219
4220
4223
4228
4229
4231
4234
4241
4244
4249
4250
4251
4253
4256
4258
4269
4274
4275
4276
4281
4284
4291
4293
4298
4300
4303
4308
4309
4311
4313
4316
4321
4322
4328
4334
4335
4336
4340
4341
4345
4347
4348
4353
4355
4364
4366
4368
4371
4375
4382
4383
4384
4388
4389
4390
4391
4392
4396
4398
4401
4403
4407
4413
4415
4418
4430
4432
4439
4441
4443
4453
4454
4456
4462
4470
4474
4478
4479
4480
4486
4487
4490
4491
4492
4495
4497
4500
4502
4513
4514
4523
4529
4532
4533
4537
4543
4544
4546
4549
4555
4559
4562
4566
4571
4575
4577
4582
4586
4593
4595
4598
4600
4614
4615
4618
4619
4622
4625
4626
4630
4632
4634
4635
4636
4638
4639
4651
4657
4660
4666
4676
4690
4691
4693
4696
4702
4704
4707
4710
4716
4725
4726
4728
4734
4745
4748
4753
4755
4757
4761
4763
4765
4766
4774
4787
4790
4799
4803
4807
4809
4813
4815
4816
4817
4820
4827
4830
4833
4835
4836
4842
4846
4847
4851
4859
4860
4869
4872
4873
4881
4882
4884
4891
4894
4895
4900
4910
4912
4917
4918
4919
4920
4924
4925
4927
4930
4938
4942
4943
4944
4946
4951
4952
4953
4955
4957
4959
4962
4963
4965
4968
4969
4970
4976
4979
4983
4986
4993
4994
4996
4997
5002
5005
5007
5011
5013
5021
5022
5029
5033
5036
5040
5042
5051
5052
5056
5064
5068
5071
5073
5074
5075
5081
5082
5087
5089
5090
5096
5097
5099
5102
5103
5105
5110
5112
5116
5119
5121
5124
5125
5127
5144
5147
5151
5152
5153
5154
5156
5160
5162
5167
5168
5169
5170
5172
5176
5179
5184
5189
5193
5195
5204
5218
5220
5222
5227
5229
5235
5237
5243
5247
5252
5258
5261
5262
5265
5268
5272
5273
5274
5275
5276
5282
5287
5288
5300
5301
5306
5309
5310
5316
5321
5323
5324
5325
5326
5327
5330
5331
5332
5339
5340
5348
5352
5356
5359
5361
5362
5365
5366
5367
5369
5370
5376
5377
5378
5380
5382
5385
5387
5388
5392
5397
5403
5408
5417
5418
5421
5425
5428
5431
5432
5433
5437
5438
5441
5442
5446
5449
5464
5466
5470
5471
5472
5475
5481
5484
5489
5491
5497
5504
5507
5511
5515
5519
5521
5523
5529
5532
5533
5536
5540
5546
5549
5550
5560
5563
5564
5565
5566
5567
5570
5571
5574
5580
5581
5583
5587
5588
5589
5590
5591
5592
5593
5594
5598
5599
5602
5605
5606
5616
5620
5621
5625
5626
5629
5631
5633
5638
5640
5645
5647
5653
5654
5655
5658
5660
5666
5668
5674
5675
5676
5681
5683
5694
5702
5706
5707
5708
5712
5721
5722
5724
5726
5728
5731
5734
5736
5740
5743
5747
5750
5755
5760
5764
5765
5768
5770
5773
5776
5778
5785
5790
5791
5793
5798
5799
5804
5805
5806
5810
5812
5816
5817
5829
5831
5834
5835
5836
5837
5840
5850
5851
5854
5858
5859
5864
5865
5871
5875
5876
5877
5880
5883
5884
5888
5890
5894
5896
5897
5903
5908
5911
5912
5918
5920
5923
5928
5929
5934
5938
5949
5952
5953
5955
5957
5959
5960
5961
5966
5967
5969
5971
5977
5981
5985
5987
5997
5999
6000
6009
6011
6015
6016
6018
6023
6027
6034
6035
6036
6037
6039
6040
6041
6042
6044
6050
6053
6059
6061
6063
6066
6067
6072
6073
6074
6087
6089
6092
6093
6095
6096
6103
6107
6110
6113
6114
6122
6125
6126
6133
6134
6137
6139
6142
6144
6145
6148
6150
6157
6160
6161
6172
6174
6186
6192
6196
6199
6204
6212
6213
6217
6219
6221
6222
6232
6234
6235
6240
6241
6242
6247
6249
6253
6254
6261
6267
6270
6272
6273
6277
6282
6284
6286
6291
6297
6299
6303
6306
6309
6314
6317
6321
6322
6323
6324
6329
6335
6337
6339
6349
6351
6353
6354
6355
6361
6363
6366
6368
6370
6371
6372
6373
6382
6388
6389
6390
6391
6392
6393
6397
6401
6405
6409
6412
6415
6418
6420
6424
6425
6427
6437
6444
6447
6451
6453
6455
6457
6461
6464
6469
6480
6485
6488
6489
6495
6500
6508
6513
6518
6523
6530
6531
6532
6535
6537
6542
6544
6545
6556
6558
6560
6561
6564
6576
6580
6582
6583
6584
6586
6587
6588
6589
6590
6593
6594
6596
6598
6601
6610
6612
6621
6625
6627
6628
6638
6642
6650
6652
6661
6662
6666
6667
6668
6673
6674
6675
6678
6679
6681
6687
6689
6690
6694
6697
6698
6702
6703
6704
6705
6706
6713
6718
6720
6722
6723
6728
6729
6730
6731
6750
6758
6761
6762
6767
6772
6784
6789
6790
6791
6792
6800
6801
6802
6807
6808
6810
6813
6814
6815
6818
6821
6823
6825
6830
6833
6834
6836
6840
6850
6851
6859
6863
6879
6880
6885
6886
6887
6889
6906
6907
6910
6918
6926
6933
6948
6950
6957
6962
6964
6965
6973
6977
6990
6991
6992
6993
7002
7004
7005
7010
7011
7025
7029
7034
7035
7037
7038
7041
7046
7049
7053
7056
7060
7063
7064
7068
7079
7080
7083
7089
7093
7103
7117
7118
7121
7123
7124
7126
7127
7131
7132
7133
7136
7140
7141
7148
7152
7153
7154
7159
7173
7175
7176
7177
7178
7180
7183
7189
7198
7203
7209
7211
7213
7223
7224
7225
7226
7229
7232
7235
7238
7240
7241
7242
7244
7246
7247
7256
7259
7268
7275
7283
7285
7292
7298
7303
7320
7323
7340
7352
7358
7362
7366
7369
7377
7382
7385
7391
7393
7395
7405
7406
7409
7416
7419
7420
7422
7428
7446
7447
7451
7452
7458
7460
7461
7462
7475
7476
7478
7492
7494
7496
7498
7501
7504
7505
7508
7514
7515
7517
7519
7521
7523
7525
7532
7538
7547
7551
7553
7557
7559
7562
7565
7566
7569
7570
7571
7572
7573
7578
7579
7585
7588
7589
7601
7602
7605
7608
7609
7618
7620
7622
7623
7624
7627
7628
7630
7631
7635
7638
7641
7643
7652
7657
7664
7665
7666
7670
7682
7688
7691
7692
7693
7695
7700
7701
7707
7718
7720
7722
7728
7735
7738
7744
7745
7746
7754
7757
7758
7759
7760
7761
7762
7765
7766
7768
7770
7779
7780
7785
7787
7791
7799
7804
7805
7806
7808
7816
7817
7818
7819
7827
7828
7829
7830
7837
7842
7847
7848
7849
7852
7856
7858
7862
7865
7869
7874
7878
7879
7891
7895
7905
7915
7916
7917
7926
7928
7929
7934
7935
7940
7944
7946
7950
7954
7956
7958
7960
7961
7962
7964
7970
7971
7972
7980
7981
7982
7983
7984
7987
7988
7989
7993
7994
7995
7996
7998
8003
8006
8008
8009
8013
8014
8015
8021
8041
8047
8049
8051
8053
8057
8062
8064
8065
8071
8074
8078
8079
8080
8084
8086
8088
8092
8105
8115
8118
8119
8120
8130
8133
8136
8138
8144
8145
8146
8150
8152
8153
8157
8158
8161
8164
8169
8170
8176
8185
8186
8189
8192
8205
8206
8215
8221
8227
8229
8234
8236
8239
8243
8246
8247
8253
8261
8265
8268
8276
8279
8290
8291
8308
8312
8313
8317
8318
8322
8323
8327
8330
8335
8342
8343
8345
8346
8349
8350
8354
8357
8360
8361
8365
8368
8371
8372
8377
8379
8399
8418
8424
8425
8437
8438
8441
8449
8450
8455
8458
8461
8468
8471
8472
8476
8477
8481
8486
8487
8488
8489
8491
8500
8515
8522
8525
8532
8533
8537
8547
8562
8567
8568
8569
8572
8574
8579
8586
8587
8594
8599
8600
8603
8605
8611
8612
8614
8617
8619
8625
8628
8629
8635
8638
8648
8660
8669
8684
8702
8705
8726
8732
8733
8737
8746
8750
8764
8770
8787
8792
8796
8797
8799
8800
8803
8811
8816
8818
8820
8822
8826
8827
8828
8829
8834
8835
8836
8837
8847
8849
8853
8856
8857
8858
8862
8863
8864
8865
8866
8867
8868
8870
8874
8882
8899
8902
8906
8908
8917
8923
8934
8938
8939
8960
8968
8970
8971
8973
8976
8977
8979
8980
8992
8999
9002
9006
9007
9008
9013
9017
9021
9026
9030
9034
9038
9044
9047
9052
9054
9058
9061
9064
9066
9078
9081
9083
9085
9086
9090
9091
9093
9095
9102
9105
9106
9109
9110
9111
9113
9123
9124
9130
9135
9140
9143
9153
9162
9165
9174
9177
9178
9179
9180
9189
9194
9195
9199
9207
9208
9210
9213
9214
9219
9223
9225
9229
9233
9236
9238
9242
9244
9247
9248
9252
9254
9262
9263
9268
9270
9271
9272
9273
9279
9280
9281
9282
9284
9287
9288
9291
9295
9299
9304
9305
9316
9317
9319
9325
9327
9328
9330
9337
9338
9339
9345
9348
9350
9351
9352
9359
9371
9373
9380
9383
9384
9388
9391
9403
9412
9420
9423
9426
9445
9450
9453
9460
9461
9466
9474
9476
9483
9485
9488
9494
9499
9507
9513
9514
9519
9525
9526
9529
9530
9531
9532
9533
9536
9540
9549
9552
9554
9556
9557
9560
9562
9563
9565
9571
9594
9600
9611
9612
9621
9652
9653
9654
9661
9662
9668
9670
9671
9674
9677
9681
9685
9694
9695
9701
9713
9714
9717
9718
9721
9722
9728
9748
9752
9753
9766
9768
9776
9777
9778
9787
9788
9790
9794
9802
9810
9811
9813
9823
9825
9831
9835
9849
9850
9860
9863
9868
9877
9878
9881
9886
9902
9911
9913
9920
9943
9952
9953
9970
9975
9980
9987
9994
10005
10023
10029
10032
10033
10034
10036
10038
10040
10044
10052
10056
10061
10063
10064
10065
10077
10094
10096
10120
10126
10131
10132
10139
10148
10151
10154
10155
10158
10159
10163
10170
10173
10175
10181
10186
10189
10192
10198
10201
10203
10218
10227
10235
10237
10240
10242
10245
10264
10268
10269
10275
10283
10293
10314
10316
10323
10334
10336
10339
10345
10348
10349
10354
10358
10359
10378
10382
10399
10419
10428
10434
10471
10474
10480
10482
10499
10502
10513
10539
10543
10553
10555
10560
10562
10571
10585
10595
10602
10607
10608
10610
10636
10647
10664
10669
10670
10672
10684
10692
10699
10703
10704
10709
10715
10720
10722
10724
10731
10733
10743
10745
10752
10757
10772
10774
10776
10782
10786
10788
10792
10796
10800
10806
10825
10830
10833
10838
10839
10860
10869
10881
10883
10884
10889
10893
10897
10912
10915
10928
10938
10941
10942
10944
10945
10949
10951
10960
10962
10979
10987
11005
11018
11021
11024
11032
11036
11040
11041
11042
11047
11050
11053
11066
11068
11079
11081
11082
11089
11090
11094
11131
11134
11139
11146
11153
11157
11166
11181
11193
11194
11211
11212
11218
11225
11229
11233
11241
11244
11247
11259
11270
11275
11276
11277
11285
11300
11316
11321
11323
11329
11339
11343
11351
11358
11359
11383
11386
11387
11389
11400
11401
11402
11405
11413
11414
11418
11430
11437
11439
11445
11464
11500
11503
11512
11517
11527
11533
11535
11541
11542
11545
11549
11556
11565
11566
11568
11571
11572
11573
11574
11577
11578
11590
11597
11599
11602
11609
11618
11619
11627
11631
11640
11642
11643
11650
11662
11665
11670
11685
11710
11720
11729
11745
11782
11787
11805
11818
11829
11847
11855
11860
11873
11904
11908
11910
11911
11940
11941
11948
11955
11978
11980
11982
11983
12015
12028
12043
12055
12061
12062
12081
12085
12100
12101
12103
12104
12112
12116
12117
12122
12124
12127
12129
12137
12138
12139
12144
12150
12165
12171
12172
12180
12194
12195
12197
12211
12212
12215
12225
12231
12234
12239
12241
12242
12247
12251
12252
12259
12271
12281
12289
12314
12320
12339
12353
12355
12358
12359
12367
12380
12385
12393
12395
12399
12406
12419
12428
12431
12434
12448
12459
12470
12480
12516
12523
12530
12540
12554
12562
12563
12568
12579
12583
12602
12650
12657
12658
12659
12666
12676
12677
12680
12692
12705
12707
12714
12716
12726
12741
12750
12751
12754
12767
12776
12778
12783
12791
12858
12861
12868
12873
12881
12889
12906
12911
12914
12915
12960
12963
12965
12966
12972
12986
12989
12990
12994
12995
12997
13012
13013
13017
13034
13048
13059
13068
13077
13084
13096
13098
13110
13112
13113
13130
13133
13144
13146
13150
13166
13168
13200
13203
13209
13217
13224
13239
13241
13255
13258
13263
13265
13267
13275
13276
13281
13282
13295
13296
13300
13313
13315
13317
13321
13326
13331
13343
13362
13363
13368
13369
13381
13382
13385
13400
13405
13415
13418
13419
13421
13434
13476
13491
13507
13511
13517
13518
13520
13528
13532
13535
13545
13560
13562
13574
13576
13583
13584
13587
13602
13614
13617
13623
13627
13634
13647
13652
13673
13677
13685
13688
13689
13690
13691
13692
13709
13715
13724
13735
13741
13742
13753
13769
13770
13775
13792
13795
13801
13802
13812
13813
13815
13848
13853
13856
13857
13858
13865
13875
13910
13915
13924
13926
13927
13958
13964
13975
13977
13978
13989
13997
14000
14002
14009
14033
14047
14065
14096
14111
14112
14118
14123
14133
14145
14160
14168
14173
14174
14188
14192
14193
14205
14219
14239
14244
14248
14264
14272
14312
14342
14343
14383
14386
14391
14392
14396
14412
14421
14428
14431
14447
14474
14528
14550
14557
14564
14592
14594
14602
14609
14614
14623
14638
14642
14659
14663
14664
14665
14669
14676
14700
14702
14703
14720
14726
14731
14735
14736
14740
14752
14754
14770
14780
14781
14793
14794
14798
14804
14822
14829
14843
14852
14858
14864
14870
14874
14880
14901
14910
14915
14918
14929
14932
14953
14963
15001
15005
15006
15030
15034
15051
15056
15057
15067
15071
15072
15082
15088
15089
15097
15120
15121
15153
15158
15159
15160
15170
15172
15180
15184
15191
15195
15200
15210
15216
15217
15229
15257
15273
15275
15278
15280
15292
15294
15303
15312
15318
15319
15324
15340
15355
15373
15376
15394
15395
15429
15444
15463
15478
15479
15486
15500
15525
15533
15542
15557
15559
15568
15597
15627
15634
15670
15676
15690
15691
15709
15714
15737
15742
15754
15777
15784
15811
15825
15826
15844
15847
15848
15854
15875
15881
15914
15925
15928
15932
15948
15954
15975
15981
15993
16034
16035
16041
16046
16083
16089
16112
16118
16152
16156
16159
16167
16172
16191
16201
16227
16247
16284
16296
16299
16325
16341
16356
16377
16382
16407
16409
16421
16429
16433
16450
16460
16474
16488
16494
16498
16499
16502
16504
16516
16520
16524
16525
16546
16551
16554
16567
16597
16604
16615
16623
16641
16649
16655
16705
16739
16743
16751
16758
16763
16765
16775
16808
16829
16830
16842
16915
16933
16937
16949
16984
17133
17141
17144
17153
17169
17253
17254
17256
17257
17258
17259
17266
17267
17268
17278
17286
17287
17289
17291
17297
17298
17299
17301
17303
17304
17305
17310
17325
17332
17356
17392
17419
17425
17446
17490
17515
17516
17559
17566
17588
17609
17629
17638
17651
17720
17748
17819
17820
17821
17852
17858
17882
17887
17934
17969
17972
17986
17988
18010
18051
18052
18055
18061
18065
18066
18068
18079
18096
18099
18105
18106
18107
18109
18110
18111
18112
18113
18114
18117
18119
18120
18123
18125
18126
18129
18130
18134
18136
18138
18140
18142
18144
18145
18146
18157
18163
18168
18173
18175
18179
18180
18181
18182
18184
18187
18189
18192
18193
18198
18201
18203
18204
18206
18210
18211
18213
18215
18216
18217
18221
18222
18224
18225
18228
18237
18238
18239
18242
18275
18284
18303
18304
18310
18312
18324
18325
18331
18334
18338
18339
18344
18349
18350
18351
18356
18377
18383
18391
18413
18429
18433
18448
18449
18470
18474
18521
18536
18555
18563
18565
18609
18618
18619
18628
18629
18641
18683
18687
18698
18724
18756
18804
18836
18839
18841
18876
18880
18894
18903
18911
18933
18968
18978
18981
18993
18998
19004
19006
19010
19012
19013
19047
19106
19130
19138
19147
19180
19193
19198
19222
19225
19229
19555
19590
19644
19681
19914
