8
23
39
55
67
68
108
130
137
162
170
254
262
264
282
349
371
424
425
438
457
458
468
470
471
541
550
551
581
582
590
651
652
664
678
679
736
743
751
805
864
919
920
947
1013
1055
1103
1104
1144
1161
1162
1165
1166
1220
1232
1347
1378
1409
1464
1475
1485
1644
1739
1791
1792
1920
1947
2112
2257
2277
2338
2365
2429
2489
2491
2493
2494
2517
2518
2530
2549
2582
2587
2597
2694
2700
2713
2774
2811
2939
2980
3020
3050
3132
3139
3217
3248
3250
3288
3319
3323
3350
3434
3482
3532
3552
3565
3579
3580
3581
3599
3624
3700
3718
3732
3733
3734
3743
3756
3759
3761
3816
3817
3818
3819
3820
3821
3822
3823
3844
3864
3865
3866
3867
3868
3869
3870
3886
3963
4023
4096
4101
4156
4157
4266
4270
4368
4430
4492
4625
4626
4703
4704
4705
4706
4765
4833
4842
4973
5019
5051
5082
5111
5356
5384
5480
5513
5651
5652
5840
6031
6044
6045
6078
6080
6093
6221
6300
6329
6435
6453
6464
6493
6690
6691
6779
6784
6982
7198
7375
7528
7544
7635
7636
7637
7652
7794
7816
7837
7908
7956
8014
8075
8307
8472
8600
8624
8647
8811
9066
9685
9911
10233
10892
11032
12164
12532
13630
15321
17472
18166
