0
2
3
6
7
8
9
10
11
12
13
14
15
16
17
18
19
21
22
23
26
28
29
30
31
34
35
36
38
39
40
41
42
43
44
45
46
47
48
50
52
53
54
55
56
57
58
59
60
61
62
63
64
65
66
67
68
69
70
71
72
73
74
75
76
77
78
79
81
82
83
84
85
86
87
88
89
90
91
92
93
94
97
98
99
100
101
102
103
104
106
107
108
109
110
111
112
113
114
115
116
117
118
119
120
121
122
123
124
125
126
127
128
129
130
131
132
133
134
135
136
137
138
140
141
142
145
146
147
148
149
152
153
154
155
156
157
159
160
162
163
164
165
166
167
168
169
170
171
172
173
175
176
177
178
179
180
181
182
183
185
186
187
188
189
190
191
193
194
195
196
197
198
199
200
201
203
204
205
206
207
208
209
210
211
212
213
214
215
216
217
218
219
221
222
223
224
225
226
227
228
229
230
232
233
234
236
237
238
239
240
241
242
243
244
247
248
250
251
252
253
254
255
256
257
258
259
260
261
262
263
264
265
266
267
268
269
270
271
272
273
275
276
277
278
279
280
281
282
283
284
285
286
287
288
289
290
292
293
294
295
296
297
299
300
301
302
303
304
305
306
307
308
309
310
312
313
314
315
317
320
321
322
323
325
326
327
328
329
331
333
334
335
336
338
339
340
341
342
343
344
345
346
347
348
349
350
351
352
353
354
355
356
357
358
359
360
361
362
363
365
366
368
369
370
371
372
374
375
376
377
378
379
380
383
384
385
386
387
388
389
393
394
399
400
401
402
403
404
406
407
408
409
410
411
413
414
416
417
418
419
420
421
422
423
424
425
426
427
428
430
431
432
433
434
435
436
437
438
439
440
441
442
443
444
445
446
447
448
450
451
452
453
454
455
456
457
458
459
460
463
464
467
468
469
470
471
473
474
475
476
477
479
480
481
482
483
484
486
487
488
490
491
494
495
500
501
502
503
504
505
506
508
509
510
512
513
514
516
517
518
519
520
521
522
525
526
527
528
530
531
532
534
535
536
537
538
539
540
541
542
543
544
546
547
549
550
551
552
553
554
555
556
557
558
559
561
562
563
564
565
567
568
569
570
571
572
573
574
575
576
577
579
581
582
583
585
586
587
589
590
591
592
593
594
595
596
597
598
599
600
601
603
604
605
606
607
609
610
611
612
613
615
616
617
618
619
620
622
624
625
627
628
629
631
632
633
634
635
636
637
638
639
640
641
642
644
645
646
648
649
650
651
652
653
654
656
658
659
660
661
662
663
664
665
666
667
670
671
672
673
674
675
676
677
678
679
680
681
682
683
684
685
686
687
688
689
690
691
692
693
694
695
696
697
698
699
700
701
702
703
705
706
707
708
709
710
713
717
718
719
720
721
724
725
726
727
728
729
730
731
732
733
734
735
736
737
738
739
740
741
742
743
744
745
746
747
748
749
750
751
752
753
754
755
756
757
758
759
760
763
765
767
768
769
770
771
772
773
774
775
776
777
778
779
780
781
782
783
784
787
788
789
790
792
793
795
796
797
798
799
800
801
802
803
804
805
806
807
808
809
810
811
814
815
817
818
819
820
821
822
823
824
825
826
827
829
830
831
832
834
835
836
837
838
839
840
841
843
844
845
846
848
849
850
851
853
854
855
856
857
858
859
860
862
863
864
865
867
868
869
870
871
872
873
875
876
877
878
879
880
881
882
883
884
886
887
888
889
890
891
892
894
895
897
898
900
901
902
904
905
906
908
909
912
913
917
918
919
920
921
922
923
924
925
926
927
928
929
930
931
932
934
936
937
938
939
940
941
942
943
944
945
946
947
948
949
950
952
953
954
956
957
958
960
961
963
965
966
967
968
969
970
971
972
973
974
975
976
977
978
979
980
981
982
983
984
986
987
990
992
993
995
996
998
999
1002
1003
1004
1005
1006
1007
1008
1009
1010
1011
1012
1013
1016
1018
1019
1020
1021
1022
1023
1024
1025
1028
1029
1030
1031
1033
1034
1035
1036
1037
1038
1040
1041
1042
1043
1044
1050
1051
1052
1053
1055
1056
1057
1061
1062
1063
1064
1065
1066
1067
1068
1069
1070
1071
1073
1074
1075
1076
1077
1079
1082
1083
1084
1085
1086
1088
1090
1091
1092
1094
1095
1096
1097
1098
1101
1103
1104
1105
1106
1107
1108
1109
1110
1111
1112
1113
1115
1120
1121
1122
1123
1124
1125
1126
1127
1129
1132
1133
1134
1137
1138
1139
1142
1143
1144
1145
1146
1147
1148
1149
1150
1152
1153
1155
1156
1158
1159
1161
1162
1165
1166
1167
1168
1169
1171
1176
1179
1180
1181
1182
1184
1186
1187
1189
1190
1191
1195
1196
1198
1199
1200
1201
1202
1206
1207
1208
1209
1210
1211
1212
1213
1214
1215
1218
1219
1220
1221
1222
1223
1224
1227
1228
1229
1232
1234
1235
1237
1239
1240
1242
1244
1245
1248
1250
1251
1253
1255
1256
1258
1260
1261
1264
1265
1267
1268
1269
1270
1271
1272
1273
1274
1275
1276
1278
1279
1280
1283
1286
1287
1288
1290
1291
1293
1295
1296
1297
1300
1302
1304
1306
1308
1309
1310
1311
1312
1313
1314
1315
1316
1317
1319
1320
1321
1323
1325
1327
1328
1329
1330
1331
1333
1334
1337
1338
1339
1340
1341
1344
1346
1347
1348
1349
1350
1351
1354
1355
1356
1357
1358
1359
1362
1363
1365
1366
1367
1368
1369
1370
1372
1373
1374
1375
1378
1379
1380
1383
1387
1389
1393
1396
1398
1399
1400
1402
1404
1406
1408
1410
1412
1415
1416
1418
1419
1422
1424
1427
1429
1432
1433
1434
1435
1436
1437
1440
1442
1443
1445
1446
1447
1448
1451
1454
1455
1457
1458
1459
1461
1463
1464
1465
1466
1467
1468
1469
1470
1471
1472
1473
1474
1477
1479
1480
1481
1482
1483
1484
1485
1487
1488
1489
1490
1493
1494
1495
1497
1498
1499
1500
1502
1503
1504
1505
1506
1507
1508
1509
1510
1513
1514
1516
1518
1519
1521
1522
1524
1526
1527
1528
1530
1532
1536
1538
1541
1543
1544
1545
1547
1548
1549
1552
1553
1554
1556
1558
1560
1561
1563
1565
1566
1567
1571
1572
1573
1574
1576
1579
1580
1581
1583
1584
1587
1589
1590
1591
1592
1593
1595
1596
1598
1599
1600
1601
1605
1606
1607
1610
1611
1612
1613
1616
1617
1618
1619
1620
1622
1623
1624
1625
1626
1627
1628
1629
1632
1633
1635
1636
1637
1638
1639
1640
1642
1643
1644
1645
1646
1649
1650
1651
1653
1655
1656
1658
1659
1661
1662
1664
1665
1666
1667
1668
1669
1670
1671
1673
1674
1677
1678
1679
1680
1681
1683
1686
1687
1688
1689
1690
1692
1693
1694
1695
1696
1697
1699
1700
1701
1704
1705
1707
1708
1709
1710
1711
1712
1713
1714
1716
1718
1719
1720
1721
1723
1724
1726
1728
1729
1731
1732
1733
1735
1736
1737
1739
1742
1743
1744
1745
1746
1747
1748
1749
1750
1752
1755
1757
1758
1759
1760
1761
1762
1763
1764
1766
1767
1768
1769
1770
1771
1772
1773
1774
1775
1777
1778
1781
1788
1789
1791
1792
1794
1795
1797
1798
1799
1802
1804
1805
1806
1808
1809
1811
1815
1817
1818
1819
1820
1822
1826
1828
1830
1835
1836
1838
1840
1841
1842
1843
1845
1846
1848
1850
1852
1853
1855
1856
1859
1860
1863
1867
1868
1869
1870
1873
1875
1877
1880
1881
1883
1884
1887
1890
1893
1894
1895
1897
1898
1900
1902
1903
1904
1907
1909
1911
1913
1917
1920
1922
1923
1925
1927
1929
1931
1932
1933
1935
1937
1939
1941
1942
1943
1944
1945
1947
1948
1949
1950
1951
1954
1956
1957
1958
1960
1961
1962
1969
1971
1972
1974
1977
1979
1980
1982
1983
1984
1985
1986
1988
1989
1991
1993
1994
1996
1997
1998
1999
2003
2004
2005
2006
2007
2008
2009
2010
2011
2012
2015
2016
2017
2019
2021
2022
2023
2025
2026
2027
2028
2029
2030
2031
2032
2033
2034
2036
2037
2038
2039
2041
2042
2043
2044
2046
2047
2048
2049
2050
2051
2052
2053
2054
2055
2057
2059
2062
2064
2067
2068
2070
2073
2076
2077
2079
2082
2083
2085
2086
2088
2089
2090
2092
2095
2096
2097
2098
2099
2101
2103
2104
2105
2109
2110
2112
2113
2114
2115
2118
2121
2123
2124
2125
2128
2129
2130
2132
2133
2134
2136
2138
2140
2141
2144
2146
2149
2150
2151
2152
2154
2155
2156
2157
2159
2160
2161
2162
2163
2165
2167
2168
2169
2172
2174
2175
2176
2177
2180
2183
2184
2188
2189
2190
2192
2193
2194
2195
2196
2197
2199
2200
2201
2202
2205
2209
2212
2213
2215
2219
2220
2221
2222
2223
2225
2226
2227
2228
2229
2232
2235
2237
2238
2239
2240
2242
2246
2247
2248
2249
2251
2252
2253
2254
2255
2256
2257
2260
2262
2264
2265
2266
2267
2269
2270
2271
2273
2276
2279
2281
2282
2284
2288
2289
2290
2291
2292
2293
2294
2296
2301
2302
2303
2306
2308
2310
2311
2314
2315
2316
2318
2321
2322
2323
2325
2327
2328
2330
2331
2333
2334
2335
2336
2337
2338
2341
2343
2344
2345
2346
2348
2349
2351
2354
2355
2358
2359
2360
2363
2364
2365
2366
2367
2368
2369
2371
2372
2373
2376
2377
2378
2379
2381
2385
2386
2389
2390
2392
2393
2394
2398
2399
2400
2402
2403
2404
2407
2408
2412
2416
2417
2418
2419
2420
2422
2423
2424
2429
2430
2431
2432
2434
2436
2437
2438
2440
2442
2444
2446
2448
2450
2451
2452
2453
2455
2460
2461
2463
2464
2467
2473
2477
2482
2486
2488
2489
2490
2491
2492
2493
2494
2498
2499
2501
2502
2503
2504
2505
2506
2507
2508
2509
2510
2511
2513
2515
2516
2517
2518
2521
2523
2524
2525
2526
2528
2529
2530
2531
2535
2536
2537
2538
2539
2540
2543
2544
2545
2546
2547
2548
2549
2550
2551
2552
2554
2556
2557
2558
2559
2561
2562
2563
2564
2566
2567
2568
2569
2570
2571
2572
2573
2574
2575
2576
2580
2581
2582
2583
2584
2585
2586
2587
2588
2590
2592
2593
2594
2595
2596
2597
2598
2599
2600
2601
2602
2603
2604
2605
2606
2608
2609
2610
2612
2613
2614
2615
2616
2617
2619
2620
2621
2622
2623
2624
2625
2626
2627
2628
2629
2633
2634
2635
2637
2638
2640
2641
2643
2644
2645
2646
2647
2648
2649
2650
2651
2652
2653
2655
2656
2657
2658
2659
2660
2661
2662
2663
2664
2666
2667
2669
2670
2671
2673
2674
2675
2676
2677
2678
2679
2680
2681
2682
2683
2684
2685
2686
2687
2688
2689
2690
2691
2692
2693
2694
2696
2697
2698
2700
2702
2703
2704
2705
2707
2708
2709
2710
2711
2713
2714
2715
2716
2717
2720
2721
2722
2723
2724
2725
2726
2727
2729
2732
2734
2737
2738
2739
2742
2743
2744
2745
2746
2747
2748
2749
2750
2751
2752
2753
2754
2755
2756
2757
2758
2759
2760
2761
2762
2763
2764
2765
2766
2767
2771
2772
2774
2775
2776
2777
2778
2779
2780
2781
2782
2783
2784
2786
2787
2789
2790
2791
2792
2793
2794
2795
2796
2797
2800
2802
2803
2804
2805
2807
2808
2809
2810
2811
2813
2814
2815
2816
2817
2819
2821
2822
2823
2824
2825
2826
2827
2828
2829
2830
2832
2833
2835
2836
2837
2838
2839
2840
2841
2843
2844
2845
2846
2848
2850
2851
2852
2853
2854
2855
2856
2857
2859
2860
2861
2862
2863
2864
2865
2866
2867
2868
2869
2870
2871
2873
2874
2875
2877
2878
2879
2880
2882
2884
2885
2887
2890
2893
2894
2895
2896
2897
2898
2899
2901
2902
2903
2904
2905
2906
2909
2910
2911
2912
2913
2914
2915
2916
2918
2919
2920
2921
2922
2924
2926
2927
2928
2929
2931
2932
2933
2935
2936
2937
2939
2940
2941
2942
2943
2944
2945
2947
2948
2949
2950
2951
2952
2953
2954
2955
2958
2959
2960
2961
2962
2963
2964
2965
2967
2970
2971
2973
2975
2976
2977
2978
2979
2980
2982
2983
2986
2987
2988
2989
2991
2992
2994
2996
2997
2998
2999
3000
3001
3002
3003
3004
3006
3007
3008
3009
3010
3011
3013
3016
3018
3020
3022
3024
3025
3029
3030
3032
3033
3034
3035
3037
3038
3039
3044
3046
3047
3049
3050
3051
3052
3053
3054
3055
3057
3058
3059
3060
3061
3062
3063
3064
3065
3067
3069
3071
3073
3076
3077
3078
3082
3083
3084
3085
3086
3087
3088
3090
3091
3092
3093
3094
3095
3096
3097
3098
3099
3100
3102
3105
3107
3108
3109
3110
3111
3113
3115
3116
3117
3118
3119
3120
3121
3122
3123
3124
3125
3126
3127
3128
3130
3132
3134
3135
3136
3137
3138
3139
3142
3143
3144
3145
3146
3148
3150
3151
3152
3153
3156
3157
3158
3159
3160
3161
3162
3163
3165
3166
3167
3168
3169
3170
3171
3174
3176
3177
3179
3183
3184
3185
3186
3187
3188
3189
3190
3191
3192
3193
3194
3196
3197
3199
3202
3203
3204
3205
3206
3207
3208
3209
3210
3211
3213
3214
3215
3216
3217
3218
3219
3222
3223
3224
3225
3227
3228
3230
3231
3232
3233
3234
3235
3237
3239
3240
3242
3243
3244
3248
3249
3250
3251
3253
3254
3256
3257
3258
3260
3261
3262
3264
3265
3266
3267
3269
3270
3271
3272
3275
3276
3277
3279
3280
3281
3283
3285
3287
3288
3289
3291
3292
3293
3295
3296
3297
3298
3299
3301
3304
3308
3309
3310
3311
3313
3314
3315
3316
3317
3319
3320
3321
3322
3323
3324
3325
3327
3328
3329
3330
3331
3332
3334
3336
3337
3340
3341
3343
3344
3346
3347
3348
3349
3350
3351
3352
3353
3354
3356
3357
3359
3360
3361
3362
3363
3365
3368
3369
3370
3371
3372
3373
3374
3376
3379
3380
3382
3383
3384
3385
3386
3387
3388
3390
3391
3394
3395
3396
3397
3398
3399
3401
3402
3403
3404
3405
3406
3407
3408
3409
3410
3412
3413
3415
3416
3417
3418
3419
3421
3422
3423
3424
3426
3428
3429
3430
3431
3432
3433
3434
3435
3436
3437
3440
3442
3443
3444
3446
3447
3449
3450
3451
3452
3453
3454
3455
3456
3457
3458
3459
3460
3461
3462
3463
3464
3465
3466
3467
3468
3469
3470
3471
3472
3473
3474
3475
3476
3477
3479
3480
3481
3482
3483
3484
3485
3486
3487
3488
3489
3494
3495
3497
3498
3499
3504
3505
3506
3507
3508
3509
3510
3511
3512
3513
3515
3516
3517
3518
3519
3520
3521
3522
3523
3524
3525
3526
3527
3528
3529
3530
3531
3532
3533
3534
3535
3536
3538
3539
3540
3542
3543
3544
3545
3546
3547
3548
3549
3550
3551
3552
3553
3554
3556
3557
3558
3559
3560
3562
3563
3564
3565
3566
3567
3568
3569
3570
3571
3572
3573
3574
3575
3576
3577
3578
3579
3580
3581
3582
3583
3584
3585
3586
3589
3590
3591
3592
3593
3594
3595
3596
3597
3598
3599
3600
3601
3602
3603
3604
3605
3606
3607
3608
3609
3610
3611
3612
3613
3614
3615
3616
3617
3618
3619
3620
3622
3623
3624
3625
3626
3627
3629
3630
3631
3632
3633
3634
3635
3636
3638
3639
3641
3642
3643
3644
3646
3647
3648
3650
3651
3652
3653
3654
3655
3656
3658
3660
3661
3662
3663
3664
3665
3667
3668
3672
3674
3675
3676
3677
3679
3680
3681
3682
3683
3684
3686
3687
3688
3689
3690
3691
3692
3693
3694
3695
3696
3697
3698
3699
3700
3701
3702
3703
3704
3705
3706
3707
3708
3709
3710
3711
3712
3713
3714
3715
3716
3717
3719
3720
3721
3722
3723
3724
3725
3729
3730
3731
3732
3733
3734
3735
3737
3738
3739
3740
3741
3742
3745
3746
3747
3748
3749
3751
3752
3753
3755
3756
3757
3758
3759
3760
3761
3762
3763
3764
3766
3767
3769
3770
3771
3772
3773
3774
3775
3776
3777
3778
3782
3783
3785
3786
3789
3790
3791
3793
3795
3796
3797
3798
3799
3800
3802
3803
3804
3806
3807
3808
3809
3811
3812
3813
3814
3815
3817
3818
3819
3820
3821
3822
3823
3824
3825
3826
3827
3828
3829
3830
3831
3833
3834
3836
3838
3839
3840
3841
3842
3843
3844
3845
3846
3847
3848
3849
3850
3851
3852
3853
3854
3855
3856
3857
3858
3859
3860
3861
3862
3863
3864
3865
3866
3867
3868
3869
3870
3871
3874
3878
3879
3880
3881
3886
3887
3888
3889
3890
3891
3892
3893
3894
3896
3897
3898
3899
3900
3901
3902
3904
3907
3908
3909
3910
3912
3913
3919
3920
3921
3922
3923
3924
3926
3927
3929
3930
3931
3932
3933
3934
3935
3936
3937
3938
3942
3943
3952
3953
3954
3955
3956
3957
3958
3959
3960
3961
3962
3963
3964
3965
3966
3967
3968
3974
3975
3976
3977
3979
3980
3981
3982
3983
3984
3988
3989
3993
3994
3997
3998
3999
4000
4001
4002
4005
4006
4008
4009
4010
4011
4012
4013
4014
4016
4017
4018
4019
4020
4022
4023
4024
4025
4027
4029
4030
4031
4032
4033
4034
4035
4036
4038
4039
4040
4046
4048
4050
4051
4053
4054
4055
4056
4057
4058
4059
4061
4062
4065
4066
4067
4070
4071
4072
4073
4074
4076
4077
4079
4080
4082
4083
4084
4085
4086
4087
4088
4089
4090
4092
4093
4094
4096
4097
4098
4100
4101
4102
4103
4104
4105
4106
4107
4108
4109
4110
4111
4112
4114
4116
4117
4118
4119
4120
4122
4123
4124
4125
4126
4127
4128
4129
4131
4132
4133
4134
4135
4136
4137
4138
4139
4140
4141
4142
4143
4145
4146
4147
4148
4149
4150
4153
4154
4155
4156
4157
4158
4159
4160
4161
4165
4168
4169
4171
4172
4173
4175
4176
4178
4179
4183
4184
4185
4186
4187
4188
4189
4190
4191
4192
4193
4194
4195
4196
4197
4198
4199
4200
4201
4202
4203
4204
4205
4206
4208
4210
4211
4212
4215
4216
4217
4218
4219
4220
4221
4222
4223
4225
4226
4227
4228
4229
4230
4231
4232
4234
4237
4238
4240
4241
4242
4244
4245
4248
4249
4250
4251
4253
4255
4256
4257
4258
4260
4261
4262
4264
4265
4266
4267
4268
4269
4270
4271
4273
4274
4275
4276
4277
4278
4279
4280
4281
4283
4284
4285
4290
4291
4293
4294
4295
4296
4297
4298
4299
4300
4301
4302
4303
4304
4305
4308
4309
4310
4311
4313
4314
4315
4316
4317
4319
4321
4322
4323
4324
4325
4329
4330
4331
4332
4333
4334
4336
4337
4338
4339
4340
4347
4349
4350
4351
4352
4353
4354
4358
4359
4360
4362
4363
4364
4365
4366
4367
4368
4370
4371
4374
4375
4376
4377
4378
4379
4381
4382
4383
4384
4385
4387
4388
4389
4390
4391
4393
4395
4396
4397
4398
4399
4400
4403
4405
4406
4408
4409
4410
4411
4412
4413
4415
4418
4419
4420
4421
4422
4424
4425
4426
4427
4429
4430
4431
4432
4434
4437
4438
4439
4441
4443
4444
4445
4451
4453
4454
4455
4456
4457
4458
4459
4462
4465
4466
4467
4468
4469
4470
4471
4472
4473
4474
4475
4477
4478
4479
4480
4481
4483
4484
4486
4487
4489
4490
4491
4492
4493
4494
4495
4496
4497
4498
4499
4500
4502
4504
4505
4506
4509
4511
4514
4519
4522
4523
4528
4531
4534
4535
4536
4538
4539
4540
4542
4543
4544
4545
4546
4548
4549
4550
4551
4552
4553
4554
4555
4556
4558
4559
4560
4561
4562
4563
4566
4567
4568
4569
4571
4572
4574
4575
4576
4577
4579
4580
4582
4583
4585
4586
4587
4588
4590
4591
4592
4593
4594
4595
4596
4597
4600
4601
4603
4604
4605
4607
4610
4611
4612
4613
4614
4615
4618
4619
4620
4621
4622
4623
4625
4627
4630
4632
4633
4634
4635
4636
4637
4639
4641
4642
4643
4644
4646
4647
4649
4650
4651
4652
4654
4655
4657
4663
4664
4666
4667
4668
4671
4674
4675
4676
4677
4678
4679
4682
4683
4684
4685
4686
4687
4688
4689
4690
4691
4692
4693
4694
4695
4696
4697
4698
4699
4701
4702
4703
4704
4705
4706
4707
4708
4709
4710
4711
4713
4714
4715
4716
4717
4719
4720
4723
4724
4726
4727
4728
4732
4733
4734
4735
4738
4742
4743
4744
4745
4746
4748
4750
4752
4754
4756
4757
4758
4759
4761
4763
4765
4766
4767
4768
4769
4770
4771
4774
4775
4776
4778
4779
4781
4784
4787
4788
4790
4791
4792
4794
4796
4798
4799
4800
4801
4802
4803
4804
4805
4806
4808
4809
4810
4811
4812
4813
4814
4815
4816
4817
4819
4820
4821
4825
4827
4828
4829
4830
4831
4833
4834
4835
4836
4837
4838
4839
4840
4841
4842
4843
4844
4845
4846
4847
4848
4851
4852
4854
4856
4857
4858
4859
4861
4862
4863
4864
4865
4866
4867
4868
4869
4870
4871
4872
4873
4874
4875
4876
4878
4879
4880
4881
4882
4883
4884
4886
4887
4888
4889
4890
4893
4894
4895
4896
4897
4898
4899
4900
4901
4902
4903
4904
4905
4906
4907
4908
4909
4910
4911
4912
4913
4914
4915
4916
4917
4918
4919
4920
4921
4923
4924
4925
4926
4927
4928
4929
4930
4931
4932
4937
4938
4940
4941
4942
4943
4944
4946
4951
4952
4953
4958
4959
4961
4963
4964
4968
4969
4972
4973
4975
4976
4979
4981
4984
4987
4988
4992
4993
4994
4996
4997
4998
5000
5001
5003
5007
5010
5011
5013
5014
5015
5019
5022
5026
5028
5030
5033
5034
5035
5036
5037
5038
5040
5041
5042
5044
5045
5051
5052
5056
5060
5061
5063
5064
5065
5067
5068
5069
5070
5071
5074
5075
5076
5077
5079
5081
5082
5084
5086
5087
5088
5090
5091
5096
5097
5099
5101
5102
5106
5109
5110
5111
5112
5114
5116
5118
5119
5120
5121
5123
5126
5127
5131
5133
5134
5135
5144
5145
5147
5148
5152
5153
5156
5157
5158
5159
5160
5163
5164
5165
5169
5170
5172
5174
5176
5177
5179
5180
5182
5186
5188
5189
5190
5191
5192
5193
5195
5196
5197
5198
5199
5204
5205
5210
5211
5215
5220
5221
5222
5224
5228
5234
5235
5238
5240
5241
5242
5243
5245
5246
5247
5248
5250
5251
5252
5254
5258
5261
5263
5264
5265
5266
5268
5272
5273
5274
5275
5276
5282
5286
5288
5292
5294
5296
5298
5300
5302
5304
5306
5307
5309
5310
5311
5312
5316
5317
5321
5322
5323
5325
5326
5327
5328
5329
5330
5331
5332
5333
5334
5335
5336
5338
5340
5344
5349
5352
5353
5354
5356
5357
5358
5359
5360
5361
5364
5365
5366
5367
5369
5370
5371
5372
5373
5375
5376
5379
5380
5381
5382
5384
5387
5388
5389
5392
5393
5396
5397
5398
5399
5400
5401
5403
5405
5408
5417
5418
5419
5421
5422
5425
5427
5428
5429
5430
5431
5432
5433
5435
5436
5437
5438
5439
5440
5441
5443
5446
5447
5449
5450
5451
5452
5453
5458
5460
5461
5462
5464
5465
5466
5468
5469
5470
5471
5472
5475
5476
5477
5478
5479
5481
5482
5484
5485
5486
5487
5488
5489
5490
5491
5493
5494
5495
5496
5497
5498
5499
5500
5503
5504
5505
5506
5507
5509
5511
5512
5513
5515
5517
5519
5520
5521
5523
5524
5526
5528
5529
5530
5533
5534
5535
5536
5537
5540
5541
5544
5545
5546
5549
5550
5553
5554
5556
5557
5560
5563
5564
5565
5566
5567
5570
5571
5572
5573
5574
5575
5576
5577
5579
5580
5581
5582
5583
5584
5585
5586
5587
5588
5589
5590
5591
5592
5593
5594
5595
5596
5598
5599
5601
5602
5604
5605
5606
5610
5611
5613
5614
5615
5616
5617
5618
5621
5623
5624
5625
5626
5627
5629
5630
5631
5632
5634
5635
5636
5639
5640
5641
5642
5643
5644
5645
5649
5650
5651
5652
5653
5654
5655
5656
5657
5658
5660
5661
5662
5664
5667
5668
5669
5671
5673
5674
5675
5676
5678
5679
5680
5681
5682
5683
5684
5686
5688
5690
5691
5692
5697
5698
5699
5700
5702
5704
5705
5706
5707
5708
5710
5711
5712
5713
5715
5718
5719
5723
5724
5726
5728
5729
5730
5731
5732
5733
5734
5736
5737
5738
5739
5740
5741
5743
5745
5747
5750
5751
5752
5754
5755
5756
5759
5760
5763
5764
5765
5766
5767
5768
5770
5771
5772
5773
5774
5778
5779
5780
5783
5784
5786
5789
5790
5791
5792
5793
5794
5798
5799
5800
5801
5803
5804
5805
5806
5807
5810
5811
5814
5815
5816
5817
5821
5825
5828
5829
5830
5831
5832
5833
5834
5835
5836
5838
5840
5842
5843
5845
5847
5848
5849
5850
5851
5852
5853
5854
5855
5856
5858
5859
5861
5864
5865
5866
5867
5868
5869
5870
5871
5872
5873
5875
5876
5878
5879
5880
5882
5883
5884
5885
5886
5888
5890
5891
5892
5895
5896
5897
5898
5903
5904
5905
5906
5907
5908
5911
5912
5914
5915
5916
5917
5918
5920
5921
5922
5925
5926
5927
5928
5929
5930
5931
5932
5933
5936
5937
5938
5939
5940
5942
5943
5945
5946
5947
5948
5949
5950
5952
5953
5954
5955
5956
5958
5959
5960
5961
5963
5966
5968
5970
5971
5973
5974
5977
5980
5981
5985
5986
5987
5988
5989
5990
5991
5992
5993
5995
5996
5997
5998
5999
6000
6002
6003
6004
6005
6007
6008
6009
6011
6012
6015
6018
6019
6020
6021
6022
6025
6026
6027
6028
6031
6033
6035
6036
6037
6038
6039
6040
6041
6043
6044
6045
6047
6049
6050
6051
6052
6053
6054
6055
6056
6057
6060
6061
6063
6064
6067
6068
6069
6070
6073
6074
6076
6077
6080
6081
6082
6083
6084
6086
6087
6088
6089
6090
6091
6092
6093
6094
6095
6096
6097
6098
6099
6102
6103
6104
6106
6107
6108
6112
6113
6114
6116
6117
6118
6120
6121
6122
6124
6126
6130
6131
6133
6134
6137
6138
6139
6140
6143
6144
6146
6148
6149
6150
6151
6157
6158
6159
6161
6162
6164
6169
6170
6171
6172
6173
6175
6178
6179
6181
6182
6183
6184
6185
6186
6187
6191
6193
6194
6198
6199
6200
6201
6202
6203
6204
6205
6206
6209
6210
6211
6212
6213
6214
6215
6217
6218
6219
6221
6223
6225
6229
6230
6232
6233
6234
6239
6241
6242
6243
6245
6246
6248
6249
6250
6251
6252
6253
6254
6256
6261
6262
6263
6264
6265
6267
6271
6272
6274
6275
6276
6277
6279
6282
6283
6285
6289
6290
6291
6293
6294
6295
6297
6298
6300
6301
6303
6304
6305
6306
6310
6314
6317
6321
6322
6325
6327
6329
6330
6331
6336
6337
6343
6344
6345
6348
6349
6350
6351
6352
6353
6354
6357
6358
6359
6361
6362
6363
6364
6365
6366
6367
6368
6369
6371
6372
6373
6374
6375
6376
6377
6378
6379
6381
6383
6384
6385
6386
6388
6389
6390
6391
6392
6393
6395
6397
6398
6400
6401
6402
6403
6404
6407
6409
6410
6412
6413
6414
6415
6416
6418
6419
6420
6421
6422
6426
6427
6428
6432
6433
6435
6436
6441
6444
6445
6446
6447
6450
6451
6453
6455
6457
6458
6460
6461
6462
6463
6465
6466
6467
6468
6469
6472
6475
6479
6480
6481
6482
6485
6486
6491
6492
6493
6496
6497
6498
6500
6502
6504
6505
6507
6508
6509
6511
6512
6513
6514
6515
6516
6520
6522
6525
6527
6529
6530
6531
6532
6535
6539
6540
6544
6545
6546
6548
6549
6551
6552
6553
6555
6556
6557
6559
6560
6561
6563
6564
6565
6567
6569
6571
6576
6577
6578
6580
6584
6585
6586
6587
6588
6589
6590
6591
6592
6594
6595
6597
6599
6600
6602
6603
6607
6609
6610
6612
6613
6618
6619
6620
6621
6623
6624
6625
6626
6627
6628
6629
6630
6633
6634
6635
6637
6639
6641
6644
6645
6646
6652
6653
6654
6657
6658
6659
6660
6661
6662
6664
6665
6668
6669
6670
6671
6672
6673
6674
6675
6676
6683
6684
6685
6686
6687
6689
6691
6692
6693
6694
6695
6696
6697
6698
6700
6701
6702
6703
6704
6705
6706
6710
6711
6713
6714
6715
6718
6719
6720
6721
6722
6723
6725
6726
6728
6729
6730
6731
6733
6734
6737
6738
6741
6742
6743
6744
6747
6750
6752
6757
6761
6762
6763
6765
6766
6767
6768
6769
6770
6771
6772
6773
6778
6779
6782
6783
6784
6787
6790
6791
6792
6793
6795
6796
6799
6800
6801
6802
6807
6808
6809
6810
6811
6812
6813
6814
6815
6817
6818
6822
6825
6826
6834
6836
6837
6838
6840
6841
6844
6848
6853
6856
6857
6859
6861
6862
6863
6866
6869
6870
6871
6872
6874
6875
6881
6882
6883
6884
6886
6889
6890
6891
6892
6893
6894
6896
6897
6903
6904
6907
6908
6910
6911
6912
6913
6914
6915
6917
6918
6923
6924
6926
6927
6929
6932
6933
6934
6935
6936
6937
6938
6943
6944
6945
6948
6953
6954
6955
6956
6957
6960
6962
6963
6964
6965
6967
6968
6969
6970
6972
6973
6974
6977
6980
6981
6982
6984
6987
6988
6989
6990
6991
6996
7001
7002
7004
7005
7008
7009
7010
7012
7016
7018
7025
7030
7034
7036
7037
7038
7040
7041
7042
7044
7045
7046
7048
7049
7055
7056
7060
7061
7062
7063
7064
7065
7066
7067
7068
7069
7072
7073
7074
7075
7078
7079
7080
7081
7087
7089
7091
7093
7095
7096
7097
7099
7100
7103
7108
7110
7111
7112
7113
7116
7117
7118
7121
7123
7125
7126
7127
7130
7131
7132
7133
7134
7135
7136
7138
7140
7143
7146
7148
7149
7150
7152
7153
7154
7155
7156
7158
7159
7164
7167
7168
7169
7174
7175
7176
7177
7178
7188
7189
7192
7193
7194
7198
7199
7201
7202
7203
7204
7205
7208
7209
7210
7211
7220
7221
7222
7223
7224
7225
7226
7227
7228
7229
7230
7231
7232
7233
7234
7235
7236
7237
7241
7242
7243
7244
7245
7246
7247
7249
7250
7252
7253
7254
7256
7257
7258
7259
7264
7268
7273
7277
7278
7279
7282
7284
7285
7286
7289
7290
7291
7292
7293
7296
7298
7299
7300
7302
7304
7306
7307
7311
7312
7314
7315
7318
7319
7320
7321
7322
7323
7324
7326
7331
7334
7335
7337
7340
7341
7342
7343
7344
7345
7349
7351
7352
7353
7354
7358
7359
7360
7362
7364
7365
7366
7369
7370
7371
7375
7376
7377
7378
7379
7382
7384
7385
7397
7398
7401
7403
7404
7405
7406
7409
7413
7414
7416
7417
7419
7422
7425
7427
7428
7430
7432
7439
7440
7441
7442
7444
7447
7449
7450
7451
7453
7454
7456
7457
7459
7461
7462
7463
7465
7466
7469
7470
7472
7473
7474
7475
7476
7477
7478
7480
7482
7485
7486
7488
7489
7491
7497
7498
7499
7501
7503
7504
7506
7507
7508
7509
7512
7513
7514
7517
7518
7519
7520
7521
7528
7529
7532
7533
7538
7539
7544
7545
7547
7548
7549
7550
7551
7552
7553
7554
7555
7557
7558
7560
7562
7564
7565
7567
7568
7569
7570
7571
7572
7573
7575
7576
7577
7578
7579
7580
7581
7582
7583
7585
7588
7589
7592
7593
7594
7595
7596
7598
7599
7601
7602
7603
7604
7605
7606
7607
7608
7609
7610
7611
7612
7613
7614
7615
7616
7617
7618
7620
7621
7622
7623
7624
7625
7626
7627
7628
7629
7630
7631
7632
7633
7635
7636
7637
7638
7639
7640
7641
7643
7645
7646
7647
7648
7649
7650
7651
7652
7654
7655
7657
7661
7662
7663
7664
7666
7667
7668
7669
7670
7673
7674
7676
7677
7680
7682
7683
7684
7686
7688
7689
7690
7691
7693
7694
7695
7696
7700
7702
7703
7704
7705
7706
7707
7708
7709
7710
7712
7715
7716
7717
7718
7719
7720
7721
7722
7724
7725
7726
7730
7732
7733
7734
7735
7736
7737
7738
7739
7740
7741
7742
7744
7745
7746
7749
7750
7751
7752
7754
7756
7758
7761
7762
7764
7765
7766
7767
7768
7769
7770
7775
7776
7777
7779
7780
7781
7782
7783
7784
7785
7787
7790
7791
7792
7793
7794
7795
7796
7797
7798
7799
7800
7801
7803
7804
7806
7807
7808
7809
7810
7812
7813
7814
7816
7817
7818
7820
7822
7824
7825
7826
7827
7828
7829
7830
7831
7832
7834
7835
7836
7837
7839
7841
7843
7846
7847
7849
7851
7852
7854
7855
7856
7857
7858
7861
7862
7865
7868
7869
7870
7873
7874
7875
7876
7877
7878
7879
7880
7886
7887
7888
7891
7892
7893
7894
7896
7897
7898
7899
7900
7901
7902
7904
7905
7906
7907
7908
7909
7912
7913
7915
7917
7918
7919
7920
7921
7923
7925
7927
7928
7929
7930
7932
7934
7935
7937
7938
7940
7941
7942
7944
7945
7946
7947
7948
7949
7950
7951
7952
7954
7955
7956
7957
7960
7961
7962
7963
7964
7968
7969
7971
7972
7973
7976
7978
7980
7981
7985
7986
7987
7989
7991
7993
7994
7997
7998
8000
8002
8004
8006
8007
8008
8009
8012
8013
8014
8015
8016
8017
8021
8025
8028
8030
8034
8035
8036
8038
8039
8041
8043
8044
8045
8047
8049
8051
8052
8053
8054
8055
8057
8059
8060
8061
8062
8063
8064
8065
8066
8067
8068
8069
8070
8071
8073
8074
8075
8077
8078
8080
8081
8083
8084
8086
8087
8088
8091
8092
8093
8096
8099
8100
8102
8104
8105
8106
8107
8108
8110
8112
8117
8118
8119
8120
8123
8125
8126
8127
8128
8129
8130
8131
8133
8135
8136
8137
8138
8139
8141
8142
8143
8144
8145
8146
8147
8149
8150
8153
8154
8155
8157
8158
8159
8160
8161
8164
8165
8166
8168
8169
8170
8174
8175
8179
8183
8186
8188
8189
8192
8194
8195
8196
8197
8198
8199
8200
8201
8204
8206
8215
8218
8221
8222
8223
8224
8229
8233
8234
8236
8237
8239
8241
8242
8243
8245
8247
8249
8252
8253
8254
8259
8263
8264
8265
8266
8267
8268
8269
8270
8271
8272
8273
8274
8275
8276
8277
8278
8279
8281
8282
8283
8285
8286
8287
8288
8291
8292
8297
8301
8302
8304
8306
8307
8309
8310
8312
8313
8314
8315
8316
8318
8319
8320
8324
8329
8331
8333
8335
8336
8337
8338
8340
8341
8342
8343
8345
8347
8348
8350
8352
8353
8354
8356
8357
8358
8359
8360
8366
8367
8368
8369
8370
8371
8372
8373
8374
8377
8379
8381
8382
8386
8388
8390
8394
8395
8397
8400
8403
8404
8405
8407
8408
8412
8416
8417
8418
8421
8422
8423
8424
8425
8426
8428
8429
8430
8431
8432
8433
8434
8435
8437
8439
8440
8441
8443
8444
8445
8447
8448
8450
8453
8455
8457
8458
8460
8461
8462
8463
8466
8467
8468
8469
8471
8472
8473
8477
8480
8481
8484
8485
8486
8488
8489
8492
8494
8496
8497
8498
8499
8500
8501
8502
8505
8506
8507
8508
8509
8511
8513
8514
8516
8518
8520
8521
8523
8527
8528
8529
8531
8539
8541
8542
8545
8547
8549
8550
8552
8559
8560
8561
8567
8568
8571
8574
8576
8577
8578
8579
8580
8582
8583
8588
8590
8591
8593
8595
8596
8597
8599
8600
8603
8605
8606
8607
8608
8609
8612
8613
8614
8616
8617
8619
8622
8623
8624
8626
8627
8629
8630
8631
8635
8640
8642
8643
8646
8647
8648
8649
8651
8652
8653
8654
8655
8660
8661
8667
8669
8673
8674
8676
8680
8682
8684
8687
8690
8696
8699
8702
8705
8715
8719
8732
8733
8736
8737
8740
8741
8742
8743
8744
8745
8746
8747
8748
8750
8752
8753
8754
8755
8756
8758
8759
8760
8763
8764
8768
8769
8770
8771
8773
8774
8775
8777
8780
8781
8782
8783
8785
8786
8787
8789
8790
8791
8792
8793
8794
8797
8801
8802
8803
8804
8805
8808
8809
8811
8812
8816
8818
8820
8821
8822
8823
8824
8825
8826
8827
8828
8829
8830
8831
8834
8835
8836
8837
8839
8840
8841
8843
8844
8847
8848
8849
8851
8852
8853
8855
8856
8857
8859
8860
8862
8863
8864
8865
8866
8869
8870
8871
8873
8874
8875
8876
8877
8880
8884
8885
8889
8891
8892
8893
8894
8895
8896
8897
8898
8901
8903
8904
8906
8914
8916
8917
8919
8920
8921
8922
8923
8924
8926
8927
8928
8929
8930
8931
8932
8933
8934
8938
8939
8940
8941
8942
8943
8945
8947
8948
8949
8951
8952
8954
8955
8956
8958
8960
8961
8962
8965
8968
8969
8970
8971
8972
8973
8974
8978
8980
8981
8983
8984
8986
8988
8989
8990
8995
8998
8999
9002
9003
9004
9006
9007
9008
9009
9010
9011
9012
9013
9014
9015
9016
9017
9018
9019
9020
9021
9022
9023
9025
9026
9027
9031
9032
9035
9038
9039
9040
9044
9045
9049
9052
9053
9054
9056
9057
9058
9059
9062
9064
9066
9069
9071
9072
9075
9076
9078
9079
9081
9083
9085
9086
9089
9090
9091
9096
9098
9099
9101
9104
9105
9106
9109
9111
9112
9113
9121
9124
9125
9128
9129
9131
9132
9135
9137
9139
9140
9141
9142
9143
9146
9147
9148
9149
9150
9152
9154
9155
9156
9157
9159
9165
9169
9170
9171
9172
9173
9174
9175
9176
9179
9180
9181
9190
9191
9194
9195
9196
9197
9198
9199
9202
9204
9205
9207
9208
9210
9211
9212
9213
9214
9215
9216
9217
9218
9219
9220
9222
9223
9224
9225
9227
9228
9229
9231
9232
9235
9236
9237
9239
9248
9251
9252
9254
9256
9262
9263
9265
9269
9270
9271
9274
9281
9282
9283
9287
9288
9291
9292
9294
9295
9297
9299
9301
9309
9311
9312
9314
9315
9316
9317
9318
9325
9326
9327
9330
9332
9334
9335
9337
9338
9345
9348
9350
9351
9352
9353
9354
9355
9359
9361
9366
9369
9373
9374
9380
9381
9382
9385
9387
9388
9390
9391
9392
9404
9413
9417
9418
9422
9423
9426
9429
9435
9436
9438
9439
9441
9442
9443
9444
9446
9447
9448
9449
9450
9453
9457
9459
9460
9461
9466
9467
9471
9475
9476
9477
9478
9479
9481
9483
9485
9487
9488
9489
9491
9494
9497
9498
9499
9501
9502
9503
9505
9506
9507
9508
9509
9510
9512
9513
9517
9518
9519
9520
9521
9522
9524
9525
9526
9527
9528
9529
9530
9531
9533
9535
9536
9537
9538
9540
9541
9542
9543
9545
9547
9548
9549
9550
9551
9552
9553
9554
9556
9558
9559
9560
9561
9563
9565
9567
9568
9569
9570
9571
9572
9573
9575
9576
9578
9579
9585
9586
9588
9589
9590
9591
9592
9593
9594
9595
9597
9598
9600
9601
9603
9605
9606
9607
9609
9611
9613
9615
9620
9622
9623
9625
9626
9627
9628
9630
9631
9634
9637
9639
9643
9646
9649
9652
9653
9655
9656
9660
9661
9662
9665
9666
9668
9669
9670
9671
9672
9673
9674
9675
9676
9677
9682
9684
9690
9693
9694
9695
9696
9697
9699
9702
9705
9708
9709
9712
9715
9716
9720
9721
9722
9724
9725
9730
9732
9734
9735
9736
9737
9740
9748
9751
9753
9754
9757
9758
9759
9763
9764
9765
9766
9767
9768
9769
9771
9776
9777
9778
9780
9781
9783
9784
9787
9788
9790
9791
9798
9799
9802
9804
9805
9806
9808
9809
9810
9815
9816
9819
9820
9825
9828
9829
9831
9833
9834
9835
9838
9840
9841
9846
9847
9848
9850
9852
9856
9857
9861
9863
9866
9867
9868
9877
9879
9881
9884
9886
9887
9888
9892
9897
9898
9899
9900
9902
9904
9906
9908
9909
9910
9911
9914
9915
9916
9918
9920
9921
9922
9926
9931
9940
9941
9942
9948
9950
9953
9960
9964
9967
9970
9973
9976
9980
9981
9982
9988
9993
9994
9995
10001
10004
10005
10009
10012
10016
10017
10019
10020
10023
10024
10025
10029
10031
10032
10034
10036
10037
10040
10045
10047
10048
10050
10051
10052
10056
10063
10064
10065
10066
10067
10068
10069
10071
10078
10079
10081
10085
10088
10089
10094
10095
10096
10100
10107
10110
10118
10124
10125
10126
10127
10129
10132
10137
10139
10142
10144
10147
10151
10154
10155
10156
10157
10162
10163
10164
10166
10173
10174
10178
10179
10180
10181
10187
10188
10189
10190
10193
10195
10201
10202
10210
10211
10222
10224
10232
10233
10234
10235
10237
10240
10241
10243
10244
10245
10249
10254
10256
10257
10258
10265
10272
10273
10274
10275
10279
10281
10282
10283
10286
10288
10290
10292
10293
10295
10298
10304
10306
10317
10326
10333
10334
10342
10344
10345
10347
10349
10357
10358
10365
10368
10372
10377
10380
10387
10388
10390
10398
10399
10409
10410
10413
10424
10426
10428
10435
10436
10439
10444
10445
10447
10450
10458
10461
10462
10468
10469
10474
10482
10483
10486
10489
10494
10498
10506
10513
10514
10521
10523
10528
10533
10538
10542
10543
10546
10548
10550
10558
10561
10562
10563
10567
10570
10571
10573
10576
10577
10585
10587
10591
10595
10600
10605
10607
10609
10616
10622
10627
10630
10633
10636
10640
10647
10654
10659
10664
10672
10673
10677
10680
10681
10682
10690
10691
10693
10695
10699
10700
10701
10704
10708
10710
10714
10715
10717
10723
10727
10728
10730
10731
10733
10734
10741
10742
10743
10745
10747
10748
10749
10751
10752
10754
10755
10756
10758
10759
10760
10761
10762
10763
10764
10769
10770
10771
10772
10773
10775
10776
10777
10778
10779
10780
10782
10784
10785
10786
10787
10788
10789
10790
10791
10792
10796
10797
10801
10802
10803
10804
10805
10806
10807
10808
10809
10812
10814
10815
10816
10821
10822
10823
10824
10825
10826
10827
10828
10829
10830
10831
10832
10836
10839
10845
10846
10847
10849
10850
10852
10853
10854
10855
10856
10857
10860
10864
10865
10866
10868
10869
10871
10872
10877
10879
10889
10892
10893
10894
10896
10898
10903
10912
10913
10914
10915
10916
10917
10918
10920
10921
10926
10936
10938
10939
10940
10941
10942
10945
10948
10949
10950
10957
10958
10960
10961
10962
10963
10964
10965
10966
10967
10968
10969
10970
10971
10972
10973
10974
10975
10976
10977
10978
10979
10980
10981
10982
10983
10984
10985
10986
10987
10988
10989
10990
10991
10992
10996
10998
11003
11005
11008
11009
11010
11011
11014
11015
11017
11021
11025
11035
11037
11040
11046
11047
11048
11053
11058
11062
11064
11065
11066
11068
11072
11081
11085
11086
11087
11088
11092
11094
11096
11101
11102
11103
11111
11121
11123
11126
11127
11131
11134
11135
11141
11143
11144
11145
11147
11148
11150
11151
11153
11154
11157
11159
11160
11164
11165
11166
11169
11170
11181
11182
11183
11186
11193
11194
11195
11204
11205
11206
11209
11210
11218
11224
11225
11244
11248
11250
11251
11256
11258
11262
11267
11275
11276
11283
11284
11285
11287
11293
11299
11305
11307
11322
11323
11329
11331
11333
11334
11339
11341
11342
11344
11345
11351
11352
11356
11358
11363
11365
11367
11370
11379
11383
11387
11390
11394
11395
11398
11399
11400
11401
11402
11403
11404
11405
11407
11411
11412
11417
11418
11421
11425
11426
11427
11439
11440
11441
11444
11448
11449
11450
11454
11456
11464
11471
11476
11484
11486
11490
11492
11494
11496
11500
11502
11508
11509
11513
11516
11520
11524
11527
11529
11530
11533
11535
11536
11538
11540
11541
11543
11546
11549
11552
11553
11554
11556
11557
11561
11563
11564
11566
11568
11570
11571
11572
11573
11574
11577
11578
11584
11587
11590
11591
11593
11596
11606
11609
11612
11619
11631
11632
11640
11641
11642
11644
11652
11654
11655
11662
11664
11666
11673
11675
11676
11679
11685
11695
11699
11700
11703
11704
11706
11716
11718
11724
11725
11730
11734
11740
11742
11745
11746
11747
11750
11751
11761
11762
11769
11774
11779
11780
11781
11784
11794
11795
11798
11799
11800
11803
11810
11812
11813
11817
11818
11829
11837
11840
11844
11851
11863
11866
11871
11878
11881
11886
11890
11896
11904
11906
11910
11911
11914
11922
11923
11925
11926
11927
11940
11944
11945
11956
11957
11961
11962
11977
11978
11980
11981
11982
11983
11986
11987
11991
11995
11999
12000
12002
12003
12010
12015
12029
12039
12042
12044
12055
12057
12060
12062
12066
12070
12077
12079
12081
12083
12084
12100
12101
12104
12111
12112
12116
12117
12122
12136
12137
12138
12139
12140
12142
12144
12145
12146
12147
12149
12155
12158
12160
12162
12163
12164
12165
12170
12172
12173
12175
12177
12180
12181
12183
12189
12199
12203
12208
12211
12212
12213
12214
12224
12229
12230
12231
12233
12234
12236
12237
12239
12242
12246
12247
12248
12251
12252
12253
12258
12260
12263
12267
12271
12276
12279
12281
12282
12286
12290
12300
12311
12314
12315
12316
12320
12321
12322
12325
12328
12334
12339
12341
12342
12345
12351
12355
12357
12358
12362
12363
12366
12371
12372
12374
12384
12385
12386
12399
12410
12413
12415
12419
12431
12434
12435
12438
12440
12442
12444
12446
12459
12461
12470
12472
12477
12496
12497
12501
12503
12504
12510
12511
12514
12518
12522
12523
12526
12529
12531
12532
12533
12538
12548
12551
12553
12558
12568
12571
12573
12585
12587
12591
12600
12621
12634
12638
12642
12648
12653
12654
12657
12659
12665
12666
12667
12668
12669
12670
12671
12672
12673
12674
12675
12676
12677
12678
12679
12680
12681
12682
12683
12684
12685
12686
12687
12688
12689
12690
12691
12692
12693
12694
12695
12696
12697
12698
12700
12705
12710
12715
12723
12724
12726
12728
12733
12737
12738
12743
12747
12749
12751
12752
12759
12762
12764
12767
12771
12772
12773
12774
12787
12791
12796
12798
12799
12800
12810
12815
12817
12825
12828
12832
12833
12855
12856
12861
12876
12879
12881
12889
12891
12892
12898
12899
12905
12906
12908
12914
12917
12919
12925
12928
12938
12940
12946
12947
12948
12952
12954
12956
12960
12963
12966
12970
12971
12973
12977
12984
12986
12989
12992
12994
12995
12997
12998
13001
13002
13003
13004
13005
13006
13007
13008
13009
13010
13011
13012
13013
13019
13022
13024
13025
13059
13061
13066
13068
13084
13085
13088
13090
13097
13100
13101
13103
13108
13109
13115
13117
13128
13130
13131
13132
13133
13138
13144
13151
13152
13155
13162
13168
13173
13177
13181
13190
13193
13200
13203
13205
13208
13209
13215
13222
13224
13227
13229
13231
13239
13244
13252
13254
13261
13263
13267
13268
13281
13288
13291
13300
13301
13306
13309
13312
13314
13317
13318
13320
13324
13326
13328
13329
13330
13339
13354
13359
13362
13366
13371
13378
13382
13384
13389
13391
13398
13403
13406
13415
13419
13421
13424
13426
13427
13431
13432
13438
13453
13455
13458
13462
13476
13482
13483
13484
13485
13486
13487
13488
13489
13490
13491
13492
13493
13494
13495
13496
13497
13498
13499
13500
13501
13502
13503
13504
13505
13507
13511
13512
13514
13517
13518
13538
13539
13559
13564
13567
13569
13570
13571
13572
13574
13577
13578
13586
13587
13588
13590
13592
13596
13599
13601
13602
13604
13611
13612
13615
13617
13623
13628
13629
13630
13634
13636
13647
13651
13652
13654
13655
13656
13663
13666
13667
13668
13677
13681
13688
13702
13706
13708
13711
13713
13714
13718
13721
13724
13732
13735
13745
13746
13748
13749
13750
13754
13755
13757
13758
13760
13762
13767
13770
13771
13773
13776
13777
13780
13783
13789
13791
13793
13803
13804
13810
13812
13813
13814
13816
13821
13824
13830
13832
13837
13838
13839
13842
13848
13850
13854
13856
13857
13858
13863
13865
13870
13873
13877
13878
13879
13891
13892
13899
13904
13910
13915
13917
13918
13927
13928
13936
13938
13939
13940
13942
13949
13951
13960
13962
13963
13977
13980
13981
13983
13984
13986
13991
13997
14000
14001
14006
14014
14015
14016
14032
14038
14039
14046
14052
14057
14058
14065
14076
14094
14100
14104
14112
14114
14116
14117
14121
14123
14132
14133
14136
14143
14155
14159
14168
14169
14173
14174
14188
14192
14200
14205
14207
14211
14212
14213
14214
14215
14225
14226
14245
14246
14254
14260
14263
14267
14272
14279
14280
14281
14284
14293
14302
14306
14312
14313
14334
14335
14337
14342
14344
14349
14362
14367
14378
14383
14386
14393
14396
14400
14404
14405
14410
14413
14420
14427
14460
14468
14469
14474
14494
14515
14516
14529
14535
14552
14556
14557
14561
14564
14573
14581
14583
14589
14590
14594
14601
14610
14612
14613
14615
14634
14638
14646
14647
14648
14649
14652
14654
14656
14657
14658
14659
14662
14664
14670
14676
14677
14678
14680
14681
14685
14703
14705
14715
14718
14720
14724
14725
14726
14735
14737
14741
14746
14747
14756
14761
14765
14766
14776
14779
14786
14792
14794
14798
14802
14808
14819
14820
14832
14834
14843
14848
14855
14857
14860
14867
14874
14878
14889
14890
14894
14901
14910
14915
14918
14921
14925
14929
14934
14936
14944
14946
14954
14960
14968
14972
14974
14977
14983
14988
14993
15000
15001
15005
15011
15040
15047
15051
15052
15054
15056
15066
15067
15069
15072
15086
15087
15089
15090
15092
15095
15097
15106
15108
15117
15122
15124
15130
15132
15135
15140
15153
15162
15164
15167
15171
15172
15178
15180
15191
15210
15216
15219
15222
15224
15225
15226
15227
15228
15236
15241
15243
15245
15249
15257
15262
15265
15266
15267
15272
15277
15278
15279
15284
15287
15290
15295
15296
15298
15303
15317
15321
15329
15335
15337
15345
15348
15350
15353
15362
15365
15377
15384
15391
15395
15402
15407
15415
15424
15427
15428
15429
15430
15443
15444
15455
15462
15464
15479
15483
15492
15514
15515
15517
15518
15522
15523
15525
15526
15527
15530
15540
15548
15556
15557
15571
15580
15591
15593
15600
15602
15610
15611
15627
15632
15634
15644
15651
15661
15663
15668
15671
15672
15673
15674
15675
15676
15677
15678
15679
15680
15681
15682
15683
15684
15695
15700
15709
15714
15717
15723
15737
15739
15740
15747
15754
15756
15764
15765
15771
15777
15791
15826
15827
15828
15829
15830
15831
15832
15833
15834
15835
15836
15837
15838
15839
15840
15847
15851
15854
15858
15870
15881
15885
15913
15914
15915
15916
15917
15918
15919
15920
15921
15922
15931
15932
15936
15944
15945
15947
15948
15954
15956
15966
15973
15976
15983
16006
16007
16010
16018
16019
16021
16022
16023
16024
16029
16032
16041
16042
16043
16054
16056
16057
16060
16062
16063
16071
16089
16090
16108
16112
16113
16115
16153
16170
16173
16185
16205
16206
16212
16219
16220
16221
16222
16223
16224
16225
16227
16241
16269
16276
16277
16294
16300
16301
16329
16344
16348
16356
16365
16368
16370
16373
16375
16386
16408
16422
16423
16427
16429
16436
16449
16485
16494
16504
16508
16514
16516
16522
16523
16524
16542
16550
16554
16568
16570
16579
16583
16586
16596
16605
16609
16622
16625
16638
16648
16656
16666
16678
16700
16705
16708
16709
16739
16753
16754
16791
16792
16796
16814
16826
16827
16829
16830
16832
16870
16874
16936
16949
16950
17068
17088
17097
17108
17122
17123
17124
17134
17155
17186
17248
17313
17315
17320
17321
17323
17334
17344
17356
17357
17358
17369
17392
17405
17408
17412
17416
17420
17425
17430
17454
17455
17490
17493
17515
17554
17558
17559
17566
17568
17575
17576
17635
17640
17661
17665
17747
17769
17787
17795
17801
17820
17821
17826
17857
17858
17875
17877
17887
17897
17905
17931
17934
17942
17945
17958
17959
17968
17972
17988
18013
18017
18041
18051
18052
18053
18068
18071
18104
18105
18106
18107
18108
18109
18110
18111
18112
18113
18114
18115
18116
18117
18118
18119
18120
18121
18122
18123
18124
18125
18126
18127
18128
18129
18130
18131
18132
18133
18134
18135
18136
18137
18138
18139
18140
18141
18142
18143
18144
18145
18146
18151
18152
18156
18165
18167
18181
18182
18189
18194
18196
18199
18201
18204
18205
18206
18210
18211
18212
18213
18214
18215
18216
18217
18218
18219
18220
18221
18222
18223
18224
18225
18226
18227
18228
18229
18230
18250
18251
18270
18274
18275
18288
18303
18304
18305
18315
18319
18328
18331
18332
18337
18338
18339
18341
18342
18343
18344
18345
18346
18351
18352
18353
18373
18374
18375
18377
18378
18380
18388
18391
18396
18398
18401
18406
18410
18412
18416
18423
18429
18433
18434
18437
18448
18449
18456
18481
18482
18489
18503
18504
18510
18517
18520
18522
18523
18524
18526
18546
18553
18556
18562
18563
18570
18586
18590
18592
18921
18933
18955
18968
19007
19031
19036
19038
19041
19045
19132
19143
19155
19157
19168
19169
19171
19185
19186
19244
19245
19267
19268
19269
19270
19271
19272
19296
19304
19310
19317
19338
19339
19360
19361
19378
19441
19458
19485
19486
19534
19718
19756
19788
19888
