0
1
3
5
6
7
8
9
10
11
12
15
16
17
18
19
20
22
23
24
26
28
29
30
32
34
35
36
37
39
40
41
42
43
45
47
50
51
52
53
54
55
56
57
58
59
60
61
62
64
65
66
67
68
69
70
71
72
73
74
75
77
78
79
82
83
84
85
87
88
89
90
91
92
93
94
95
97
98
99
100
101
103
106
107
108
109
110
111
112
113
114
115
116
117
118
119
120
121
122
123
124
125
126
127
128
129
130
131
132
133
134
135
136
137
138
139
140
141
142
143
146
147
148
149
150
151
152
154
155
156
157
158
159
160
162
163
164
165
166
167
168
170
172
173
174
175
177
178
179
180
181
182
183
185
186
187
188
189
191
193
194
195
197
199
200
201
202
203
204
205
206
207
208
209
210
211
212
214
215
216
217
218
219
222
224
226
227
228
229
230
233
234
235
236
237
238
239
240
241
243
244
247
248
253
254
255
257
258
259
260
261
262
263
264
267
268
270
271
272
273
275
276
278
279
280
282
283
284
286
287
288
289
290
293
295
296
297
299
300
301
302
303
304
305
306
307
308
309
310
312
313
314
315
317
319
320
321
322
323
325
326
328
329
333
335
336
337
338
339
340
341
343
344
345
346
347
349
350
351
352
353
356
358
360
361
362
363
365
366
367
368
369
370
371
372
374
375
376
378
379
380
381
383
385
386
387
388
389
390
393
394
395
399
401
402
403
404
405
406
407
408
409
410
412
413
417
418
419
420
423
424
425
426
427
428
430
431
432
433
434
435
436
437
438
439
440
441
442
445
446
448
449
450
451
452
453
454
455
457
458
459
460
463
464
465
468
469
470
471
473
474
475
477
479
480
481
482
483
488
489
490
491
492
493
494
497
498
501
502
503
504
505
506
508
509
510
513
514
517
518
519
520
521
522
523
524
525
526
527
529
531
532
533
534
537
538
539
540
541
542
543
544
545
546
548
549
550
552
553
554
555
556
557
558
559
564
565
567
569
573
575
576
577
579
581
582
583
584
585
587
588
589
590
591
592
593
594
595
596
597
598
599
600
601
602
603
604
606
607
609
610
611
612
613
615
616
617
619
620
621
622
623
625
628
629
631
633
634
635
636
637
638
639
640
641
645
646
648
649
650
651
652
653
654
656
658
659
661
662
663
664
665
666
668
670
671
672
673
674
675
679
680
681
682
683
684
685
686
687
688
689
690
692
693
694
695
696
697
698
700
701
702
703
706
707
708
709
710
711
714
717
718
719
720
721
722
723
724
725
727
728
731
733
734
735
736
737
738
739
741
743
744
745
747
749
750
751
752
753
754
755
756
758
759
760
762
763
765
768
770
772
773
774
775
777
778
779
780
781
782
783
785
786
787
788
789
790
791
792
795
796
797
798
800
801
802
803
804
805
806
807
811
812
814
815
816
817
818
819
820
821
822
824
825
826
827
829
830
831
832
834
836
837
839
840
841
842
844
846
847
848
849
850
853
854
855
856
857
858
859
860
861
862
864
865
867
869
870
871
872
875
876
877
878
879
880
882
883
884
885
886
887
888
889
892
894
896
897
898
900
901
902
903
904
905
906
908
909
911
912
913
917
918
919
920
921
922
926
927
928
929
931
932
934
935
937
940
941
942
943
944
945
946
947
948
950
952
953
955
956
957
958
960
961
963
964
965
966
967
968
969
971
973
974
975
976
977
978
979
980
982
984
985
986
987
988
989
990
991
992
994
998
999
1000
1003
1004
1006
1008
1009
1011
1013
1014
1015
1016
1017
1018
1019
1020
1022
1023
1024
1025
1027
1028
1029
1030
1031
1032
1033
1034
1036
1037
1038
1040
1041
1042
1043
1044
1049
1050
1051
1052
1053
1055
1056
1057
1062
1063
1065
1066
1067
1069
1070
1071
1073
1074
1076
1077
1079
1082
1083
1084
1085
1086
1087
1088
1090
1091
1092
1096
1097
1098
1099
1101
1103
1104
1105
1106
1107
1109
1110
1111
1113
1115
1120
1122
1123
1124
1126
1127
1129
1131
1132
1133
1134
1136
1137
1138
1139
1141
1143
1144
1145
1146
1147
1149
1150
1152
1154
1155
1156
1157
1158
1159
1161
1162
1165
1166
1167
1168
1170
1172
1173
1176
1178
1179
1180
1181
1182
1184
1186
1187
1188
1189
1190
1191
1194
1195
1198
1199
1200
1201
1202
1204
1206
1208
1209
1210
1212
1213
1215
1216
1217
1219
1220
1223
1224
1225
1226
1227
1229
1230
1231
1232
1234
1235
1236
1237
1238
1242
1245
1248
1249
1250
1251
1252
1253
1254
1255
1257
1258
1259
1265
1267
1268
1269
1270
1271
1272
1274
1276
1277
1278
1279
1280
1281
1285
1286
1287
1288
1291
1292
1294
1295
1296
1297
1302
1304
1305
1308
1309
1312
1316
1320
1321
1323
1327
1328
1329
1331
1332
1333
1337
1338
1339
1340
1341
1344
1345
1347
1348
1349
1350
1351
1352
1354
1355
1356
1360
1362
1363
1365
1368
1369
1370
1372
1373
1375
1378
1379
1380
1381
1382
1383
1384
1385
1386
1387
1389
1390
1392
1393
1394
1395
1399
1400
1402
1403
1404
1406
1408
1409
1410
1411
1414
1416
1417
1418
1419
1421
1425
1426
1427
1429
1432
1433
1434
1435
1436
1439
1440
1441
1442
1443
1444
1446
1447
1449
1450
1451
1453
1455
1456
1457
1458
1463
1464
1465
1466
1467
1468
1469
1470
1472
1473
1474
1478
1479
1480
1481
1482
1485
1487
1488
1490
1491
1492
1495
1496
1497
1498
1500
1501
1503
1504
1505
1507
1508
1513
1514
1515
1516
1518
1521
1522
1523
1524
1526
1527
1528
1529
1530
1535
1536
1540
1541
1543
1544
1545
1546
1548
1549
1552
1553
1554
1556
1559
1560
1561
1563
1566
1567
1568
1571
1572
1576
1578
1579
1580
1581
1583
1584
1587
1589
1590
1591
1592
1593
1595
1596
1599
1600
1601
1602
1603
1610
1611
1612
1613
1616
1619
1620
1622
1623
1624
1625
1627
1628
1629
1630
1633
1636
1637
1639
1640
1641
1642
1644
1645
1647
1649
1652
1653
1654
1655
1657
1659
1660
1661
1664
1665
1667
1668
1669
1670
1671
1673
1677
1678
1679
1680
1683
1685
1686
1687
1688
1689
1692
1693
1695
1696
1697
1698
1704
1705
1707
1708
1710
1712
1713
1714
1716
1717
1722
1723
1726
1727
1729
1731
1733
1735
1736
1738
1739
1740
1744
1745
1746
1747
1748
1751
1752
1755
1756
1758
1759
1760
1761
1762
1764
1765
1766
1768
1769
1770
1771
1772
1773
1774
1778
1781
1788
1789
1792
1794
1795
1796
1798
1801
1808
1809
1810
1811
1815
1819
1820
1821
1822
1828
1833
1835
1838
1841
1843
1845
1848
1850
1852
1853
1855
1856
1857
1859
1860
1866
1867
1868
1869
1870
1871
1875
1876
1877
1880
1881
1884
1885
1886
1891
1894
1895
1896
1900
1902
1903
1904
1909
1913
1915
1917
1918
1919
1920
1923
1924
1925
1927
1929
1930
1931
1933
1935
1937
1938
1939
1941
1943
1945
1946
1947
1948
1950
1953
1956
1957
1959
1960
1962
1964
1965
1966
1967
1968
1969
1971
1972
1973
1974
1976
1977
1979
1980
1981
1982
1983
1984
1985
1986
1989
1990
1991
1995
1996
1998
2001
2003
2004
2005
2008
2009
2010
2012
2013
2015
2016
2018
2019
2021
2024
2025
2026
2027
2028
2029
2030
2032
2033
2035
2036
2037
2038
2039
2041
2043
2044
2046
2047
2048
2049
2050
2052
2054
2055
2056
2057
2059
2060
2062
2064
2065
2066
2067
2068
2070
2073
2075
2076
2078
2081
2085
2088
2089
2092
2095
2098
2099
2100
2101
2103
2104
2105
2107
2109
2110
2112
2113
2114
2115
2123
2124
2125
2128
2129
2130
2131
2132
2133
2136
2140
2144
2146
2150
2151
2152
2154
2155
2156
2157
2158
2159
2160
2161
2163
2164
2165
2166
2167
2168
2172
2174
2175
2176
2177
2179
2185
2188
2190
2192
2193
2194
2196
2197
2198
2199
2200
2201
2202
2204
2205
2208
2209
2211
2215
2219
2222
2225
2227
2228
2229
2232
2234
2235
2238
2239
2246
2247
2250
2251
2252
2254
2255
2256
2260
2264
2266
2268
2269
2271
2273
2276
2277
2279
2284
2288
2290
2292
2293
2296
2300
2301
2303
2308
2309
2311
2312
2313
2316
2318
2320
2322
2323
2324
2327
2328
2329
2330
2331
2333
2334
2335
2336
2337
2338
2340
2341
2343
2344
2345
2350
2354
2355
2358
2359
2361
2362
2363
2364
2365
2366
2368
2369
2372
2376
2378
2379
2380
2381
2384
2385
2389
2392
2393
2394
2397
2398
2399
2402
2403
2406
2407
2408
2410
2412
2417
2418
2422
2423
2424
2425
2429
2430
2432
2434
2435
2436
2437
2438
2440
2441
2443
2444
2446
2448
2450
2452
2453
2454
2455
2463
2464
2466
2467
2469
2470
2472
2475
2477
2482
2483
2484
2486
2488
2489
2490
2491
2492
2493
2496
2498
2499
2501
2502
2503
2505
2507
2508
2510
2511
2513
2514
2515
2516
2517
2518
2521
2522
2523
2524
2525
2526
2527
2528
2530
2531
2533
2534
2535
2536
2537
2538
2539
2540
2543
2544
2545
2546
2547
2548
2549
2551
2552
2554
2555
2556
2557
2558
2559
2561
2562
2563
2564
2565
2566
2567
2568
2570
2571
2573
2577
2581
2582
2583
2584
2586
2587
2588
2590
2593
2595
2597
2598
2599
2600
2601
2602
2603
2604
2605
2606
2608
2610
2613
2614
2615
2616
2617
2619
2622
2623
2624
2625
2626
2628
2629
2632
2633
2634
2636
2637
2640
2641
2642
2643
2644
2645
2646
2647
2648
2649
2650
2651
2652
2653
2656
2657
2658
2659
2660
2661
2662
2663
2664
2665
2666
2667
2668
2669
2670
2671
2673
2674
2676
2678
2679
2680
2681
2682
2683
2684
2685
2686
2687
2688
2689
2691
2692
2693
2694
2696
2697
2699
2700
2702
2703
2704
2705
2706
2707
2708
2709
2710
2711
2712
2714
2715
2716
2717
2719
2720
2721
2722
2723
2724
2725
2727
2728
2729
2732
2733
2734
2736
2737
2738
2739
2742
2743
2746
2747
2749
2754
2755
2757
2758
2759
2761
2762
2763
2764
2765
2766
2771
2772
2774
2775
2777
2778
2779
2780
2781
2782
2783
2784
2786
2787
2788
2790
2792
2793
2795
2796
2798
2799
2801
2802
2803
2804
2805
2807
2808
2809
2810
2811
2813
2814
2816
2817
2818
2819
2820
2821
2822
2823
2824
2825
2826
2827
2829
2830
2832
2833
2834
2835
2836
2837
2838
2839
2840
2841
2843
2844
2845
2848
2850
2851
2852
2853
2854
2856
2857
2859
2861
2862
2864
2865
2867
2868
2869
2870
2875
2876
2877
2878
2879
2882
2885
2888
2889
2892
2893
2894
2896
2897
2898
2899
2900
2901
2902
2903
2904
2906
2907
2908
2910
2911
2912
2914
2915
2916
2917
2918
2919
2920
2921
2922
2924
2927
2928
2931
2932
2933
2934
2939
2940
2941
2942
2944
2945
2946
2948
2949
2950
2951
2952
2953
2954
2955
2956
2957
2959
2960
2962
2963
2965
2967
2968
2970
2971
2973
2974
2976
2977
2978
2979
2980
2981
2982
2983
2984
2985
2987
2988
2989
2990
2991
2992
2994
2997
2998
2999
3000
3001
3002
3003
3006
3007
3008
3009
3010
3011
3012
3013
3015
3016
3017
3018
3019
3020
3021
3023
3024
3026
3028
3029
3031
3032
3033
3034
3036
3037
3042
3044
3045
3046
3047
3049
3050
3051
3053
3056
3058
3059
3060
3061
3062
3063
3064
3065
3066
3067
3068
3069
3070
3071
3073
3075
3076
3078
3079
3083
3084
3085
3087
3088
3089
3090
3091
3092
3094
3095
3096
3097
3098
3099
3100
3102
3103
3105
3106
3107
3108
3110
3112
3113
3115
3116
3117
3118
3119
3121
3123
3124
3126
3127
3128
3130
3132
3133
3134
3135
3136
3137
3138
3139
3140
3141
3142
3144
3145
3146
3150
3151
3152
3153
3154
3155
3156
3157
3158
3160
3161
3162
3163
3165
3166
3168
3169
3170
3171
3172
3173
3174
3175
3176
3177
3178
3180
3182
3183
3184
3185
3186
3187
3188
3189
3194
3197
3198
3199
3200
3202
3203
3204
3205
3206
3207
3208
3209
3210
3213
3214
3215
3216
3217
3222
3223
3224
3226
3227
3228
3231
3232
3233
3234
3235
3236
3237
3239
3240
3242
3243
3244
3245
3246
3248
3249
3250
3253
3254
3256
3257
3258
3259
3261
3262
3263
3264
3265
3267
3269
3270
3271
3272
3274
3275
3277
3278
3279
3282
3285
3286
3287
3288
3291
3292
3293
3295
3296
3297
3298
3301
3302
3305
3306
3308
3309
3311
3313
3314
3315
3316
3317
3318
3322
3323
3324
3325
3327
3328
3330
3331
3332
3334
3336
3337
3338
3340
3341
3342
3343
3346
3347
3348
3350
3352
3353
3354
3356
3357
3359
3360
3361
3363
3365
3367
3368
3369
3370
3371
3372
3373
3375
3376
3377
3378
3379
3380
3382
3383
3384
3385
3386
3387
3388
3390
3391
3394
3395
3397
3398
3399
3400
3402
3403
3404
3405
3407
3408
3410
3411
3412
3413
3414
3415
3416
3418
3419
3420
3421
3422
3423
3424
3426
3428
3429
3431
3432
3433
3435
3436
3437
3438
3439
3441
3443
3445
3446
3450
3452
3453
3455
3456
3457
3458
3459
3461
3462
3463
3464
3465
3466
3467
3468
3469
3470
3471
3472
3473
3474
3475
3476
3477
3478
3479
3480
3482
3483
3484
3486
3487
3489
3490
3491
3492
3493
3495
3496
3498
3499
3500
3503
3504
3505
3506
3507
3509
3510
3511
3512
3513
3515
3516
3517
3518
3519
3520
3521
3522
3523
3524
3525
3526
3527
3528
3529
3530
3531
3532
3533
3534
3536
3538
3539
3542
3543
3544
3545
3546
3547
3549
3550
3551
3552
3553
3554
3556
3557
3558
3559
3560
3562
3564
3565
3566
3567
3568
3570
3571
3572
3573
3574
3575
3576
3577
3578
3579
3580
3581
3582
3583
3584
3589
3590
3591
3592
3593
3594
3595
3596
3597
3598
3599
3601
3602
3603
3604
3605
3606
3607
3608
3609
3610
3611
3612
3613
3614
3615
3616
3618
3619
3620
3621
3623
3624
3625
3626
3627
3628
3630
3632
3633
3637
3638
3639
3641
3642
3645
3646
3647
3648
3651
3652
3654
3655
3656
3658
3662
3664
3665
3666
3667
3673
3675
3676
3677
3679
3680
3681
3682
3683
3689
3691
3692
3693
3694
3695
3697
3698
3699
3700
3701
3702
3703
3704
3705
3706
3707
3708
3709
3710
3713
3714
3715
3716
3717
3718
3719
3720
3721
3722
3723
3724
3725
3727
3729
3731
3732
3733
3734
3735
3737
3738
3739
3740
3741
3742
3744
3745
3746
3747
3748
3749
3751
3752
3753
3755
3756
3757
3758
3759
3760
3761
3763
3764
3766
3767
3768
3769
3770
3772
3773
3774
3776
3777
3778
3782
3783
3784
3785
3786
3788
3789
3790
3791
3792
3793
3794
3795
3796
3797
3799
3800
3801
3802
3803
3804
3808
3809
3810
3812
3813
3814
3815
3819
3820
3821
3822
3823
3824
3825
3826
3827
3828
3829
3831
3832
3833
3834
3838
3839
3840
3841
3843
3844
3845
3847
3848
3851
3853
3854
3855
3856
3857
3858
3859
3860
3861
3862
3863
3864
3865
3866
3867
3868
3869
3870
3873
3874
3878
3879
3880
3881
3882
3884
3885
3886
3887
3888
3890
3891
3893
3896
3897
3898
3899
3900
3901
3902
3906
3907
3909
3911
3913
3915
3916
3918
3919
3921
3922
3923
3926
3927
3929
3930
3931
3933
3934
3936
3938
3940
3943
3944
3945
3946
3947
3949
3953
3954
3956
3958
3959
3960
3961
3962
3963
3967
3968
3969
3970
3971
3972
3974
3975
3979
3980
3981
3982
3983
3984
3987
3988
3989
3993
3994
3997
3998
3999
4000
4001
4004
4005
4006
4007
4008
4009
4010
4012
4013
4014
4017
4018
4019
4020
4021
4022
4023
4024
4025
4026
4027
4029
4032
4033
4034
4035
4036
4038
4039
4042
4043
4044
4045
4046
4048
4050
4053
4054
4056
4059
4060
4062
4065
4066
4067
4070
4071
4072
4074
4076
4077
4079
4080
4082
4084
4085
4086
4087
4088
4090
4095
4096
4098
4100
4101
4103
4104
4105
4108
4110
4111
4112
4113
4114
4116
4118
4119
4120
4122
4124
4125
4127
4128
4129
4131
4134
4136
4138
4140
4141
4144
4145
4146
4147
4148
4149
4150
4151
4153
4154
4155
4156
4157
4159
4160
4161
4163
4164
4165
4169
4170
4172
4173
4175
4176
4178
4179
4182
4183
4184
4185
4186
4187
4188
4189
4190
4191
4194
4195
4197
4198
4199
4200
4201
4205
4207
4211
4212
4214
4215
4216
4217
4218
4219
4220
4221
4223
4224
4226
4228
4229
4230
4231
4232
4237
4238
4239
4240
4241
4243
4245
4250
4252
4253
4254
4255
4256
4258
4262
4264
4266
4267
4268
4269
4270
4273
4275
4276
4278
4286
4291
4293
4294
4298
4301
4302
4303
4304
4305
4306
4308
4309
4310
4311
4312
4313
4315
4316
4317
4319
4321
4322
4323
4324
4325
4328
4329
4330
4331
4334
4336
4337
4340
4345
4346
4347
4348
4349
4350
4351
4352
4353
4355
4357
4358
4359
4364
4365
4367
4368
4369
4370
4373
4375
4378
4380
4381
4382
4383
4384
4388
4389
4390
4391
4393
4395
4396
4397
4399
4400
4404
4405
4407
4412
4413
4415
4418
4419
4421
4424
4425
4426
4427
4428
4430
4432
4437
4438
4441
4443
4444
4445
4448
4451
4452
4453
4454
4455
4456
4458
4465
4466
4467
4469
4470
4471
4473
4474
4475
4477
4478
4480
4481
4482
4483
4484
4486
4487
4489
4490
4491
4492
4493
4494
4495
4496
4497
4502
4503
4506
4508
4509
4510
4513
4514
4518
4522
4523
4527
4528
4531
4532
4534
4536
4539
4542
4543
4544
4545
4546
4549
4551
4552
4553
4555
4556
4557
4558
4559
4560
4561
4562
4563
4565
4566
4567
4568
4574
4575
4576
4577
4578
4579
4581
4583
4585
4586
4587
4588
4590
4592
4593
4595
4596
4597
4600
4603
4604
4605
4606
4610
4611
4612
4615
4616
4617
4618
4619
4620
4621
4622
4625
4626
4627
4630
4631
4632
4634
4635
4636
4637
4638
4639
4643
4645
4646
4649
4650
4651
4652
4658
4660
4661
4662
4663
4664
4666
4668
4670
4671
4673
4674
4676
4677
4678
4679
4683
4684
4685
4687
4688
4689
4690
4691
4693
4694
4695
4696
4697
4698
4699
4701
4702
4703
4704
4705
4706
4707
4708
4709
4710
4712
4713
4714
4715
4716
4717
4718
4719
4722
4723
4725
4726
4727
4728
4733
4734
4735
4742
4743
4744
4746
4748
4749
4751
4753
4755
4757
4759
4760
4761
4763
4765
4766
4768
4769
4770
4771
4774
4776
4777
4779
4780
4784
4785
4787
4788
4789
4790
4791
4794
4796
4798
4799
4802
4803
4805
4806
4807
4808
4809
4811
4812
4813
4814
4815
4816
4817
4820
4821
4826
4827
4828
4830
4831
4833
4834
4835
4836
4837
4838
4839
4840
4841
4843
4844
4846
4847
4849
4850
4851
4853
4856
4859
4860
4861
4862
4863
4864
4865
4866
4869
4870
4871
4873
4875
4876
4878
4879
4881
4882
4883
4884
4886
4887
4888
4889
4890
4894
4896
4898
4900
4902
4904
4906
4907
4909
4910
4912
4913
4914
4915
4916
4917
4918
4919
4920
4923
4924
4927
4928
4929
4930
4931
4932
4935
4936
4937
4939
4940
4941
4942
4943
4944
4946
4950
4952
4953
4955
4958
4959
4960
4961
4963
4964
4967
4969
4971
4972
4973
4974
4976
4979
4981
4985
4988
4993
4994
4996
4997
4998
4999
5001
5002
5005
5006
5007
5010
5011
5013
5019
5022
5025
5030
5032
5033
5035
5036
5037
5038
5040
5041
5042
5045
5047
5051
5052
5055
5061
5063
5064
5065
5066
5068
5072
5074
5075
5076
5081
5082
5084
5087
5088
5090
5091
5092
5093
5095
5097
5098
5099
5101
5102
5105
5106
5107
5110
5111
5112
5114
5116
5119
5120
5123
5124
5125
5127
5131
5133
5134
5135
5136
5138
5139
5141
5144
5145
5146
5148
5149
5153
5156
5157
5158
5160
5161
5164
5166
5167
5168
5170
5172
5175
5176
5177
5179
5182
5184
5188
5189
5191
5192
5193
5194
5195
5203
5204
5205
5211
5213
5215
5218
5220
5221
5222
5224
5226
5228
5229
5230
5231
5233
5234
5235
5238
5243
5244
5245
5247
5248
5249
5250
5251
5254
5255
5257
5261
5262
5263
5264
5265
5267
5268
5269
5270
5272
5273
5274
5275
5276
5277
5279
5280
5281
5282
5285
5286
5287
5288
5290
5291
5294
5295
5297
5301
5303
5304
5305
5306
5307
5309
5310
5311
5312
5316
5317
5318
5319
5322
5323
5325
5326
5327
5328
5329
5330
5331
5332
5333
5334
5338
5339
5340
5341
5343
5344
5345
5347
5349
5352
5356
5357
5358
5359
5360
5361
5363
5366
5367
5369
5370
5371
5372
5376
5379
5380
5382
5386
5387
5388
5395
5396
5397
5399
5400
5401
5403
5405
5408
5409
5417
5418
5419
5421
5422
5423
5424
5425
5428
5430
5431
5432
5433
5435
5436
5437
5438
5439
5440
5441
5442
5446
5447
5449
5452
5453
5454
5456
5457
5458
5460
5461
5463
5464
5466
5468
5470
5471
5472
5473
5474
5475
5476
5477
5478
5479
5481
5482
5484
5486
5488
5490
5491
5493
5495
5496
5497
5498
5499
5500
5501
5502
5503
5504
5505
5506
5508
5511
5512
5513
5515
5516
5517
5519
5521
5523
5526
5528
5529
5531
5534
5535
5536
5539
5540
5544
5546
5547
5548
5549
5550
5551
5553
5557
5559
5560
5561
5562
5563
5564
5565
5566
5567
5568
5570
5571
5572
5573
5574
5576
5577
5579
5580
5581
5582
5583
5584
5585
5586
5587
5588
5590
5591
5592
5593
5594
5595
5598
5599
5601
5602
5603
5604
5605
5606
5609
5614
5615
5616
5618
5619
5620
5621
5623
5624
5625
5628
5629
5630
5631
5632
5633
5635
5636
5638
5639
5640
5642
5644
5645
5647
5648
5649
5651
5652
5654
5655
5656
5657
5658
5660
5661
5664
5665
5666
5668
5669
5673
5674
5675
5676
5677
5678
5679
5680
5681
5682
5685
5686
5688
5689
5690
5691
5697
5698
5699
5700
5702
5704
5705
5706
5708
5709
5710
5712
5714
5716
5718
5719
5720
5721
5726
5727
5729
5730
5731
5734
5741
5742
5743
5745
5746
5747
5748
5751
5754
5755
5759
5760
5762
5763
5764
5765
5766
5767
5768
5771
5773
5774
5775
5776
5778
5779
5780
5784
5789
5790
5792
5793
5794
5795
5796
5797
5804
5806
5810
5811
5812
5813
5814
5816
5817
5818
5822
5824
5827
5828
5829
5831
5832
5833
5834
5836
5837
5840
5841
5842
5843
5844
5847
5848
5849
5850
5853
5855
5856
5858
5859
5860
5861
5862
5865
5867
5868
5869
5871
5873
5874
5875
5876
5878
5880
5882
5883
5884
5885
5887
5888
5889
5890
5891
5895
5897
5901
5902
5903
5904
5905
5907
5911
5912
5914
5916
5917
5918
5919
5920
5921
5922
5923
5926
5927
5928
5929
5930
5931
5932
5933
5938
5939
5941
5942
5945
5946
5947
5948
5949
5952
5953
5954
5955
5956
5957
5958
5959
5961
5966
5967
5968
5969
5970
5971
5974
5977
5981
5984
5985
5986
5987
5988
5989
5992
5993
5994
5996
5997
5999
6000
6002
6007
6011
6013
6015
6016
6017
6018
6019
6020
6021
6022
6026
6027
6028
6030
6031
6033
6035
6036
6037
6038
6039
6040
6041
6046
6048
6049
6050
6052
6053
6054
6056
6057
6058
6060
6061
6063
6064
6065
6066
6067
6069
6070
6074
6076
6079
6081
6084
6085
6088
6089
6090
6091
6092
6093
6094
6095
6096
6097
6098
6099
6103
6104
6106
6107
6108
6110
6111
6113
6114
6116
6117
6118
6120
6121
6122
6123
6124
6126
6131
6132
6134
6135
6137
6138
6139
6140
6143
6144
6145
6148
6149
6150
6156
6157
6158
6159
6160
6161
6162
6163
6164
6166
6170
6171
6173
6174
6178
6182
6184
6185
6186
6193
6196
6198
6199
6200
6202
6204
6205
6207
6209
6211
6212
6213
6214
6216
6217
6218
6219
6220
6222
6223
6224
6225
6227
6229
6230
6232
6233
6234
6235
6241
6242
6245
6246
6247
6248
6251
6252
6253
6254
6258
6261
6262
6263
6265
6267
6270
6271
6272
6274
6275
6276
6277
6278
6282
6283
6286
6287
6289
6290
6291
6292
6293
6297
6298
6299
6300
6301
6302
6303
6304
6306
6307
6309
6310
6314
6316
6317
6321
6322
6329
6331
6333
6337
6339
6340
6342
6343
6344
6345
6348
6349
6350
6351
6353
6354
6356
6357
6358
6359
6360
6361
6362
6364
6365
6366
6367
6368
6370
6371
6372
6373
6374
6376
6377
6378
6381
6382
6383
6384
6385
6389
6390
6391
6392
6393
6399
6401
6403
6404
6405
6409
6410
6411
6412
6413
6414
6415
6416
6418
6419
6420
6421
6424
6425
6427
6430
6431
6432
6433
6436
6437
6438
6441
6444
6447
6451
6452
6453
6455
6457
6458
6461
6462
6463
6464
6466
6467
6472
6473
6477
6479
6480
6481
6485
6488
6489
6491
6493
6496
6498
6500
6503
6505
6506
6509
6510
6511
6513
6514
6515
6516
6518
6522
6523
6524
6525
6527
6528
6531
6532
6535
6536
6537
6539
6541
6542
6544
6545
6546
6548
6550
6552
6553
6555
6556
6557
6559
6561
6564
6565
6566
6569
6574
6576
6577
6578
6579
6580
6582
6584
6585
6586
6587
6592
6593
6594
6596
6597
6599
6600
6601
6603
6607
6609
6610
6612
6613
6615
6620
6621
6622
6624
6626
6627
6628
6629
6631
6634
6637
6639
6640
6642
6645
6646
6649
6653
6654
6656
6658
6661
6662
6665
6667
6668
6669
6670
6671
6672
6673
6674
6675
6679
6680
6682
6683
6686
6687
6689
6690
6691
6694
6696
6697
6698
6700
6701
6702
6703
6704
6705
6706
6709
6711
6712
6713
6715
6718
6719
6720
6722
6723
6725
6726
6727
6728
6729
6730
6731
6733
6735
6736
6738
6739
6741
6744
6747
6749
6750
6751
6753
6755
6757
6760
6761
6762
6765
6767
6772
6778
6779
6780
6781
6784
6786
6788
6790
6791
6792
6795
6796
6799
6800
6801
6802
6807
6810
6811
6812
6813
6814
6816
6817
6818
6821
6822
6824
6825
6829
6830
6833
6836
6837
6840
6841
6842
6844
6845
6850
6851
6852
6854
6855
6856
6857
6859
6862
6865
6866
6869
6870
6871
6872
6873
6878
6879
6880
6881
6883
6884
6885
6886
6889
6891
6894
6897
6900
6902
6903
6904
6905
6906
6907
6908
6910
6911
6913
6914
6915
6916
6917
6918
6919
6921
6922
6924
6925
6926
6927
6928
6929
6930
6934
6935
6936
6938
6943
6944
6948
6950
6954
6955
6956
6957
6958
6959
6960
6964
6965
6966
6967
6970
6972
6973
6975
6977
6980
6981
6982
6988
6989
6991
6992
6994
6995
6999
7002
7004
7005
7008
7009
7010
7013
7018
7020
7022
7023
7026
7027
7028
7031
7035
7036
7037
7038
7039
7040
7041
7042
7044
7046
7048
7049
7050
7052
7055
7056
7057
7061
7062
7063
7064
7065
7066
7068
7069
7072
7073
7074
7078
7079
7082
7083
7085
7086
7089
7090
7093
7097
7098
7099
7101
7102
7103
7104
7108
7109
7110
7112
7115
7116
7117
7123
7124
7125
7126
7127
7128
7130
7131
7132
7133
7134
7135
7136
7138
7140
7141
7143
7146
7147
7148
7152
7153
7154
7155
7156
7159
7164
7165
7175
7176
7177
7178
7179
7180
7183
7184
7186
7188
7189
7191
7192
7194
7199
7201
7202
7203
7207
7208
7209
7210
7211
7212
7213
7215
7220
7221
7222
7223
7224
7225
7226
7230
7231
7232
7235
7236
7238
7239
7240
7241
7242
7243
7245
7247
7248
7249
7250
7253
7254
7256
7257
7259
7267
7268
7270
7271
7272
7273
7274
7276
7279
7281
7282
7284
7285
7289
7290
7291
7292
7294
7296
7297
7298
7300
7302
7303
7310
7311
7312
7314
7315
7317
7320
7321
7322
7323
7324
7326
7328
7329
7331
7333
7335
7337
7338
7341
7344
7346
7347
7348
7351
7352
7353
7357
7358
7360
7363
7365
7366
7367
7374
7375
7376
7377
7378
7379
7382
7384
7385
7387
7390
7391
7392
7393
7394
7395
7396
7397
7398
7402
7403
7405
7406
7409
7410
7413
7416
7418
7419
7420
7422
7426
7427
7428
7430
7437
7438
7439
7440
7442
7443
7444
7445
7447
7448
7449
7451
7458
7459
7461
7462
7463
7465
7466
7470
7471
7472
7474
7475
7476
7478
7479
7480
7483
7484
7485
7488
7489
7490
7491
7498
7499
7501
7503
7506
7507
7508
7509
7513
7514
7515
7516
7517
7518
7519
7520
7523
7525
7526
7531
7532
7533
7534
7535
7537
7538
7540
7543
7544
7545
7546
7547
7550
7552
7553
7554
7557
7558
7559
7560
7562
7563
7565
7566
7569
7570
7571
7572
7573
7575
7576
7578
7579
7580
7583
7584
7586
7588
7589
7592
7593
7595
7596
7598
7599
7601
7602
7604
7605
7607
7608
7609
7612
7614
7617
7619
7620
7621
7622
7623
7624
7625
7626
7627
7629
7630
7631
7633
7635
7636
7637
7638
7640
7641
7645
7647
7648
7650
7651
7654
7655
7657
7661
7662
7663
7664
7665
7666
7668
7670
7671
7672
7676
7677
7680
7681
7682
7683
7684
7686
7687
7688
7690
7691
7694
7695
7696
7698
7699
7700
7701
7702
7703
7706
7707
7708
7710
7711
7712
7713
7714
7715
7718
7719
7720
7721
7723
7724
7725
7727
7729
7730
7733
7734
7735
7739
7740
7744
7746
7748
7749
7750
7754
7756
7758
7759
7761
7762
7765
7766
7768
7770
7771
7773
7774
7775
7776
7777
7779
7780
7781
7783
7784
7785
7787
7790
7791
7793
7794
7797
7799
7800
7801
7803
7804
7806
7807
7810
7811
7812
7814
7815
7816
7817
7818
7820
7822
7825
7826
7827
7828
7829
7830
7833
7834
7835
7837
7838
7839
7841
7842
7843
7846
7847
7849
7851
7852
7854
7856
7857
7858
7861
7862
7863
7864
7865
7867
7868
7869
7870
7871
7873
7874
7877
7878
7879
7880
7881
7886
7888
7890
7891
7893
7894
7897
7898
7899
7900
7902
7903
7904
7906
7907
7908
7909
7910
7913
7914
7915
7916
7917
7918
7922
7923
7924
7925
7928
7929
7930
7933
7934
7935
7936
7937
7940
7941
7942
7943
7944
7946
7949
7950
7951
7952
7953
7954
7955
7956
7958
7959
7960
7961
7962
7964
7967
7969
7970
7971
7972
7976
7979
7980
7981
7982
7984
7986
7993
7994
7995
7996
7998
8001
8003
8006
8007
8008
8009
8010
8013
8014
8016
8017
8021
8022
8024
8030
8034
8035
8036
8040
8041
8042
8046
8047
8048
8049
8051
8052
8053
8054
8059
8060
8062
8063
8064
8065
8066
8068
8071
8072
8073
8074
8075
8077
8078
8079
8080
8081
8084
8086
8087
8088
8090
8092
8093
8096
8099
8100
8101
8102
8104
8105
8108
8110
8115
8116
8118
8119
8120
8123
8125
8126
8128
8129
8130
8131
8133
8134
8135
8138
8141
8144
8145
8149
8150
8152
8153
8155
8157
8158
8159
8161
8164
8165
8166
8168
8169
8170
8174
8175
8176
8180
8185
8188
8194
8195
8196
8200
8201
8205
8206
8208
8209
8213
8215
8218
8222
8227
8228
8229
8232
8233
8234
8236
8237
8239
8240
8243
8245
8246
8248
8249
8251
8252
8253
8255
8259
8260
8261
8263
8268
8270
8275
8276
8277
8279
8280
8281
8282
8283
8287
8291
8292
8295
8306
8307
8308
8311
8312
8314
8315
8317
8318
8320
8324
8326
8327
8330
8331
8332
8333
8334
8335
8336
8337
8338
8342
8343
8345
8346
8347
8348
8349
8350
8353
8354
8355
8356
8357
8359
8361
8365
8366
8368
8369
8370
8371
8372
8373
8375
8376
8379
8381
8383
8387
8388
8392
8395
8396
8397
8399
8400
8401
8403
8404
8405
8406
8407
8408
8409
8410
8412
8417
8418
8421
8423
8424
8425
8428
8431
8434
8435
8437
8440
8441
8443
8444
8445
8446
8448
8449
8450
8454
8455
8456
8458
8459
8460
8461
8462
8464
8466
8469
8471
8472
8473
8478
8481
8482
8483
8484
8486
8488
8491
8492
8493
8499
8500
8501
8506
8507
8508
8510
8513
8514
8518
8520
8521
8522
8533
8535
8541
8542
8544
8547
8549
8557
8565
8567
8568
8569
8572
8577
8578
8579
8580
8581
8583
8586
8587
8588
8589
8590
8591
8594
8596
8599
8600
8603
8605
8606
8607
8608
8609
8611
8612
8613
8614
8616
8619
8620
8621
8622
8625
8628
8630
8632
8633
8635
8638
8640
8645
8648
8652
8655
8659
8660
8666
8669
8670
8673
8676
8677
8680
8682
8684
8685
8691
8693
8699
8702
8705
8706
8711
8714
8716
8719
8723
8724
8731
8732
8733
8734
8735
8736
8737
8740
8741
8744
8746
8749
8750
8752
8753
8755
8756
8758
8760
8764
8765
8769
8770
8771
8773
8775
8777
8780
8781
8784
8785
8786
8787
8789
8791
8792
8797
8799
8800
8802
8803
8805
8808
8811
8813
8814
8815
8816
8818
8820
8822
8823
8824
8825
8826
8827
8828
8829
8834
8835
8836
8837
8839
8842
8843
8844
8847
8849
8853
8854
8856
8857
8858
8860
8862
8863
8864
8865
8866
8867
8868
8869
8870
8871
8873
8874
8875
8877
8882
8884
8885
8888
8894
8896
8899
8904
8906
8907
8908
8911
8914
8915
8916
8917
8920
8921
8922
8925
8926
8927
8928
8929
8930
8938
8939
8940
8941
8943
8944
8946
8948
8949
8951
8952
8958
8965
8966
8967
8968
8969
8970
8973
8974
8977
8978
8979
8980
8981
8982
8983
8984
8985
8986
8988
8989
8992
8995
8999
9002
9004
9005
9006
9007
9008
9011
9013
9014
9015
9019
9021
9023
9027
9029
9031
9033
9036
9037
9039
9040
9044
9045
9049
9051
9052
9053
9054
9058
9060
9062
9063
9064
9065
9066
9072
9078
9079
9080
9081
9083
9085
9086
9089
9090
9091
9092
9094
9095
9096
9097
9098
9101
9102
9106
9109
9110
9111
9113
9117
9122
9124
9126
9127
9130
9131
9135
9137
9139
9140
9142
9143
9144
9148
9149
9150
9153
9157
9158
9164
9169
9170
9172
9174
9175
9177
9178
9179
9180
9181
9182
9184
9185
9192
9193
9194
9198
9199
9203
9204
9206
9207
9208
9209
9211
9212
9213
9214
9215
9216
9217
9218
9219
9220
9224
9228
9229
9233
9235
9236
9238
9239
9240
9242
9244
9245
9247
9248
9249
9250
9252
9255
9258
9262
9263
9264
9265
9266
9267
9268
9269
9270
9271
9272
9273
9274
9275
9276
9277
9278
9280
9281
9282
9283
9284
9286
9287
9288
9290
9295
9296
9297
9298
9299
9300
9301
9302
9304
9305
9306
9309
9310
9312
9314
9315
9322
9325
9326
9327
9328
9330
9335
9337
9338
9345
9346
9348
9350
9352
9355
9356
9361
9365
9368
9371
9374
9377
9378
9381
9383
9384
9385
9386
9389
9390
9391
9393
9394
9396
9398
9400
9401
9403
9405
9408
9410
9412
9415
9416
9417
9418
9421
9422
9423
9426
9429
9430
9433
9435
9438
9440
9443
9445
9449
9453
9459
9461
9462
9463
9466
9467
9470
9475
9476
9477
9478
9481
9484
9487
9488
9489
9491
9495
9497
9499
9501
9503
9507
9509
9513
9514
9519
9520
9521
9522
9523
9525
9526
9527
9528
9529
9530
9533
9535
9536
9537
9539
9540
9545
9547
9549
9550
9551
9554
9555
9556
9558
9560
9561
9562
9563
9565
9567
9568
9569
9571
9574
9575
9577
9579
9582
9583
9588
9589
9591
9593
9594
9595
9599
9600
9603
9607
9609
9613
9615
9619
9620
9625
9628
9629
9632
9639
9640
9644
9649
9651
9653
9654
9656
9660
9661
9662
9663
9665
9666
9669
9670
9671
9672
9673
9676
9677
9681
9682
9684
9685
9687
9691
9693
9695
9699
9702
9703
9708
9714
9715
9717
9718
9719
9721
9722
9727
9728
9730
9731
9732
9733
9735
9737
9740
9742
9747
9748
9749
9750
9751
9753
9755
9756
9759
9760
9761
9763
9764
9765
9766
9767
9768
9769
9771
9776
9781
9788
9790
9791
9794
9798
9802
9808
9810
9813
9815
9816
9817
9819
9821
9823
9824
9827
9828
9829
9830
9833
9835
9839
9840
9841
9846
9847
9848
9850
9852
9857
9860
9861
9862
9863
9866
9868
9870
9872
9874
9877
9880
9881
9882
9883
9884
9886
9889
9890
9892
9896
9898
9899
9902
9903
9906
9907
9908
9909
9910
9911
9915
9920
9921
9922
9924
9929
9930
9931
9935
9941
9944
9945
9948
9949
9951
9953
9955
9959
9963
9964
9970
9973
9974
9975
9980
9981
9987
9990
9994
9995
9998
10008
10009
10011
10012
10013
10014
10016
10017
10018
10021
10023
10025
10029
10032
10034
10036
10037
10044
10045
10046
10047
10048
10051
10056
10061
10063
10064
10065
10067
10068
10070
10075
10081
10083
10088
10090
10102
10104
10110
10114
10121
10122
10127
10129
10131
10132
10138
10139
10142
10144
10145
10151
10152
10154
10155
10157
10158
10159
10161
10163
10164
10166
10169
10173
10179
10180
10181
10184
10187
10188
10189
10190
10192
10193
10195
10197
10200
10202
10203
10210
10216
10218
10227
10230
10232
10233
10235
10236
10237
10240
10244
10245
10247
10249
10252
10254
10263
10267
10268
10269
10275
10277
10281
10283
10286
10290
10291
10293
10294
10295
10297
10302
10304
10306
10312
10317
10334
10336
10338
10342
10345
10348
10349
10357
10358
10360
10361
10371
10373
10378
10380
10381
10383
10388
10389
10390
10395
10404
10408
10409
10410
10411
10413
10419
10424
10426
10428
10434
10436
10437
10439
10445
10446
10447
10449
10450
10461
10466
10468
10471
10473
10474
10479
10480
10481
10482
10485
10486
10488
10490
10492
10494
10495
10497
10499
10501
10510
10513
10517
10523
10528
10529
10532
10538
10543
10544
10545
10548
10553
10555
10557
10558
10560
10562
10567
10571
10573
10576
10580
10583
10585
10587
10591
10594
10595
10600
10605
10608
10609
10610
10619
10620
10627
10632
10636
10640
10641
10644
10646
10651
10652
10653
10659
10667
10670
10672
10674
10675
10689
10690
10692
10695
10699
10700
10701
10702
10704
10708
10717
10720
10721
10722
10723
10728
10729
10730
10731
10733
10736
10740
10743
10745
10749
10751
10752
10757
10759
10761
10764
10767
10769
10771
10772
10773
10774
10775
10776
10777
10779
10780
10782
10783
10784
10785
10786
10787
10788
10789
10791
10792
10796
10799
10800
10801
10804
10806
10807
10808
10810
10812
10813
10814
10815
10824
10825
10830
10833
10834
10836
10841
10845
10846
10852
10853
10854
10857
10860
10864
10868
10869
10871
10872
10877
10878
10879
10881
10889
10891
10892
10893
10897
10900
10906
10909
10912
10927
10928
10935
10941
10942
10944
10945
10947
10950
10959
10960
10963
10964
10969
10971
10972
10973
10982
10987
10990
10991
10994
10995
11002
11003
11005
11006
11016
11019
11021
11032
11035
11036
11037
11040
11044
11046
11047
11049
11051
11053
11060
11062
11063
11064
11068
11069
11076
11077
11082
11083
11086
11087
11090
11094
11096
11101
11108
11116
11118
11123
11125
11126
11127
11131
11134
11137
11138
11139
11140
11141
11144
11145
11146
11147
11148
11151
11153
11154
11155
11157
11159
11160
11163
11165
11166
11168
11169
11172
11181
11182
11193
11194
11195
11199
11204
11208
11209
11212
11213
11218
11223
11224
11225
11227
11229
11235
11237
11238
11243
11244
11248
11251
11256
11260
11270
11275
11276
11285
11290
11293
11297
11299
11301
11304
11305
11308
11313
11314
11316
11317
11320
11323
11326
11342
11344
11345
11346
11348
11351
11352
11353
11354
11358
11371
11375
11377
11379
11386
11387
11388
11390
11394
11395
11399
11400
11401
11402
11403
11404
11405
11406
11407
11408
11410
11412
11413
11414
11418
11419
11426
11427
11430
11439
11444
11448
11450
11451
11455
11458
11460
11462
11463
11464
11469
11472
11474
11476
11482
11483
11484
11485
11492
11494
11500
11502
11503
11511
11512
11513
11516
11527
11529
11533
11535
11538
11540
11541
11542
11543
11545
11546
11547
11549
11552
11554
11561
11562
11563
11565
11568
11569
11570
11571
11572
11574
11577
11578
11579
11581
11582
11591
11593
11597
11605
11606
11607
11609
11610
11617
11619
11629
11630
11631
11632
11634
11637
11639
11640
11643
11644
11648
11652
11654
11660
11662
11665
11667
11672
11678
11682
11683
11685
11689
11694
11695
11696
11702
11703
11705
11706
11710
11712
11713
11714
11716
11723
11726
11728
11729
11730
11731
11732
11740
11744
11761
11762
11763
11765
11769
11780
11781
11782
11790
11795
11804
11806
11813
11814
11821
11825
11826
11829
11836
11847
11851
11853
11855
11858
11866
11870
11875
11881
11886
11890
11893
11895
11897
11904
11906
11908
11910
11911
11913
11914
11918
11925
11931
11939
11940
11941
11942
11955
11959
11963
11968
11971
11978
11980
11982
11983
11987
11990
11993
11994
11995
11996
12001
12003
12006
12007
12008
12009
12013
12014
12015
12018
12027
12038
12040
12043
12046
12055
12057
12060
12061
12062
12069
12070
12079
12080
12085
12100
12104
12110
12112
12117
12121
12122
12123
12127
12130
12131
12132
12133
12134
12135
12137
12138
12139
12140
12141
12142
12143
12144
12146
12148
12149
12150
12157
12158
12163
12166
12167
12169
12171
12173
12177
12178
12179
12180
12182
12183
12186
12190
12194
12195
12199
12209
12210
12211
12215
12218
12225
12227
12230
12231
12234
12235
12237
12239
12241
12242
12243
12246
12247
12252
12259
12263
12265
12276
12277
12278
12280
12281
12282
12288
12293
12296
12297
12300
12302
12303
12305
12307
12310
12315
12316
12318
12319
12320
12321
12322
12323
12325
12328
12337
12341
12345
12354
12355
12358
12359
12362
12366
12367
12373
12374
12379
12384
12385
12386
12387
12390
12391
12392
12395
12401
12402
12405
12406
12407
12413
12415
12419
12420
12427
12428
12431
12436
12442
12444
12445
12446
12447
12448
12470
12482
12496
12499
12504
12505
12506
12509
12510
12513
12515
12517
12518
12519
12521
12522
12525
12526
12531
12532
12533
12534
12539
12540
12546
12548
12550
12554
12555
12556
12557
12558
12559
12560
12561
12562
12563
12565
12566
12567
12568
12579
12585
12587
12588
12591
12593
12594
12599
12602
12605
12606
12611
12613
12625
12638
12650
12651
12657
12658
12660
12664
12667
12675
12676
12677
12678
12679
12680
12682
12683
12687
12691
12693
12699
12700
12701
12704
12705
12707
12709
12710
12715
12716
12720
12721
12726
12728
12732
12738
12739
12741
12742
12743
12745
12748
12749
12756
12757
12761
12767
12778
12786
12787
12793
12798
12799
12800
12805
12806
12809
12810
12828
12833
12857
12861
12870
12876
12879
12880
12889
12891
12892
12898
12902
12906
12908
12914
12915
12916
12919
12925
12927
12934
12937
12939
12940
12950
12952
12954
12955
12956
12960
12961
12962
12963
12965
12966
12967
12968
12969
12970
12971
12973
12975
12976
12979
12987
12988
12994
13012
13014
13016
13017
13019
13020
13025
13034
13036
13037
13050
13051
13055
13062
13064
13066
13068
13069
13071
13073
13086
13093
13098
13104
13113
13119
13121
13130
13133
13134
13137
13139
13141
13144
13151
13152
13158
13162
13167
13168
13172
13175
13181
13186
13190
13195
13196
13200
13201
13202
13203
13205
13209
13216
13224
13227
13230
13235
13238
13239
13244
13247
13248
13253
13254
13255
13258
13260
13263
13265
13267
13269
13273
13275
13278
13279
13281
13282
13284
13286
13288
13290
13291
13294
13296
13297
13299
13301
13304
13306
13309
13312
13313
13314
13316
13317
13322
13331
13332
13333
13339
13344
13350
13354
13360
13361
13363
13368
13369
13377
13378
13381
13382
13389
13395
13399
13400
13405
13409
13415
13418
13419
13421
13423
13424
13429
13430
13431
13433
13434
13438
13440
13441
13442
13455
13469
13479
13483
13484
13491
13492
13495
13496
13501
13506
13507
13511
13512
13513
13514
13517
13518
13520
13523
13528
13535
13538
13543
13545
13553
13554
13556
13557
13558
13559
13562
13567
13568
13570
13572
13573
13574
13577
13578
13583
13584
13586
13588
13589
13591
13597
13599
13600
13602
13604
13605
13609
13611
13616
13617
13623
13628
13629
13630
13633
13644
13645
13647
13650
13651
13652
13654
13655
13656
13661
13662
13663
13671
13674
13680
13681
13684
13685
13687
13688
13689
13690
13691
13705
13712
13713
13714
13716
13718
13720
13724
13731
13732
13739
13740
13745
13746
13747
13748
13750
13756
13757
13760
13763
13764
13770
13772
13776
13783
13789
13791
13793
13796
13799
13805
13806
13808
13811
13812
13813
13825
13832
13840
13842
13846
13848
13850
13854
13856
13857
13858
13860
13865
13868
13869
13870
13873
13875
13877
13881
13884
13890
13893
13904
13909
13913
13917
13920
13926
13927
13929
13934
13940
13942
13943
13948
13956
13960
13963
13964
13967
13968
13970
13974
13977
13978
13980
13981
13985
13986
13989
13990
13991
13997
14000
14001
14003
14006
14007
14014
14020
14029
14032
14035
14036
14037
14038
14039
14042
14047
14052
14056
14061
14065
14073
14074
14087
14098
14100
14103
14105
14109
14116
14117
14121
14123
14127
14132
14133
14137
14140
14146
14149
14150
14151
14153
14159
14161
14162
14168
14173
14174
14180
14192
14205
14223
14224
14233
14239
14241
14244
14246
14248
14257
14261
14266
14268
14270
14272
14275
14282
14284
14289
14294
14312
14322
14329
14337
14344
14355
14361
14363
14364
14370
14374
14383
14385
14391
14396
14400
14404
14405
14410
14411
14416
14419
14427
14447
14449
14454
14463
14467
14468
14470
14471
14474
14486
14493
14499
14506
14510
14516
14526
14534
14540
14552
14554
14560
14561
14564
14574
14575
14581
14585
14590
14603
14613
14615
14621
14626
14627
14638
14642
14646
14648
14652
14653
14654
14655
14656
14658
14659
14664
14665
14669
14670
14689
14690
14694
14703
14705
14708
14718
14720
14722
14723
14726
14727
14729
14732
14734
14741
14747
14752
14753
14754
14763
14764
14765
14768
14776
14777
14780
14785
14793
14794
14796
14801
14804
14812
14814
14829
14831
14832
14835
14837
14838
14841
14845
14848
14850
14852
14853
14858
14861
14863
14864
14866
14878
14880
14881
14884
14889
14893
14901
14904
14909
14910
14911
14912
14915
14921
14923
14927
14930
14934
14936
14940
14947
14949
14955
14956
14957
14960
14963
14967
14968
14980
14981
14982
14983
14987
14990
14991
15000
15001
15005
15006
15007
15011
15015
15017
15023
15032
15048
15051
15054
15055
15056
15059
15063
15066
15067
15069
15072
15085
15086
15088
15095
15097
15100
15108
15109
15110
15117
15121
15132
15135
15136
15142
15145
15146
15153
15154
15155
15157
15159
15161
15162
15170
15172
15176
15179
15180
15182
15183
15186
15191
15195
15203
15209
15210
15214
15217
15219
15220
15222
15229
15232
15241
15243
15245
15246
15247
15248
15249
15257
15261
15263
15273
15275
15277
15278
15280
15294
15300
15310
15317
15319
15320
15324
15336
15338
15340
15347
15348
15360
15362
15365
15367
15372
15373
15375
15382
15384
15388
15392
15410
15415
15417
15423
15427
15428
15430
15434
15435
15436
15444
15447
15455
15463
15464
15468
15478
15488
15491
15496
15507
15512
15514
15518
15520
15524
15525
15528
15534
15540
15557
15559
15564
15571
15574
15581
15595
15596
15599
15600
15610
15611
15614
15624
15626
15627
15640
15644
15645
15650
15651
15652
15657
15666
15668
15671
15677
15681
15709
15714
15728
15730
15735
15737
15739
15742
15764
15765
15771
15777
15782
15783
15825
15837
15847
15849
15850
15854
15864
15865
15867
15870
15871
15879
15881
15896
15898
15904
15914
15920
15925
15927
15931
15932
15934
15946
15947
15960
15968
15970
15973
15979
15981
15983
15991
16000
16010
16011
16019
16035
16037
16041
16042
16056
16057
16060
16063
16071
16078
16085
16087
16089
16091
16098
16099
16108
16109
16112
16115
16117
16131
16141
16152
16153
16154
16164
16167
16170
16173
16179
16181
16182
16184
16185
16195
16196
16201
16220
16227
16240
16241
16243
16264
16265
16276
16281
16300
16301
16311
16324
16332
16344
16346
16350
16355
16356
16357
16363
16365
16372
16375
16377
16386
16394
16397
16399
16412
16413
16421
16422
16423
16427
16433
16438
16439
16450
16454
16456
16458
16464
16478
16481
16489
16494
16495
16498
16499
16500
16504
16510
16516
16523
16524
16525
16528
16529
16533
16534
16536
16546
16551
16560
16567
16568
16570
16578
16579
16582
16590
16593
16596
16597
16598
16601
16602
16605
16607
16609
16612
16624
16625
16628
16630
16636
16643
16645
16646
16655
16656
16658
16662
16666
16668
16697
16701
16706
16709
16710
16713
16726
16739
16754
16758
16762
16765
16768
16771
16773
16785
16789
16791
16792
16804
16805
16809
16813
16814
16818
16826
16878
16916
16949
16957
16981
17032
17081
17096
17097
17105
17122
17125
17141
17144
17152
17153
17155
17159
17162
17169
17173
17176
17186
17189
17191
17213
17221
17245
17248
17249
17250
17251
17252
17253
17255
17257
17260
17261
17263
17265
17266
17269
17270
17271
17272
17273
17276
17278
17281
17282
17283
17284
17287
17288
17289
17290
17291
17292
17293
17294
17295
17296
17297
17298
17301
17303
17304
17305
17306
17307
17309
17310
17313
17321
17324
17340
17405
17406
17410
17412
17423
17425
17441
17446
17454
17455
17456
17458
17490
17493
17497
17506
17515
17528
17535
17548
17565
17566
17568
17570
17575
17576
17640
17654
17661
17665
17691
17715
17748
17749
17775
17777
17778
17783
17787
17795
17800
17801
17802
17806
17812
17820
17821
17822
17824
17826
17829
17834
17844
17849
17857
17858
17877
17878
17887
17890
17895
17897
17905
17915
17929
17931
17934
17942
17945
17947
17949
17968
17971
17974
17988
18002
18008
18011
18017
18048
18051
18052
18055
18056
18057
18060
18061
18063
18064
18065
18066
18068
18071
18074
18077
18080
18082
18085
18087
18088
18089
18090
18091
18093
18094
18096
18097
18099
18101
18104
18105
18106
18107
18108
18111
18112
18113
18114
18115
18116
18117
18118
18119
18120
18121
18122
18123
18124
18125
18126
18127
18128
18129
18130
18131
18132
18133
18135
18136
18137
18138
18139
18140
18141
18142
18143
18144
18146
18151
18152
18156
18157
18161
18166
18167
18168
18170
18173
18174
18175
18176
18177
18179
18180
18181
18182
18183
18184
18187
18189
18196
18197
18198
18199
18200
18201
18202
18204
18205
18207
18208
18209
18210
18211
18212
18213
18214
18215
18216
18217
18218
18219
18220
18221
18222
18223
18224
18225
18226
18227
18228
18229
18230
18237
18240
18241
18242
18247
18249
18250
18255
18256
18261
18262
18263
18282
18284
18293
18294
18295
18298
18300
18301
18303
18304
18305
18309
18316
18318
18319
18321
18322
18324
18326
18332
18334
18339
18341
18343
18349
18350
18351
18353
18355
18357
18366
18367
18372
18374
18379
18380
18387
18388
18391
18396
18406
18408
18410
18413
18422
18433
18443
18448
18449
18453
18460
18469
18470
18477
18487
18489
18490
18497
18498
18503
18510
18514
18517
18518
18520
18530
18533
18543
18546
18557
18563
18578
18581
18595
18605
18607
18608
18609
18611
18612
18628
18629
18644
18646
18666
18670
18672
18681
18686
18689
18690
18706
18709
18716
18720
18728
18730
18734
18743
18744
18746
18747
18755
18757
18764
18783
18785
18786
18788
18802
18814
18815
18818
18820
18821
18827
18829
18830
18834
18838
18850
18862
18863
18866
18880
18885
18886
18892
18910
18912
18913
18920
18929
18935
18938
18940
18944
18956
18968
18978
18979
18980
18984
18985
18986
18987
18988
18990
18991
18993
18996
19006
19009
19010
19013
19035
19044
19058
19084
19116
19123
19131
19133
19136
19138
19140
19150
19158
19168
19190
19198
19226
19247
19255
19256
19263
19266
19268
19375
19398
19445
19488
19489
19499
19507
19508
19529
19554
19593
19607
19639
19665
19671
19673
19682
19693
19705
19768
19830
19867
19888
19891
19894
19929
