17
23
26
35
39
60
69
88
97
119
128
147
167
170
171
178
180
191
198
200
204
207
215
217
229
241
247
278
285
287
295
312
344
347
367
378
385
438
450
463
470
477
517
530
554
558
620
670
673
680
700
720
736
769
780
787
792
827
857
884
904
909
917
918
940
944
949
973
981
991
1003
1024
1025
1030
1073
1074
1078
1097
1103
1133
1139
1158
1159
1167
1190
1198
1254
1279
1299
1319
1328
1386
1410
1431
1440
1442
1465
1516
1536
1581
1596
1599
1610
1670
1679
1736
1762
1771
1781
1792
1811
1836
1846
1867
1947
1976
1982
2006
2021
2025
2027
2036
2064
2073
2125
2154
2160
2238
2262
2308
2363
2406
2489
2493
2499
2549
2554
2587
2615
2623
2635
2641
2645
2648
2650
2666
2671
2674
2682
2725
2726
2732
2736
2749
2755
2770
2792
2793
2814
2830
2840
2850
2852
2856
2897
2907
2908
2920
2931
2939
2940
2949
2953
2986
3010
3051
3062
3067
3083
3100
3102
3104
3116
3166
3171
3253
3271
3281
3298
3308
3311
3331
3384
3388
3404
3407
3410
3416
3463
3468
3479
3482
3493
3504
3530
3544
3552
3573
3621
3625
3632
3647
3651
3694
3700
3703
3709
3732
3735
3752
3757
3760
3772
3803
3821
3901
3922
3931
3932
3980
4012
4019
4020
4023
4033
4036
4054
4105
4119
4146
4160
4185
4188
4201
4208
4221
4229
4250
4261
4293
4301
4312
4321
4352
4359
4377
4381
4389
4397
4441
4452
4478
4491
4607
4619
4647
4662
4670
4712
4719
4735
4743
4765
4777
4781
4817
4826
4829
4834
4846
4894
4945
4955
4994
5011
5035
5081
5148
5153
5160
5168
5247
5263
5273
5332
5384
5400
5470
5476
5479
5487
5502
5515
5521
5531
5559
5571
5593
5621
5669
5684
5685
5689
5690
5700
5734
5773
5778
5794
5796
5848
5918
5925
5953
5980
6027
6031
6073
6093
6106
6143
6150
6160
6183
6213
6241
6255
6291
6314
6326
6362
6371
6374
6380
6389
6461
6556
6597
6629
6647
6680
6694
6713
6731
6734
6747
6796
6814
6842
6913
6922
7000
7029
7064
7131
7132
7219
7282
7397
7419
7461
7499
7507
7514
7532
7550
7557
7558
7662
7665
7732
7759
7786
7790
7847
7873
7954
7994
8047
8081
8125
8136
8153
8161
8169
8170
8209
8222
8228
8282
8337
8343
8350
8358
8368
8372
8480
8508
8529
8541
8572
8603
8705
8742
8805
8842
8893
8917
8986
9008
9013
9049
9089
9105
9135
9174
9211
9288
9293
9384
9424
9511
9540
9594
9607
9629
9671
9715
9759
9764
9816
9847
9860
10040
10180
10187
10317
10399
10517
10532
10571
10779
10799
10920
11005
11009
11016
11064
11069
11123
11131
11145
11170
11181
11388
11479
11511
11568
11593
11601
11784
11886
11923
12100
12114
12189
12257
12355
12548
12720
12869
12954
12960
12994
13012
13034
13061
13105
13144
13155
13158
13267
13338
13382
13491
13511
13616
13634
13647
13666
13685
13690
14023
14117
14374
14405
14561
14646
14788
14918
14982
14990
15059
15281
15340
15431
15508
15579
15597
15654
15826
15865
15907
16056
16193
16241
16485
16560
17144
17305
17323
17801
17934
18051
18058
18105
18115
18123
18125
18129
18132
18136
18138
18142
18144
18156
18181
18213
18229
18282
18294
18350
18376
18483
18638
18699
19006
19042
