15
17
24
39
41
42
47
48
53
54
60
69
70
77
81
97
98
101
103
123
126
128
130
145
146
149
152
157
163
180
181
183
197
201
204
207
217
219
228
229
237
241
247
254
262
264
270
275
287
295
300
303
308
312
317
321
322
347
349
350
351
366
377
419
426
427
432
438
445
448
449
451
454
464
471
477
481
503
510
513
519
525
526
548
553
554
555
565
572
596
604
606
608
612
623
652
664
665
670
673
700
702
703
707
722
725
734
739
750
754
774
777
785
787
789
794
796
798
801
806
817
822
830
831
837
845
847
850
856
863
868
872
882
883
900
920
934
944
950
974
976
991
994
1011
1025
1043
1062
1074
1076
1077
1086
1104
1147
1158
1161
1162
1179
1181
1191
1200
1208
1220
1227
1232
1241
1246
1250
1274
1286
1292
1328
1355
1370
1375
1389
1403
1422
1447
1450
1465
1480
1485
1495
1504
1518
1536
1541
1545
1554
1556
1570
1572
1576
1622
1623
1629
1641
1644
1660
1673
1705
1731
1744
1764
1772
1773
1774
1792
1802
1808
1810
1811
1820
1821
1881
1884
1886
1907
1919
1925
1947
1959
1972
1989
1996
2009
2016
2027
2028
2036
2037
2041
2043
2044
2052
2076
2088
2096
2099
2124
2159
2176
2178
2199
2209
2224
2251
2254
2256
2268
2284
2290
2294
2311
2320
2321
2354
2363
2393
2418
2424
2464
2473
2480
2508
2516
2519
2521
2523
2528
2536
2539
2543
2548
2552
2558
2563
2568
2582
2583
2609
2615
2645
2649
2650
2657
2662
2670
2678
2679
2691
2703
2710
2713
2742
2761
2763
2765
2775
2799
2807
2816
2820
2832
2833
2848
2861
2863
2885
2889
2893
2906
2907
2922
2933
2939
2941
2954
2961
2973
2978
2983
2988
2997
3004
3007
3009
3028
3065
3088
3089
3092
3107
3116
3126
3130
3133
3139
3153
3156
3162
3165
3169
3174
3185
3187
3205
3226
3232
3248
3250
3254
3275
3279
3308
3322
3323
3332
3336
3337
3343
3346
3350
3354
3359
3364
3376
3384
3385
3398
3431
3437
3450
3459
3461
3463
3466
3476
3480
3492
3504
3511
3516
3522
3523
3527
3532
3536
3539
3545
3547
3549
3553
3567
3568
3576
3581
3595
3597
3607
3609
3614
3623
3626
3632
3658
3683
3699
3701
3704
3707
3709
3722
3727
3732
3744
3746
3752
3756
3763
3766
3767
3772
3777
3786
3801
3803
3813
3822
3823
3829
3844
3855
3857
3866
3898
3901
3921
3923
3927
3949
3962
3963
3968
3969
4022
4023
4032
4033
4056
4071
4077
4079
4087
4101
4103
4108
4113
4118
4128
4131
4153
4158
4159
4160
4175
4184
4219
4220
4229
4230
4239
4250
4256
4264
4274
4291
4292
4293
4312
4323
4334
4340
4370
4390
4405
4421
4425
4426
4427
4438
4441
4454
4455
4456
4466
4484
4487
4491
4544
4546
4549
4559
4562
4563
4569
4582
4584
4587
4591
4599
4603
4701
4710
4718
4725
4726
4734
4753
4765
4769
4776
4778
4788
4799
4807
4814
4816
4820
4846
4863
4864
4868
4869
4871
4894
4903
4909
4912
4919
4920
4931
4946
4957
5033
5066
5074
5075
5084
5087
5134
5153
5158
5198
5215
5244
5247
5254
5262
5273
5290
5301
5309
5331
5352
5356
5375
5376
5388
5399
5409
5425
5428
5435
5476
5479
5491
5493
5504
5521
5564
5571
5577
5581
5589
5590
5630
5639
5640
5649
5668
5685
5697
5702
5716
5734
5751
5758
5763
5766
5778
5780
5795
5827
5829
5834
5835
5836
5857
5867
5875
5876
5880
5931
5936
5950
5977
5996
6000
6033
6039
6045
6063
6093
6108
6122
6171
6219
6253
6286
6350
6353
6373
6391
6409
6410
6414
6424
6427
6462
6531
6561
6564
6566
6574
6584
6596
6609
6626
6634
6639
6687
6690
6738
6761
6763
6790
6807
6870
6880
6898
6906
6907
6926
6956
6979
7005
7049
7052
7065
7067
7074
7077
7078
7081
7108
7132
7164
7175
7215
7219
7235
7242
7244
7254
7274
7276
7279
7358
7359
7366
7377
7385
7412
7443
7448
7461
7503
7504
7517
7532
7557
7565
7573
7592
7609
7618
7623
7626
7630
7641
7648
7661
7676
7699
7707
7729
7746
7761
7762
7781
7822
7825
7835
7837
7839
7856
7868
7874
7877
7878
7886
7887
7891
7918
7934
7940
7946
7964
7971
7980
7987
8014
8074
8075
8081
8093
8104
8107
8116
8117
8119
8160
8161
8194
8195
8215
8228
8229
8230
8234
8252
8266
8276
8282
8295
8338
8348
8354
8364
8372
8412
8428
8451
8455
8472
8491
8510
8533
8576
8588
8594
8619
8648
8650
8667
8714
8732
8733
8775
8782
8785
8822
8843
8849
8860
8862
8865
8866
8907
8917
8926
8939
8965
8973
8983
8995
9003
9030
9049
9066
9083
9090
9095
9096
9097
9109
9148
9198
9207
9208
9229
9258
9270
9277
9280
9281
9283
9291
9320
9330
9339
9343
9351
9394
9417
9449
9476
9479
9494
9527
9530
9548
9560
9562
9573
9604
9621
9632
9649
9669
9693
9724
9728
9755
9810
9829
9845
9860
9884
9911
9920
9946
9975
9990
10063
10079
10154
10171
10178
10181
10195
10201
10237
10269
10288
10322
10323
10365
10391
10399
10428
10445
10480
10523
10538
10543
10558
10565
10605
10607
10614
10647
10722
10727
10728
10773
10774
10779
10784
10785
10791
10847
10892
10912
10920
10942
10943
10945
10951
11069
11082
11090
11126
11146
11157
11259
11379
11383
11404
11413
11483
11512
11533
11538
11545
11553
11570
11603
11619
11639
11643
11648
11661
11662
11714
11716
11724
11751
11780
11890
11941
11960
12007
12062
12079
12121
12138
12139
12140
12141
12178
12179
12193
12246
12247
12288
12385
12444
12506
12515
12521
12568
12676
12677
12705
12710
12714
12716
12876
12891
12956
12994
13017
13035
13137
13304
13324
13418
13527
13562
13656
13685
13688
13776
13869
13915
13926
14003
14017
14117
14133
14324
14361
14383
14490
14564
14570
14614
14638
14709
14720
14723
14752
14783
14812
14845
14866
14914
14929
14945
15095
15153
15333
15340
15455
15478
15533
15651
15666
15767
15771
15847
15854
15936
15997
16071
16085
16201
16206
16227
16377
16407
16516
16542
16568
16609
16639
16792
17221
17249
17254
17271
17288
17292
17493
17539
17575
17816
17890
18010
18057
18062
18115
18124
18127
18130
18132
18133
18145
18156
18182
18210
18211
18212
18243
18345
18398
18433
18481
18490
18615
18633
18650
18765
18795
18804
18927
18935
18984
19150
19356
