26
77
130
146
181
295
427
431
438
782
805
892
944
973
1077
1108
1242
1256
1286
1348
1404
1521
1616
1792
2364
2548
2590
2595
2662
2669
2747
2828
3113
3123
3253
3264
3311
3331
3384
3404
3433
3450
3483
3498
3509
3609
3624
3683
3689
3764
3843
4012
4118
4200
4220
4481
4491
4766
4787
4803
5196
5273
5326
5330
5369
5589
6093
6331
6401
6461
6548
7087
7132
7532
7707
7713
7746
7785
7828
7832
7859
7912
7994
8009
8074
8314
8335
9179
9476
9816
10091
10806
11126
11154
12003
12247
13562
13673
13674
14272
14664
16117
16118
16162
16201
16590
17144
17249
17250
17251
17252
17253
17254
17255
17256
17257
17259
17260
17264
17266
17267
17268
17269
17271
17274
17275
17276
17278
17280
17281
17282
17283
17285
17287
17288
17289
17290
17292
17293
17295
17296
17297
17299
17300
17303
17304
17305
17306
17307
17308
17309
17310
