0
1
2
3
4
5
6
7
8
9
10
11
12
13
14
15
16
17
18
19
20
21
22
23
24
25
26
27
28
29
30
32
33
34
35
36
37
38
39
40
41
42
44
46
47
48
49
51
53
54
55
56
57
58
59
60
61
62
63
64
65
66
67
68
69
70
71
72
73
74
75
76
77
78
79
80
81
82
83
84
85
86
87
88
89
90
91
92
93
94
95
96
97
98
99
100
101
103
105
106
107
108
109
110
111
112
113
114
115
116
117
118
119
120
121
122
123
124
125
126
127
128
129
130
131
132
133
134
135
136
137
138
140
141
142
143
145
146
147
149
150
152
153
155
156
157
158
159
160
161
162
163
165
166
167
168
169
170
172
173
174
175
176
177
178
179
180
181
182
183
185
186
187
188
189
190
191
192
193
194
195
196
197
199
200
201
202
203
204
205
206
207
208
209
210
211
212
213
214
215
216
217
218
219
220
221
222
224
225
226
227
228
229
230
232
233
234
236
237
239
240
241
242
243
244
245
246
247
248
250
251
253
254
255
257
258
259
260
262
263
264
265
266
268
269
270
271
272
273
274
275
276
277
278
279
280
282
283
284
285
286
287
288
289
290
292
293
294
295
296
297
298
299
300
301
302
303
304
305
306
307
308
310
311
312
313
314
315
317
318
319
320
321
322
323
324
325
326
327
328
329
330
331
332
333
334
335
336
337
339
340
341
342
343
344
345
346
347
348
349
350
351
352
353
355
356
357
358
359
360
361
362
363
364
365
366
367
368
369
370
371
372
373
374
375
376
377
378
379
380
381
382
383
384
385
386
387
388
389
390
391
392
393
394
395
396
400
401
402
403
404
405
406
407
408
409
410
411
413
416
417
418
419
420
421
422
423
424
425
426
427
428
429
430
431
432
433
434
435
436
437
438
439
440
441
442
443
445
446
447
448
449
450
451
453
454
455
456
457
458
459
460
461
463
464
465
467
468
469
470
471
473
474
475
476
477
479
480
481
482
483
484
485
488
489
490
491
492
493
494
500
501
502
503
504
505
506
507
508
510
512
513
514
515
516
517
518
519
520
521
522
523
524
525
526
527
529
530
532
533
534
535
536
537
538
539
540
541
542
543
544
545
546
547
548
549
550
551
552
553
554
555
557
558
559
561
563
564
565
567
568
569
570
571
573
574
575
576
577
579
580
581
582
584
585
586
587
588
589
590
592
593
594
596
597
599
600
601
602
603
604
605
606
607
609
610
611
612
613
614
615
616
617
618
619
620
621
622
623
624
625
626
627
628
629
631
632
633
634
635
636
637
638
639
640
641
645
646
647
648
649
650
651
652
653
654
655
656
657
658
659
660
661
662
663
664
665
666
667
669
670
671
672
673
674
675
676
677
678
679
680
681
682
683
684
685
686
687
688
689
690
691
692
693
694
695
696
697
698
700
701
702
703
704
706
707
708
709
710
712
714
715
717
718
719
720
721
722
723
724
725
726
727
728
730
731
732
733
734
735
736
737
738
739
740
741
742
743
744
745
746
748
750
751
752
753
754
755
756
757
758
759
760
761
762
763
765
767
768
769
770
772
773
774
775
776
777
778
779
780
781
782
783
785
787
788
789
790
792
793
794
795
796
797
798
799
800
801
802
803
804
805
806
807
808
809
810
811
813
814
815
817
818
819
820
821
822
823
824
825
826
827
829
830
831
832
833
834
835
836
837
838
839
840
843
844
845
846
847
848
849
850
851
852
853
854
855
856
857
858
859
860
862
863
864
865
867
868
869
870
871
872
873
874
875
877
878
879
880
881
882
883
884
885
886
887
888
889
891
892
893
894
895
896
897
898
899
900
901
902
903
904
905
906
907
908
909
911
912
914
916
917
918
919
920
921
922
923
924
927
928
929
930
931
932
933
934
935
936
938
940
941
942
943
944
945
946
947
948
949
950
951
952
953
954
955
956
957
958
959
960
961
963
964
965
966
967
968
969
971
973
974
975
976
978
980
981
982
983
984
986
987
988
990
991
992
993
994
995
996
997
998
999
1002
1003
1004
1005
1006
1008
1009
1011
1012
1013
1014
1015
1016
1017
1018
1019
1020
1021
1022
1023
1024
1025
1027
1028
1029
1030
1031
1033
1034
1035
1036
1037
1038
1040
1041
1042
1043
1044
1045
1048
1049
1050
1051
1052
1053
1055
1056
1057
1058
1059
1061
1062
1063
1064
1065
1066
1067
1068
1069
1070
1071
1072
1073
1074
1075
1076
1077
1078
1079
1081
1082
1083
1084
1085
1086
1088
1089
1091
1092
1093
1096
1097
1098
1099
1102
1103
1104
1105
1106
1107
1108
1109
1110
1111
1112
1113
1114
1115
1117
1118
1119
1120
1121
1122
1123
1124
1125
1126
1127
1128
1129
1130
1131
1132
1133
1134
1137
1138
1139
1141
1143
1144
1145
1146
1147
1148
1149
1150
1152
1153
1154
1155
1156
1157
1158
1159
1160
1161
1162
1163
1164
1165
1166
1167
1168
1169
1170
1172
1174
1177
1178
1179
1180
1181
1182
1184
1185
1186
1187
1189
1190
1191
1194
1195
1196
1198
1199
1200
1201
1202
1204
1206
1207
1208
1209
1210
1212
1213
1214
1215
1216
1217
1218
1219
1220
1221
1222
1223
1224
1225
1226
1227
1228
1229
1230
1231
1232
1234
1235
1236
1237
1238
1239
1240
1242
1245
1246
1248
1250
1251
1252
1253
1256
1257
1258
1259
1260
1261
1262
1263
1264
1265
1267
1268
1269
1270
1271
1272
1273
1274
1276
1277
1278
1279
1281
1283
1285
1286
1287
1288
1290
1291
1292
1293
1294
1295
1296
1297
1298
1299
1302
1303
1304
1305
1307
1308
1309
1310
1312
1313
1314
1315
1316
1319
1320
1321
1322
1323
1325
1326
1327
1328
1329
1331
1333
1334
1335
1337
1338
1339
1341
1342
1343
1344
1347
1348
1349
1350
1351
1352
1353
1354
1355
1356
1357
1358
1361
1362
1363
1364
1365
1366
1367
1369
1370
1372
1373
1374
1375
1376
1378
1379
1380
1381
1383
1384
1385
1386
1387
1389
1390
1392
1393
1397
1398
1399
1400
1401
1402
1403
1404
1406
1407
1408
1409
1410
1413
1414
1417
1418
1419
1421
1422
1425
1426
1427
1429
1431
1432
1433
1434
1435
1436
1437
1439
1440
1441
1442
1443
1444
1445
1446
1447
1449
1450
1451
1454
1455
1456
1457
1458
1459
1462
1463
1464
1465
1466
1467
1468
1469
1470
1471
1472
1473
1474
1475
1476
1477
1478
1479
1480
1481
1482
1483
1484
1485
1487
1488
1490
1492
1493
1494
1495
1496
1497
1498
1499
1500
1502
1503
1504
1505
1507
1508
1509
1513
1514
1515
1516
1517
1518
1519
1520
1521
1522
1524
1526
1527
1528
1530
1531
1532
1535
1536
1538
1540
1541
1542
1543
1544
1545
1546
1548
1549
1550
1551
1552
1553
1555
1556
1558
1559
1560
1561
1562
1563
1565
1566
1567
1568
1569
1571
1572
1573
1574
1576
1577
1578
1579
1580
1581
1583
1584
1585
1586
1587
1589
1590
1592
1593
1595
1596
1597
1598
1599
1600
1603
1605
1606
1608
1610
1611
1612
1613
1616
1618
1619
1622
1623
1624
1625
1628
1629
1630
1631
1633
1635
1636
1637
1639
1640
1641
1644
1645
1646
1647
1649
1650
1651
1652
1653
1654
1655
1656
1658
1659
1660
1661
1662
1663
1664
1665
1668
1669
1670
1671
1672
1673
1674
1677
1678
1679
1680
1681
1682
1683
1685
1688
1689
1690
1691
1692
1693
1694
1695
1697
1698
1699
1700
1701
1703
1705
1706
1708
1709
1710
1711
1712
1713
1714
1716
1719
1720
1723
1724
1726
1727
1728
1729
1731
1732
1733
1735
1736
1737
1738
1739
1742
1743
1744
1745
1746
1747
1748
1749
1750
1752
1753
1755
1756
1757
1758
1759
1760
1761
1762
1763
1764
1765
1766
1769
1770
1771
1772
1773
1774
1778
1780
1781
1782
1788
1789
1791
1792
1794
1795
1796
1797
1798
1801
1802
1805
1806
1808
1809
1810
1811
1812
1813
1815
1817
1818
1819
1820
1821
1822
1824
1825
1828
1830
1831
1832
1834
1835
1840
1841
1842
1843
1844
1847
1848
1850
1851
1852
1853
1856
1857
1859
1860
1862
1864
1867
1868
1869
1870
1871
1872
1875
1876
1877
1880
1881
1884
1885
1886
1887
1891
1894
1895
1896
1897
1900
1901
1902
1903
1904
1905
1906
1909
1910
1911
1913
1915
1918
1920
1921
1922
1923
1925
1926
1927
1929
1931
1932
1934
1935
1937
1938
1939
1940
1941
1942
1945
1947
1948
1949
1950
1951
1953
1955
1956
1957
1958
1959
1960
1961
1962
1963
1964
1965
1966
1967
1968
1969
1970
1971
1972
1973
1976
1977
1978
1979
1980
1981
1982
1984
1985
1986
1989
1990
1991
1993
1995
1996
1997
2000
2003
2004
2005
2006
2007
2008
2009
2011
2012
2013
2014
2015
2016
2017
2019
2021
2023
2024
2025
2026
2027
2028
2030
2031
2032
2033
2034
2035
2036
2037
2038
2039
2041
2043
2045
2046
2047
2048
2049
2050
2051
2052
2053
2054
2055
2057
2058
2059
2060
2062
2063
2064
2065
2066
2067
2068
2070
2073
2074
2075
2076
2077
2078
2079
2080
2081
2082
2083
2085
2086
2088
2089
2090
2092
2093
2096
2098
2099
2100
2101
2103
2104
2105
2107
2108
2109
2111
2112
2113
2114
2115
2117
2119
2120
2124
2125
2128
2129
2130
2131
2132
2133
2134
2136
2137
2138
2140
2141
2144
2146
2147
2148
2149
2150
2152
2154
2155
2156
2157
2158
2160
2161
2163
2165
2166
2167
2168
2169
2170
2172
2174
2175
2176
2177
2178
2179
2183
2185
2189
2190
2192
2193
2194
2195
2196
2197
2198
2199
2200
2201
2202
2203
2204
2205
2206
2207
2208
2209
2210
2211
2212
2214
2215
2218
2219
2220
2222
2223
2224
2225
2227
2229
2232
2233
2234
2235
2237
2238
2239
2240
2241
2242
2246
2248
2249
2251
2252
2253
2254
2255
2256
2257
2259
2260
2262
2263
2264
2265
2266
2267
2268
2270
2271
2272
2273
2275
2276
2277
2278
2281
2284
2288
2289
2290
2291
2292
2293
2294
2296
2297
2300
2301
2302
2303
2304
2305
2306
2307
2308
2309
2310
2311
2312
2313
2315
2316
2317
2318
2321
2322
2323
2324
2327
2328
2330
2333
2334
2335
2336
2337
2338
2340
2341
2343
2344
2349
2352
2353
2354
2355
2359
2360
2363
2364
2365
2366
2367
2368
2369
2370
2371
2372
2373
2376
2378
2379
2381
2383
2384
2385
2386
2387
2388
2392
2393
2394
2396
2397
2398
2401
2402
2403
2404
2405
2406
2407
2408
2411
2412
2415
2416
2417
2418
2419
2421
2422
2423
2424
2425
2426
2429
2430
2432
2434
2435
2436
2437
2438
2439
2440
2441
2442
2443
2444
2446
2448
2450
2452
2453
2454
2455
2456
2457
2460
2461
2462
2463
2464
2465
2466
2467
2470
2472
2473
2476
2477
2480
2482
2484
2486
2487
2488
2489
2490
2491
2492
2493
2494
2495
2497
2498
2499
2500
2501
2504
2505
2507
2508
2509
2510
2511
2513
2514
2515
2516
2517
2518
2519
2520
2521
2522
2523
2524
2525
2526
2528
2529
2530
2531
2532
2534
2536
2537
2538
2539
2540
2542
2543
2544
2545
2546
2547
2548
2549
2550
2551
2552
2553
2554
2555
2556
2558
2559
2560
2561
2562
2563
2564
2566
2567
2568
2569
2570
2571
2574
2577
2580
2581
2582
2583
2584
2585
2586
2587
2588
2590
2592
2593
2594
2595
2596
2597
2598
2599
2600
2601
2602
2603
2604
2605
2606
2607
2608
2609
2610
2611
2612
2613
2615
2616
2617
2618
2619
2620
2621
2622
2623
2624
2625
2626
2627
2628
2629
2630
2634
2636
2637
2640
2641
2642
2643
2644
2645
2646
2647
2648
2649
2650
2651
2652
2653
2656
2657
2658
2659
2660
2661
2662
2663
2664
2665
2666
2667
2669
2670
2671
2673
2674
2676
2677
2678
2680
2681
2682
2683
2684
2685
2686
2687
2688
2689
2690
2691
2692
2693
2694
2696
2697
2698
2699
2700
2701
2702
2703
2704
2705
2708
2709
2710
2711
2712
2713
2714
2715
2716
2717
2718
2720
2722
2723
2724
2725
2726
2727
2728
2729
2732
2733
2734
2735
2736
2737
2738
2739
2740
2741
2742
2744
2745
2746
2747
2748
2749
2750
2752
2754
2755
2756
2757
2758
2759
2760
2761
2762
2763
2764
2765
2766
2769
2770
2771
2772
2774
2775
2776
2777
2778
2779
2780
2781
2782
2783
2784
2786
2787
2789
2790
2791
2792
2793
2794
2795
2796
2797
2798
2799
2800
2801
2802
2803
2804
2805
2806
2807
2808
2809
2810
2811
2812
2813
2814
2815
2816
2817
2818
2819
2821
2822
2823
2824
2825
2826
2827
2828
2829
2830
2832
2833
2834
2835
2837
2838
2839
2840
2843
2844
2845
2846
2848
2849
2850
2851
2852
2853
2854
2855
2856
2857
2859
2860
2861
2862
2864
2865
2867
2868
2869
2871
2873
2874
2875
2876
2877
2878
2879
2880
2882
2884
2885
2886
2887
2888
2889
2890
2892
2893
2894
2895
2896
2897
2898
2899
2901
2902
2903
2904
2906
2907
2908
2909
2910
2911
2912
2913
2914
2915
2916
2917
2918
2919
2920
2921
2922
2924
2925
2926
2927
2928
2929
2930
2931
2932
2933
2934
2935
2937
2938
2939
2940
2941
2942
2943
2944
2945
2946
2947
2948
2949
2950
2951
2952
2953
2954
2955
2956
2957
2958
2959
2960
2961
2962
2963
2964
2965
2967
2968
2969
2970
2971
2972
2973
2974
2975
2976
2977
2978
2980
2981
2982
2983
2985
2986
2987
2988
2989
2991
2992
2994
2995
2996
2997
2998
2999
3001
3002
3003
3004
3006
3007
3008
3009
3010
3011
3012
3013
3014
3015
3016
3018
3019
3020
3021
3022
3024
3025
3026
3027
3028
3029
3030
3031
3032
3033
3034
3035
3037
3038
3039
3040
3042
3044
3046
3048
3049
3050
3051
3052
3053
3054
3055
3056
3057
3058
3059
3060
3061
3063
3064
3065
3066
3067
3068
3069
3070
3071
3072
3073
3075
3076
3077
3078
3079
3080
3081
3082
3083
3084
3085
3086
3087
3088
3089
3090
3091
3092
3093
3094
3095
3096
3097
3098
3099
3100
3102
3103
3104
3105
3107
3108
3109
3110
3111
3112
3113
3114
3115
3116
3117
3118
3119
3120
3122
3123
3124
3125
3126
3127
3128
3130
3131
3132
3133
3134
3135
3136
3137
3139
3140
3141
3142
3144
3146
3148
3150
3151
3152
3153
3154
3155
3156
3157
3158
3159
3160
3161
3162
3163
3164
3165
3166
3167
3168
3169
3170
3171
3172
3173
3174
3176
3177
3178
3179
3180
3181
3182
3183
3184
3185
3186
3187
3188
3189
3191
3192
3193
3194
3195
3196
3197
3199
3200
3201
3202
3203
3204
3205
3206
3207
3208
3209
3210
3211
3213
3214
3215
3216
3217
3218
3219
3221
3222
3223
3224
3225
3227
3228
3230
3231
3232
3233
3234
3235
3237
3238
3239
3240
3242
3243
3244
3245
3246
3248
3249
3250
3251
3252
3253
3254
3255
3256
3257
3258
3259
3261
3262
3263
3264
3265
3266
3267
3268
3269
3270
3271
3272
3275
3276
3278
3279
3281
3282
3283
3285
3286
3287
3288
3289
3290
3291
3292
3293
3294
3295
3296
3297
3298
3299
3301
3302
3303
3304
3305
3306
3308
3309
3310
3311
3312
3313
3314
3315
3316
3317
3318
3319
3320
3321
3322
3323
3324
3325
3327
3328
3329
3330
3331
3332
3334
3335
3336
3337
3338
3340
3341
3342
3343
3344
3345
3346
3347
3348
3349
3350
3351
3352
3354
3356
3357
3359
3360
3361
3362
3363
3365
3367
3368
3369
3370
3371
3372
3373
3374
3375
3376
3377
3378
3379
3380
3381
3382
3383
3384
3385
3386
3387
3388
3390
3391
3394
3395
3396
3397
3398
3399
3401
3402
3403
3404
3405
3406
3407
3410
3411
3412
3413
3414
3415
3416
3417
3418
3419
3421
3422
3423
3424
3426
3428
3429
3430
3431
3432
3433
3434
3435
3436
3437
3438
3440
3441
3442
3443
3445
3446
3447
3448
3450
3451
3452
3453
3454
3455
3456
3457
3458
3459
3460
3461
3462
3463
3465
3466
3467
3468
3469
3470
3471
3472
3473
3474
3475
3476
3477
3478
3479
3480
3481
3482
3483
3484
3485
3486
3487
3489
3490
3491
3492
3493
3494
3495
3496
3497
3498
3499
3502
3503
3504
3505
3506
3507
3509
3510
3511
3512
3513
3514
3515
3516
3517
3518
3519
3520
3521
3522
3523
3524
3525
3526
3527
3528
3529
3530
3532
3533
3534
3535
3536
3538
3539
3540
3541
3543
3544
3545
3546
3547
3548
3549
3550
3551
3552
3553
3554
3555
3556
3557
3558
3559
3560
3561
3562
3563
3564
3565
3566
3567
3568
3570
3571
3573
3574
3575
3576
3577
3578
3579
3580
3581
3582
3583
3584
3585
3586
3589
3590
3591
3592
3593
3594
3595
3596
3597
3598
3599
3600
3601
3602
3603
3604
3605
3606
3607
3608
3609
3610
3611
3612
3613
3614
3615
3616
3617
3618
3619
3620
3621
3622
3623
3624
3625
3626
3627
3629
3630
3632
3633
3634
3635
3637
3638
3639
3641
3643
3645
3646
3647
3648
3649
3650
3651
3652
3653
3654
3655
3656
3657
3658
3659
3660
3661
3662
3663
3664
3665
3666
3667
3668
3670
3672
3673
3674
3676
3678
3679
3680
3681
3682
3683
3685
3687
3689
3690
3691
3692
3693
3694
3695
3696
3697
3698
3699
3700
3701
3702
3703
3704
3705
3706
3707
3708
3709
3710
3711
3712
3713
3714
3715
3716
3717
3718
3719
3720
3721
3722
3723
3724
3725
3727
3728
3729
3730
3731
3732
3733
3734
3735
3737
3738
3739
3740
3741
3742
3743
3744
3745
3746
3747
3748
3749
3750
3751
3752
3753
3755
3756
3757
3758
3759
3760
3761
3763
3764
3766
3767
3769
3770
3771
3772
3773
3774
3776
3777
3778
3779
3780
3782
3783
3785
3786
3787
3789
3790
3791
3795
3796
3798
3799
3800
3801
3802
3803
3804
3806
3807
3808
3809
3810
3811
3812
3813
3814
3815
3816
3817
3818
3819
3820
3821
3822
3823
3824
3825
3826
3827
3828
3829
3831
3833
3834
3835
3838
3839
3840
3841
3842
3843
3844
3845
3846
3847
3848
3849
3850
3851
3852
3853
3854
3855
3856
3857
3858
3859
3860
3861
3862
3863
3864
3865
3866
3867
3868
3869
3870
3871
3872
3873
3874
3875
3878
3879
3880
3881
3884
3886
3887
3888
3889
3890
3891
3892
3893
3894
3895
3896
3897
3898
3899
3900
3901
3902
3903
3906
3907
3909
3910
3911
3912
3913
3914
3915
3919
3920
3921
3922
3923
3924
3926
3927
3929
3930
3931
3934
3935
3936
3937
3938
3940
3941
3942
3943
3944
3945
3946
3947
3949
3950
3952
3953
3954
3955
3958
3959
3960
3961
3962
3963
3966
3967
3968
3969
3970
3971
3972
3974
3976
3977
3978
3979
3980
3981
3982
3983
3984
3986
3987
3989
3993
3995
3996
3997
3998
3999
4000
4001
4002
4004
4005
4006
4007
4008
4009
4010
4012
4013
4014
4015
4017
4018
4019
4020
4022
4023
4024
4025
4026
4027
4028
4030
4032
4033
4034
4035
4036
4038
4039
4042
4043
4044
4045
4046
4047
4048
4049
4050
4052
4053
4054
4056
4057
4059
4060
4062
4064
4065
4066
4067
4070
4071
4072
4073
4074
4075
4076
4077
4079
4080
4082
4083
4084
4085
4086
4087
4088
4089
4090
4092
4094
4095
4096
4097
4098
4099
4101
4103
4104
4105
4106
4107
4108
4109
4111
4112
4113
4114
4115
4117
4118
4119
4120
4121
4122
4124
4125
4127
4129
4131
4133
4134
4135
4136
4137
4139
4140
4141
4142
4143
4145
4146
4147
4148
4149
4150
4151
4152
4153
4154
4155
4156
4157
4158
4159
4160
4161
4163
4164
4165
4166
4169
4171
4172
4173
4174
4175
4176
4178
4179
4180
4181
4182
4183
4184
4185
4186
4187
4188
4189
4190
4191
4192
4194
4195
4196
4197
4198
4199
4200
4201
4203
4205
4206
4207
4208
4209
4211
4212
4213
4214
4215
4216
4217
4218
4219
4220
4221
4222
4223
4224
4225
4226
4228
4229
4230
4231
4232
4233
4235
4236
4237
4238
4239
4240
4241
4242
4243
4244
4245
4247
4249
4250
4252
4253
4254
4255
4256
4257
4258
4261
4264
4266
4267
4268
4269
4270
4271
4272
4273
4274
4275
4276
4278
4280
4281
4284
4286
4289
4290
4291
4292
4293
4294
4298
4299
4300
4301
4302
4303
4304
4308
4309
4310
4311
4312
4313
4314
4315
4316
4319
4321
4322
4323
4324
4325
4328
4329
4330
4331
4334
4335
4336
4337
4338
4339
4340
4341
4345
4347
4348
4349
4350
4351
4352
4353
4354
4355
4356
4357
4358
4359
4360
4362
4363
4364
4365
4367
4368
4370
4371
4372
4373
4374
4375
4376
4377
4379
4381
4382
4383
4384
4385
4386
4387
4388
4389
4390
4392
4393
4395
4396
4397
4398
4399
4401
4402
4403
4404
4405
4406
4408
4409
4410
4412
4413
4414
4415
4416
4418
4419
4420
4421
4422
4424
4425
4426
4427
4428
4429
4430
4431
4433
4434
4437
4438
4439
4440
4441
4442
4443
4444
4445
4449
4451
4453
4454
4455
4456
4458
4459
4460
4464
4466
4467
4469
4470
4471
4473
4474
4475
4476
4477
4478
4479
4480
4481
4482
4483
4484
4486
4487
4489
4490
4491
4492
4493
4494
4495
4496
4497
4498
4499
4501
4502
4503
4504
4505
4506
4509
4510
4511
4512
4513
4514
4515
4516
4517
4518
4519
4522
4523
4524
4526
4527
4528
4531
4532
4533
4534
4536
4537
4539
4542
4543
4544
4545
4546
4548
4549
4550
4551
4552
4555
4556
4557
4558
4559
4560
4561
4562
4563
4565
4566
4567
4568
4569
4571
4572
4574
4575
4576
4577
4578
4579
4580
4581
4582
4583
4585
4587
4588
4590
4591
4592
4593
4594
4595
4596
4597
4599
4600
4602
4603
4604
4605
4607
4609
4610
4611
4612
4613
4614
4615
4616
4618
4619
4620
4621
4622
4623
4624
4625
4626
4627
4628
4629
4630
4631
4632
4633
4634
4635
4636
4638
4639
4640
4641
4642
4644
4646
4647
4649
4650
4651
4652
4656
4657
4658
4659
4660
4661
4662
4663
4665
4666
4667
4668
4669
4670
4671
4672
4673
4674
4676
4677
4678
4679
4680
4682
4683
4685
4687
4688
4689
4690
4691
4693
4694
4695
4696
4697
4698
4699
4700
4701
4702
4703
4704
4705
4706
4707
4708
4709
4710
4711
4712
4713
4714
4715
4716
4717
4718
4719
4720
4722
4723
4725
4726
4727
4728
4730
4732
4733
4734
4735
4736
4737
4738
4739
4742
4743
4744
4745
4749
4750
4751
4753
4754
4755
4756
4757
4758
4759
4760
4761
4763
4765
4766
4767
4768
4769
4770
4771
4772
4773
4774
4775
4776
4777
4778
4779
4780
4781
4782
4787
4788
4790
4791
4794
4797
4798
4799
4800
4801
4802
4803
4804
4805
4806
4807
4808
4809
4810
4811
4812
4813
4814
4815
4816
4817
4818
4819
4820
4821
4822
4826
4827
4828
4830
4831
4833
4834
4836
4837
4838
4839
4840
4841
4842
4843
4844
4846
4847
4850
4851
4852
4854
4856
4858
4859
4860
4861
4862
4863
4864
4866
4867
4868
4869
4871
4873
4876
4877
4878
4879
4881
4882
4883
4884
4886
4887
4889
4890
4891
4892
4894
4896
4897
4898
4899
4900
4901
4903
4904
4905
4906
4907
4908
4909
4910
4911
4912
4913
4914
4915
4916
4917
4918
4919
4920
4921
4922
4923
4924
4925
4926
4927
4928
4929
4930
4931
4932
4934
4935
4936
4938
4940
4941
4942
4943
4944
4946
4950
4952
4953
4955
4957
4958
4959
4960
4961
4962
4963
4964
4965
4967
4968
4969
4970
4971
4972
4973
4974
4975
4976
4977
4979
4980
4981
4982
4983
4986
4987
4988
4990
4992
4993
4994
4996
4997
4998
4999
5000
5001
5002
5003
5004
5005
5006
5007
5008
5009
5010
5011
5012
5013
5014
5015
5016
5017
5018
5019
5022
5025
5026
5028
5030
5032
5033
5034
5035
5036
5037
5038
5040
5041
5042
5044
5045
5047
5049
5050
5051
5052
5053
5054
5055
5056
5060
5061
5062
5063
5064
5065
5066
5068
5069
5070
5071
5072
5073
5074
5075
5076
5078
5081
5082
5084
5087
5088
5089
5091
5093
5094
5095
5097
5099
5101
5102
5103
5105
5106
5109
5110
5111
5112
5113
5114
5115
5116
5118
5119
5120
5121
5123
5124
5125
5126
5127
5131
5133
5134
5135
5136
5137
5138
5141
5144
5147
5148
5149
5151
5152
5153
5154
5156
5157
5158
5160
5161
5163
5164
5166
5167
5169
5170
5172
5173
5174
5176
5179
5183
5184
5186
5187
5188
5189
5190
5192
5193
5194
5195
5196
5197
5198
5200
5201
5204
5205
5206
5211
5212
5214
5215
5220
5221
5222
5226
5227
5228
5229
5230
5231
5232
5233
5235
5238
5239
5240
5242
5243
5244
5245
5247
5249
5250
5251
5252
5254
5255
5257
5258
5261
5262
5263
5264
5265
5266
5267
5268
5269
5270
5271
5272
5273
5275
5277
5279
5280
5281
5282
5283
5284
5286
5287
5288
5289
5291
5292
5293
5294
5296
5297
5300
5301
5302
5303
5304
5305
5306
5307
5309
5310
5312
5313
5315
5316
5317
5318
5319
5320
5321
5322
5323
5325
5326
5327
5328
5329
5330
5331
5332
5334
5335
5336
5337
5338
5340
5341
5342
5344
5345
5347
5349
5350
5351
5352
5356
5358
5359
5360
5361
5363
5364
5365
5366
5367
5369
5370
5371
5373
5375
5376
5377
5379
5380
5381
5382
5383
5384
5385
5386
5387
5388
5390
5392
5396
5399
5400
5401
5403
5405
5406
5407
5408
5412
5413
5415
5416
5417
5418
5419
5421
5422
5423
5425
5428
5429
5430
5431
5432
5433
5435
5436
5437
5438
5439
5440
5442
5443
5446
5448
5449
5450
5451
5452
5453
5454
5455
5456
5457
5458
5459
5460
5461
5463
5464
5465
5466
5467
5468
5470
5471
5473
5474
5475
5476
5477
5478
5479
5480
5481
5482
5484
5486
5487
5488
5489
5490
5491
5492
5494
5495
5496
5497
5498
5499
5500
5501
5502
5503
5504
5505
5507
5508
5511
5512
5513
5514
5515
5516
5517
5519
5521
5522
5523
5526
5528
5529
5530
5531
5532
5533
5534
5536
5541
5544
5546
5547
5548
5549
5550
5551
5553
5555
5556
5557
5558
5559
5560
5561
5562
5563
5564
5566
5567
5568
5570
5571
5573
5574
5575
5576
5577
5579
5580
5581
5582
5583
5584
5585
5586
5587
5588
5589
5590
5591
5592
5593
5594
5595
5596
5598
5599
5600
5601
5602
5603
5604
5605
5606
5609
5610
5611
5612
5613
5614
5616
5617
5618
5619
5620
5621
5623
5624
5625
5626
5628
5629
5630
5631
5633
5637
5638
5639
5640
5641
5642
5643
5644
5645
5646
5647
5648
5649
5650
5651
5652
5653
5654
5655
5656
5658
5660
5661
5662
5663
5664
5666
5668
5669
5670
5673
5674
5675
5676
5677
5678
5679
5680
5681
5682
5684
5685
5686
5687
5688
5689
5690
5691
5692
5694
5697
5698
5699
5700
5701
5702
5704
5705
5706
5707
5708
5709
5710
5711
5712
5713
5714
5715
5716
5717
5718
5719
5720
5721
5722
5723
5724
5725
5726
5727
5728
5729
5730
5731
5732
5734
5735
5736
5740
5741
5742
5743
5745
5746
5747
5749
5750
5751
5752
5754
5755
5756
5759
5760
5762
5763
5764
5765
5766
5767
5768
5770
5771
5772
5773
5774
5775
5776
5777
5778
5779
5780
5781
5782
5784
5786
5788
5789
5790
5791
5792
5793
5795
5796
5797
5798
5800
5801
5803
5804
5805
5806
5808
5809
5810
5811
5812
5813
5814
5815
5816
5817
5818
5820
5822
5825
5827
5828
5829
5830
5831
5832
5833
5834
5835
5836
5837
5838
5840
5842
5843
5844
5845
5846
5847
5848
5849
5850
5851
5852
5853
5855
5856
5857
5858
5859
5860
5861
5863
5866
5867
5868
5869
5871
5872
5873
5874
5875
5876
5878
5879
5880
5882
5883
5884
5885
5886
5887
5888
5890
5891
5892
5893
5894
5895
5897
5899
5901
5902
5903
5905
5906
5907
5911
5912
5913
5914
5915
5916
5918
5920
5921
5922
5923
5924
5925
5926
5927
5929
5930
5931
5932
5933
5934
5936
5938
5939
5941
5942
5944
5945
5947
5949
5952
5953
5955
5956
5957
5958
5959
5960
5961
5965
5966
5967
5968
5969
5970
5971
5972
5973
5974
5976
5977
5979
5981
5982
5984
5985
5987
5988
5989
5990
5991
5992
5993
5994
5996
5997
5998
5999
6000
6003
6004
6005
6006
6007
6008
6009
6011
6013
6015
6016
6018
6019
6020
6021
6022
6023
6024
6025
6026
6027
6028
6029
6031
6032
6033
6034
6035
6036
6037
6038
6039
6040
6041
6042
6043
6044
6045
6046
6047
6048
6049
6050
6052
6053
6054
6055
6056
6057
6058
6060
6062
6063
6064
6066
6067
6068
6069
6070
6071
6072
6073
6074
6076
6077
6079
6080
6081
6085
6086
6087
6089
6090
6091
6092
6093
6094
6095
6096
6098
6099
6100
6101
6102
6103
6104
6105
6106
6107
6108
6109
6110
6111
6112
6114
6117
6118
6119
6121
6122
6124
6125
6126
6127
6128
6130
6133
6134
6135
6137
6138
6139
6140
6141
6142
6143
6144
6145
6148
6149
6150
6153
6154
6155
6156
6157
6159
6160
6161
6162
6163
6164
6166
6169
6170
6171
6172
6175
6178
6179
6180
6181
6182
6184
6185
6186
6187
6188
6190
6191
6193
6194
6197
6199
6201
6202
6203
6204
6205
6206
6207
6208
6209
6210
6211
6212
6213
6214
6215
6216
6217
6218
6219
6220
6221
6222
6224
6225
6226
6227
6229
6230
6232
6233
6234
6235
6237
6238
6241
6242
6243
6245
6246
6247
6248
6250
6251
6252
6253
6254
6255
6256
6257
6258
6261
6262
6263
6264
6267
6268
6270
6271
6272
6273
6274
6275
6276
6277
6278
6281
6282
6283
6284
6285
6286
6287
6288
6289
6290
6291
6292
6293
6295
6297
6298
6299
6300
6302
6303
6304
6305
6306
6308
6309
6310
6314
6317
6321
6322
6323
6324
6325
6328
6329
6330
6331
6333
6334
6335
6336
6337
6339
6340
6341
6342
6343
6344
6346
6347
6348
6349
6350
6351
6352
6353
6354
6355
6356
6357
6358
6359
6360
6361
6362
6363
6364
6365
6366
6368
6369
6370
6371
6372
6373
6374
6375
6376
6380
6381
6382
6383
6384
6385
6386
6387
6388
6389
6390
6391
6392
6393
6398
6399
6400
6401
6403
6404
6409
6410
6411
6412
6413
6414
6415
6416
6418
6419
6420
6421
6423
6424
6425
6426
6427
6428
6429
6431
6432
6433
6434
6435
6436
6438
6443
6444
6445
6446
6447
6448
6450
6451
6452
6453
6455
6456
6457
6458
6461
6462
6463
6464
6465
6466
6467
6468
6469
6471
6472
6473
6474
6475
6477
6479
6480
6481
6484
6485
6486
6487
6488
6489
6491
6492
6493
6495
6496
6497
6500
6502
6503
6505
6506
6507
6508
6509
6511
6513
6514
6515
6516
6517
6518
6520
6522
6523
6525
6528
6530
6531
6532
6533
6534
6535
6536
6537
6538
6539
6541
6542
6543
6544
6545
6546
6548
6549
6550
6551
6555
6556
6557
6558
6559
6560
6561
6562
6563
6564
6565
6566
6574
6576
6577
6578
6579
6580
6581
6582
6584
6585
6586
6587
6590
6592
6593
6594
6595
6596
6597
6599
6600
6601
6602
6607
6609
6610
6611
6612
6613
6614
6615
6616
6619
6620
6621
6624
6625
6626
6627
6628
6629
6631
6632
6633
6634
6635
6636
6637
6639
6640
6642
6643
6645
6646
6647
6649
6650
6651
6652
6653
6655
6656
6657
6658
6660
6661
6662
6663
6664
6665
6666
6667
6668
6669
6672
6673
6674
6675
6676
6678
6679
6680
6681
6683
6684
6685
6687
6688
6689
6690
6691
6693
6694
6695
6696
6698
6700
6701
6702
6703
6704
6705
6706
6709
6710
6711
6712
6713
6714
6717
6718
6719
6720
6721
6722
6723
6725
6727
6728
6729
6730
6731
6734
6735
6736
6737
6739
6740
6741
6742
6743
6745
6746
6747
6748
6749
6750
6751
6753
6757
6758
6759
6761
6762
6764
6766
6767
6768
6769
6770
6771
6772
6773
6776
6777
6778
6779
6780
6781
6782
6783
6784
6786
6787
6788
6789
6790
6791
6792
6794
6795
6796
6798
6799
6800
6801
6802
6804
6806
6807
6808
6809
6810
6811
6812
6813
6814
6815
6817
6818
6820
6821
6822
6823
6824
6825
6826
6827
6829
6831
6832
6833
6834
6836
6837
6840
6841
6842
6844
6846
6848
6850
6851
6852
6853
6854
6856
6857
6859
6863
6865
6866
6867
6869
6870
6871
6872
6873
6874
6875
6876
6878
6879
6880
6881
6882
6883
6884
6885
6886
6888
6889
6890
6892
6893
6894
6896
6897
6900
6901
6903
6904
6906
6907
6909
6910
6911
6912
6913
6914
6915
6916
6918
6920
6922
6923
6926
6927
6928
6929
6933
6934
6935
6937
6938
6939
6940
6942
6943
6944
6952
6953
6954
6955
6956
6957
6958
6960
6962
6963
6965
6966
6967
6968
6969
6970
6971
6972
6973
6975
6976
6977
6979
6982
6987
6988
6989
6990
6991
6992
6993
6994
6995
6996
6999
7000
7001
7002
7004
7005
7006
7007
7008
7009
7010
7011
7012
7014
7018
7019
7020
7022
7023
7026
7027
7029
7030
7033
7034
7035
7036
7037
7038
7039
7040
7041
7042
7045
7046
7047
7049
7050
7052
7054
7055
7056
7057
7058
7060
7061
7062
7063
7064
7065
7066
7067
7068
7069
7070
7071
7072
7074
7076
7078
7079
7081
7083
7085
7086
7087
7089
7091
7093
7095
7097
7098
7099
7101
7103
7104
7106
7108
7109
7110
7112
7113
7116
7117
7118
7120
7123
7124
7125
7126
7127
7128
7129
7130
7131
7132
7133
7134
7135
7136
7138
7140
7141
7142
7143
7147
7148
7149
7152
7153
7154
7155
7157
7159
7161
7167
7168
7169
7171
7174
7175
7176
7177
7178
7179
7180
7183
7184
7188
7189
7190
7191
7192
7193
7194
7195
7198
7199
7203
7205
7208
7209
7210
7211
7213
7214
7215
7216
7219
7220
7221
7222
7223
7224
7225
7226
7228
7229
7230
7232
7233
7235
7236
7238
7239
7240
7241
7242
7243
7244
7245
7246
7247
7248
7249
7250
7254
7256
7257
7259
7260
7261
7262
7264
7267
7268
7273
7275
7276
7278
7279
7280
7281
7282
7284
7285
7286
7287
7289
7290
7291
7292
7293
7294
7295
7296
7299
7300
7301
7302
7303
7304
7306
7307
7309
7310
7311
7314
7315
7316
7317
7319
7320
7321
7322
7323
7325
7326
7328
7329
7331
7332
7333
7335
7336
7337
7340
7341
7342
7343
7344
7345
7346
7348
7349
7350
7351
7352
7353
7357
7358
7360
7361
7362
7364
7365
7366
7367
7371
7373
7374
7375
7376
7377
7379
7381
7382
7384
7385
7386
7387
7390
7391
7393
7394
7395
7396
7397
7398
7399
7401
7402
7403
7404
7405
7406
7408
7409
7410
7411
7413
7414
7416
7417
7419
7420
7422
7423
7425
7426
7427
7428
7429
7431
7437
7438
7439
7441
7442
7443
7444
7446
7447
7448
7449
7450
7451
7452
7454
7455
7456
7458
7459
7460
7461
7462
7463
7465
7466
7468
7469
7470
7471
7472
7473
7474
7475
7476
7477
7478
7479
7480
7481
7482
7484
7485
7488
7489
7490
7491
7492
7494
7495
7496
7498
7499
7501
7503
7504
7505
7506
7507
7508
7509
7510
7512
7513
7514
7516
7517
7518
7519
7523
7525
7526
7529
7531
7532
7533
7534
7535
7538
7542
7544
7545
7546
7547
7551
7552
7553
7554
7555
7557
7558
7559
7560
7562
7563
7565
7567
7569
7570
7571
7572
7573
7576
7577
7578
7579
7580
7581
7582
7583
7584
7588
7589
7590
7592
7593
7595
7596
7598
7600
7601
7602
7604
7605
7607
7608
7609
7610
7611
7612
7614
7615
7616
7617
7618
7620
7621
7622
7623
7624
7625
7626
7627
7628
7629
7630
7631
7633
7634
7635
7636
7637
7638
7639
7640
7641
7642
7643
7644
7645
7646
7647
7650
7651
7652
7654
7655
7657
7658
7659
7661
7662
7663
7664
7665
7666
7668
7670
7671
7672
7673
7674
7675
7676
7679
7680
7681
7682
7683
7684
7685
7686
7687
7688
7689
7690
7691
7692
7693
7694
7695
7696
7697
7699
7700
7701
7702
7703
7704
7705
7706
7707
7708
7710
7711
7712
7713
7714
7715
7716
7717
7718
7719
7720
7722
7724
7725
7727
7728
7729
7730
7731
7732
7733
7734
7735
7739
7740
7741
7742
7744
7745
7746
7747
7748
7749
7750
7751
7752
7753
7754
7755
7756
7758
7759
7760
7761
7762
7764
7765
7766
7767
7768
7769
7770
7772
7773
7774
7775
7776
7777
7779
7780
7781
7782
7783
7784
7785
7786
7787
7788
7789
7790
7791
7793
7794
7795
7796
7797
7800
7801
7802
7804
7806
7807
7811
7812
7813
7814
7816
7817
7818
7819
7821
7822
7823
7824
7825
7826
7827
7828
7829
7830
7831
7832
7834
7835
7836
7837
7839
7840
7842
7843
7845
7846
7847
7848
7849
7851
7852
7854
7855
7856
7857
7858
7859
7861
7862
7863
7864
7865
7867
7868
7869
7870
7871
7873
7874
7877
7878
7879
7880
7881
7882
7883
7884
7886
7887
7888
7890
7891
7892
7893
7894
7895
7897
7898
7899
7900
7901
7902
7903
7906
7907
7908
7909
7910
7911
7912
7913
7915
7916
7917
7918
7919
7921
7923
7924
7925
7926
7927
7928
7929
7930
7931
7932
7934
7935
7936
7937
7940
7942
7943
7944
7946
7947
7948
7949
7950
7951
7952
7953
7954
7955
7956
7957
7958
7959
7960
7961
7962
7964
7967
7969
7970
7971
7972
7973
7976
7978
7979
7980
7981
7982
7984
7986
7987
7989
7990
7991
7992
7993
7994
7995
7998
8000
8001
8002
8003
8004
8005
8006
8008
8009
8011
8012
8013
8014
8015
8016
8017
8021
8022
8023
8024
8026
8033
8034
8035
8036
8037
8039
8040
8041
8042
8043
8044
8045
8047
8049
8051
8052
8053
8054
8056
8057
8058
8059
8060
8061
8062
8064
8065
8066
8068
8069
8070
8071
8072
8073
8074
8075
8077
8078
8079
8080
8081
8083
8084
8086
8087
8088
8089
8090
8091
8092
8093
8096
8099
8100
8102
8103
8104
8105
8106
8108
8110
8113
8115
8117
8118
8119
8124
8125
8128
8129
8130
8131
8133
8134
8135
8137
8138
8140
8141
8143
8144
8145
8146
8147
8149
8150
8151
8153
8155
8157
8158
8159
8160
8161
8162
8164
8165
8168
8169
8170
8171
8172
8173
8174
8175
8177
8178
8179
8180
8181
8182
8183
8186
8188
8189
8192
8194
8195
8196
8197
8198
8199
8200
8202
8203
8204
8206
8207
8208
8209
8211
8213
8214
8215
8216
8218
8220
8221
8222
8223
8224
8225
8227
8228
8229
8230
8231
8233
8234
8235
8236
8237
8239
8241
8243
8245
8246
8248
8249
8251
8252
8253
8255
8256
8257
8259
8260
8262
8263
8264
8265
8266
8270
8271
8274
8275
8276
8277
8279
8280
8281
8282
8283
8285
8286
8287
8289
8291
8292
8298
8304
8307
8308
8310
8312
8313
8314
8315
8317
8318
8319
8320
8322
8323
8324
8326
8327
8330
8331
8332
8333
8335
8336
8337
8338
8340
8341
8342
8343
8345
8346
8347
8348
8349
8350
8352
8353
8354
8356
8357
8358
8359
8360
8361
8362
8363
8364
8365
8366
8368
8369
8370
8371
8372
8374
8375
8376
8379
8382
8384
8386
8387
8388
8390
8391
8392
8393
8394
8396
8397
8399
8400
8401
8403
8404
8405
8406
8408
8409
8410
8411
8412
8415
8416
8417
8418
8421
8422
8423
8424
8425
8426
8428
8429
8430
8432
8433
8434
8435
8436
8437
8440
8441
8443
8444
8445
8446
8448
8449
8450
8451
8454
8455
8457
8458
8459
8460
8461
8462
8463
8464
8465
8466
8467
8468
8469
8470
8471
8472
8477
8480
8481
8482
8484
8485
8486
8487
8488
8489
8490
8491
8493
8494
8495
8497
8498
8500
8501
8502
8504
8505
8506
8507
8508
8509
8510
8511
8512
8513
8514
8516
8518
8521
8522
8524
8525
8527
8529
8532
8533
8536
8537
8541
8543
8545
8547
8548
8549
8550
8553
8554
8555
8556
8557
8559
8561
8567
8568
8569
8570
8572
8573
8574
8576
8577
8578
8579
8580
8582
8583
8586
8587
8588
8589
8590
8591
8593
8594
8596
8597
8599
8600
8603
8605
8606
8607
8608
8609
8610
8611
8612
8613
8614
8615
8616
8617
8619
8622
8624
8625
8626
8629
8635
8638
8641
8642
8643
8645
8646
8648
8652
8655
8656
8659
8660
8666
8667
8669
8670
8671
8673
8676
8680
8683
8684
8687
8692
8696
8698
8699
8701
8702
8703
8705
8714
8716
8718
8719
8720
8721
8723
8724
8728
8732
8733
8734
8736
8737
8739
8740
8741
8742
8743
8745
8746
8747
8750
8752
8753
8754
8755
8756
8758
8760
8761
8764
8769
8770
8771
8772
8773
8774
8775
8777
8780
8781
8782
8783
8784
8785
8786
8787
8789
8790
8791
8792
8793
8794
8796
8797
8798
8799
8800
8802
8803
8804
8805
8808
8809
8811
8813
8814
8816
8818
8820
8822
8823
8824
8825
8826
8827
8828
8829
8830
8831
8834
8835
8836
8837
8842
8844
8847
8848
8849
8853
8855
8856
8857
8859
8860
8862
8863
8864
8865
8866
8867
8868
8869
8870
8871
8873
8874
8875
8876
8877
8878
8880
8882
8883
8884
8885
8886
8889
8891
8892
8893
8894
8896
8897
8898
8900
8902
8904
8905
8907
8909
8910
8912
8914
8915
8916
8917
8920
8921
8922
8923
8925
8927
8928
8929
8930
8934
8935
8938
8939
8940
8941
8942
8943
8944
8949
8951
8952
8954
8956
8958
8960
8963
8965
8966
8968
8969
8970
8971
8972
8973
8974
8977
8978
8979
8980
8981
8982
8983
8984
8985
8986
8987
8988
8990
8991
8992
8994
8995
8998
8999
9003
9004
9005
9006
9007
9008
9010
9011
9013
9014
9015
9016
9021
9024
9026
9027
9028
9029
9031
9032
9033
9034
9035
9036
9037
9038
9039
9040
9044
9045
9047
9048
9049
9050
9051
9052
9053
9054
9055
9056
9058
9059
9060
9061
9062
9065
9066
9067
9069
9071
9072
9073
9076
9078
9079
9081
9083
9085
9086
9089
9090
9091
9092
9093
9094
9095
9096
9097
9099
9101
9103
9106
9108
9109
9110
9111
9112
9113
9114
9115
9117
9118
9122
9123
9124
9128
9130
9131
9132
9135
9136
9137
9138
9140
9142
9143
9144
9146
9147
9148
9149
9150
9152
9153
9154
9157
9158
9163
9165
9166
9167
9168
9169
9170
9172
9173
9174
9176
9177
9178
9179
9180
9181
9182
9185
9190
9192
9194
9195
9196
9198
9199
9203
9205
9206
9207
9208
9209
9210
9211
9212
9213
9214
9215
9216
9217
9218
9219
9220
9221
9222
9223
9224
9227
9228
9229
9230
9232
9233
9234
9236
9238
9239
9240
9242
9244
9245
9246
9247
9248
9249
9250
9252
9253
9254
9255
9256
9257
9259
9261
9262
9263
9264
9265
9266
9267
9268
9269
9270
9271
9272
9273
9274
9275
9276
9277
9278
9279
9280
9281
9282
9283
9284
9286
9287
9288
9289
9290
9291
9293
9295
9297
9298
9299
9300
9303
9304
9306
9307
9308
9309
9310
9312
9313
9314
9315
9316
9317
9320
9325
9326
9327
9330
9333
9334
9335
9336
9337
9338
9339
9340
9341
9343
9344
9347
9348
9350
9351
9352
9353
9354
9355
9357
9359
9360
9361
9364
9365
9366
9367
9368
9369
9371
9373
9374
9377
9378
9379
9380
9382
9383
9384
9385
9386
9387
9388
9389
9391
9392
9393
9396
9401
9402
9403
9404
9412
9414
9415
9416
9417
9418
9420
9422
9423
9424
9426
9427
9429
9430
9432
9438
9440
9441
9442
9443
9444
9445
9446
9447
9448
9450
9451
9452
9453
9454
9455
9458
9459
9460
9461
9462
9463
9465
9468
9474
9475
9476
9477
9478
9481
9484
9485
9486
9487
9488
9489
9490
9491
9492
9494
9497
9498
9499
9500
9501
9502
9503
9507
9508
9510
9511
9512
9513
9514
9517
9518
9519
9520
9521
9522
9523
9525
9526
9527
9528
9529
9530
9531
9532
9533
9535
9536
9537
9538
9539
9540
9541
9544
9547
9548
9549
9550
9551
9552
9554
9555
9556
9557
9558
9560
9561
9562
9563
9564
9565
9566
9567
9568
9569
9570
9571
9573
9575
9576
9578
9579
9582
9583
9585
9586
9587
9588
9589
9590
9593
9594
9595
9596
9598
9600
9601
9602
9603
9604
9605
9607
9608
9611
9612
9613
9614
9615
9616
9617
9621
9622
9623
9625
9627
9628
9629
9632
9634
9637
9638
9639
9640
9642
9646
9648
9651
9652
9653
9655
9656
9657
9661
9662
9665
9666
9668
9669
9670
9671
9672
9673
9674
9675
9676
9677
9679
9681
9682
9683
9687
9690
9691
9693
9694
9695
9696
9699
9700
9702
9703
9704
9705
9706
9709
9710
9711
9713
9715
9716
9717
9718
9719
9721
9722
9723
9724
9725
9727
9728
9730
9731
9732
9733
9734
9737
9738
9739
9740
9741
9744
9745
9747
9748
9749
9751
9752
9754
9756
9757
9759
9761
9763
9764
9765
9766
9767
9768
9769
9771
9775
9776
9777
9778
9779
9781
9783
9788
9790
9791
9792
9794
9797
9798
9801
9802
9804
9805
9808
9810
9811
9812
9813
9815
9816
9817
9818
9819
9820
9821
9823
9824
9827
9828
9829
9830
9831
9832
9833
9835
9837
9839
9840
9841
9842
9844
9846
9847
9848
9849
9850
9852
9854
9855
9857
9860
9862
9866
9868
9869
9870
9872
9874
9876
9877
9878
9879
9880
9881
9882
9883
9884
9886
9887
9888
9890
9896
9897
9898
9899
9900
9902
9904
9905
9907
9908
9909
9911
9915
9917
9918
9920
9921
9922
9926
9929
9930
9931
9933
9935
9936
9940
9946
9948
9951
9953
9954
9955
9957
9960
9962
9963
9964
9966
9968
9970
9972
9975
9976
9977
9978
9980
9981
9982
9985
9986
9987
9990
9995
9996
9998
10001
10003
10005
10007
10008
10009
10011
10012
10013
10016
10017
10019
10023
10029
10030
10031
10032
10033
10034
10035
10036
10039
10040
10043
10044
10045
10047
10048
10050
10052
10054
10056
10058
10060
10061
10062
10063
10064
10065
10069
10072
10073
10074
10075
10079
10083
10085
10088
10091
10094
10095
10096
10098
10100
10101
10104
10106
10111
10112
10113
10114
10115
10118
10120
10121
10122
10123
10125
10126
10127
10129
10130
10131
10132
10137
10139
10143
10144
10145
10148
10149
10154
10155
10156
10157
10158
10159
10161
10163
10164
10165
10166
10167
10170
10173
10174
10178
10179
10180
10181
10184
10185
10186
10187
10188
10189
10190
10192
10193
10195
10197
10198
10201
10203
10204
10205
10210
10211
10215
10217
10218
10220
10221
10222
10224
10225
10227
10229
10231
10232
10233
10234
10235
10236
10237
10240
10243
10244
10245
10247
10248
10249
10254
10255
10256
10257
10262
10263
10265
10266
10268
10271
10272
10274
10275
10277
10281
10282
10286
10287
10288
10292
10293
10296
10298
10303
10304
10306
10307
10308
10310
10312
10314
10316
10317
10322
10323
10324
10331
10332
10334
10336
10337
10338
10339
10342
10344
10345
10348
10349
10351
10354
10355
10357
10358
10359
10360
10364
10365
10366
10369
10371
10373
10377
10380
10381
10383
10384
10385
10387
10388
10389
10390
10395
10397
10399
10400
10402
10404
10406
10408
10410
10411
10412
10413
10419
10423
10424
10426
10428
10431
10433
10434
10435
10436
10437
10438
10439
10440
10442
10443
10445
10446
10447
10450
10452
10455
10456
10459
10460
10461
10462
10464
10467
10468
10469
10471
10472
10473
10474
10475
10476
10477
10479
10480
10482
10484
10485
10487
10488
10490
10494
10495
10496
10497
10499
10500
10501
10505
10507
10508
10509
10513
10514
10516
10517
10521
10523
10524
10526
10527
10529
10530
10532
10533
10538
10539
10542
10543
10544
10545
10548
10549
10550
10551
10552
10554
10556
10557
10558
10560
10562
10565
10567
10569
10571
10572
10573
10575
10577
10578
10580
10582
10583
10585
10587
10588
10591
10592
10593
10595
10600
10602
10604
10607
10608
10609
10610
10617
10620
10622
10623
10624
10625
10627
10630
10632
10633
10636
10639
10641
10642
10644
10646
10647
10649
10651
10653
10654
10655
10657
10659
10664
10665
10667
10672
10673
10674
10675
10677
10680
10681
10682
10684
10685
10687
10690
10691
10692
10695
10697
10699
10700
10701
10702
10703
10704
10708
10709
10710
10711
10714
10715
10717
10718
10720
10721
10722
10723
10725
10727
10728
10729
10730
10731
10733
10734
10736
10737
10739
10741
10743
10748
10749
10751
10753
10757
10758
10759
10760
10761
10762
10764
10766
10768
10771
10772
10773
10774
10775
10776
10777
10778
10779
10780
10781
10782
10783
10784
10785
10786
10787
10788
10789
10790
10791
10792
10793
10795
10796
10799
10800
10801
10802
10804
10805
10806
10807
10808
10809
10810
10812
10814
10815
10817
10818
10821
10823
10824
10825
10826
10828
10830
10832
10833
10836
10837
10838
10840
10845
10846
10849
10851
10853
10854
10855
10856
10857
10860
10864
10866
10867
10868
10869
10870
10871
10872
10873
10875
10876
10881
10884
10889
10891
10892
10893
10894
10896
10897
10898
10900
10901
10902
10908
10909
10912
10913
10914
10915
10916
10917
10918
10919
10920
10925
10927
10928
10932
10933
10935
10936
10938
10940
10941
10942
10943
10944
10945
10948
10949
10950
10952
10953
10955
10956
10959
10960
10962
10963
10964
10966
10967
10971
10972
10973
10976
10979
10982
10984
10987
10988
10989
10990
10991
10994
10995
10998
11000
11005
11006
11007
11009
11014
11016
11017
11018
11020
11021
11023
11025
11027
11029
11031
11033
11036
11037
11038
11039
11040
11041
11042
11044
11045
11046
11047
11048
11050
11051
11052
11053
11056
11058
11059
11062
11064
11065
11067
11068
11069
11070
11077
11078
11079
11082
11087
11088
11089
11090
11092
11093
11094
11097
11101
11102
11105
11108
11111
11115
11116
11120
11123
11125
11126
11127
11131
11132
11134
11136
11137
11138
11140
11141
11144
11145
11146
11148
11149
11151
11153
11154
11157
11159
11160
11161
11163
11164
11165
11167
11169
11170
11171
11172
11173
11181
11182
11183
11185
11187
11190
11194
11195
11204
11205
11208
11209
11210
11211
11212
11214
11218
11221
11222
11224
11227
11229
11234
11237
11238
11240
11241
11243
11244
11246
11248
11249
11251
11252
11255
11257
11258
11259
11266
11267
11270
11272
11275
11276
11277
11287
11288
11289
11290
11292
11293
11294
11297
11299
11301
11303
11305
11306
11308
11309
11311
11313
11314
11316
11317
11320
11321
11322
11323
11324
11325
11326
11327
11328
11329
11330
11337
11341
11342
11343
11344
11345
11347
11348
11350
11351
11352
11353
11354
11356
11358
11359
11365
11367
11369
11371
11373
11379
11380
11383
11387
11388
11389
11390
11394
11395
11400
11401
11402
11403
11404
11405
11406
11409
11410
11411
11413
11414
11416
11417
11418
11419
11421
11422
11423
11425
11426
11430
11435
11437
11439
11441
11442
11448
11450
11453
11454
11456
11458
11460
11462
11464
11467
11468
11469
11470
11472
11474
11478
11479
11482
11483
11484
11485
11490
11494
11495
11497
11500
11502
11503
11504
11507
11508
11511
11512
11513
11517
11518
11522
11523
11524
11526
11527
11529
11531
11533
11534
11535
11538
11540
11541
11542
11543
11545
11546
11547
11548
11549
11552
11553
11554
11555
11556
11557
11561
11562
11563
11564
11566
11568
11570
11572
11573
11574
11575
11577
11578
11580
11581
11583
11585
11587
11590
11593
11596
11599
11601
11602
11603
11605
11607
11608
11609
11611
11612
11614
11615
11617
11619
11620
11630
11631
11632
11634
11636
11637
11639
11640
11641
11642
11643
11644
11647
11648
11654
11659
11661
11662
11663
11665
11667
11670
11675
11676
11683
11684
11685
11695
11696
11697
11702
11703
11704
11707
11710
11713
11714
11715
11716
11718
11720
11723
11724
11728
11729
11731
11734
11738
11739
11740
11742
11744
11745
11746
11747
11751
11752
11753
11758
11762
11763
11764
11774
11780
11781
11782
11783
11784
11790
11794
11798
11799
11801
11804
11805
11807
11808
11813
11814
11817
11818
11820
11821
11826
11827
11829
11830
11833
11836
11837
11842
11845
11847
11849
11850
11851
11855
11858
11859
11860
11862
11866
11870
11871
11873
11874
11875
11876
11877
11881
11882
11883
11886
11888
11890
11891
11895
11897
11899
11904
11906
11908
11910
11911
11913
11914
11919
11922
11925
11928
11929
11930
11931
11936
11939
11940
11941
11948
11955
11956
11957
11959
11962
11963
11964
11969
11970
11971
11973
11976
11977
11978
11980
11981
11983
11984
11986
11987
11991
11994
11995
11996
11999
12000
12001
12002
12003
12004
12005
12006
12011
12013
12014
12015
12016
12018
12019
12027
12028
12036
12037
12042
12043
12044
12045
12047
12053
12055
12060
12062
12064
12068
12070
12071
12072
12079
12080
12081
12082
12085
12086
12087
12090
12093
12096
12097
12098
12100
12101
12104
12109
12111
12112
12114
12115
12116
12119
12121
12122
12123
12124
12127
12128
12133
12134
12135
12136
12137
12138
12139
12140
12141
12142
12144
12145
12146
12147
12148
12150
12151
12152
12153
12155
12157
12158
12159
12160
12161
12162
12163
12164
12165
12167
12169
12170
12171
12173
12174
12175
12176
12177
12178
12179
12180
12181
12182
12183
12184
12185
12186
12187
12189
12190
12194
12195
12197
12199
12200
12201
12203
12204
12208
12210
12211
12212
12213
12214
12217
12220
12222
12224
12225
12227
12228
12229
12230
12232
12234
12235
12236
12237
12239
12240
12242
12243
12245
12246
12247
12248
12249
12251
12252
12253
12259
12263
12264
12266
12267
12269
12270
12271
12273
12274
12275
12276
12277
12278
12279
12281
12282
12284
12286
12287
12288
12292
12293
12295
12297
12299
12300
12302
12305
12309
12310
12311
12315
12316
12319
12320
12321
12322
12323
12325
12327
12328
12329
12332
12334
12336
12339
12341
12342
12343
12344
12346
12353
12354
12355
12356
12358
12362
12363
12366
12371
12373
12378
12380
12384
12385
12386
12387
12390
12391
12392
12395
12397
12399
12401
12402
12405
12406
12407
12408
12410
12413
12415
12416
12418
12419
12426
12428
12431
12432
12433
12434
12436
12440
12442
12444
12445
12448
12449
12450
12457
12459
12460
12465
12466
12470
12473
12478
12483
12485
12492
12495
12496
12497
12498
12499
12503
12504
12505
12507
12508
12509
12510
12511
12512
12513
12514
12516
12517
12520
12521
12522
12523
12526
12529
12531
12532
12533
12534
12535
12536
12538
12539
12541
12542
12546
12548
12554
12555
12556
12557
12558
12559
12560
12561
12562
12563
12564
12565
12566
12567
12568
12569
12570
12571
12573
12574
12580
12582
12584
12587
12589
12591
12594
12596
12597
12606
12609
12610
12614
12615
12620
12621
12622
12624
12625
12627
12629
12634
12636
12638
12643
12648
12649
12650
12653
12655
12657
12658
12659
12660
12663
12670
12671
12672
12673
12676
12677
12678
12680
12682
12684
12685
12687
12688
12691
12692
12693
12697
12701
12702
12705
12707
12709
12710
12714
12715
12716
12717
12718
12720
12723
12725
12726
12727
12735
12736
12738
12739
12741
12745
12746
12749
12750
12764
12766
12767
12769
12771
12774
12778
12783
12786
12787
12788
12790
12791
12792
12793
12795
12797
12798
12799
12800
12803
12804
12805
12806
12809
12810
12816
12821
12825
12833
12850
12855
12856
12857
12860
12861
12863
12864
12865
12868
12869
12870
12873
12875
12876
12878
12879
12880
12881
12892
12893
12894
12897
12898
12899
12904
12905
12906
12907
12908
12914
12915
12916
12917
12919
12921
12923
12927
12934
12943
12946
12947
12949
12950
12951
12952
12953
12954
12955
12956
12960
12961
12962
12963
12965
12966
12967
12968
12969
12970
12971
12972
12973
12975
12976
12977
12979
12982
12984
12985
12986
12987
12988
12989
12990
12991
12992
12994
12995
12997
13001
13003
13005
13012
13013
13014
13016
13017
13019
13022
13025
13026
13034
13035
13036
13037
13039
13040
13041
13042
13053
13055
13057
13058
13059
13061
13062
13063
13064
13065
13068
13072
13078
13079
13084
13085
13087
13088
13089
13090
13092
13093
13097
13098
13102
13103
13106
13109
13110
13112
13113
13117
13119
13121
13125
13126
13128
13131
13133
13134
13137
13138
13139
13141
13142
13144
13146
13149
13150
13152
13154
13155
13158
13160
13162
13163
13167
13171
13173
13174
13176
13179
13190
13193
13194
13196
13202
13203
13205
13206
13209
13212
13213
13216
13217
13221
13224
13227
13230
13238
13239
13240
13241
13245
13246
13247
13248
13249
13251
13253
13254
13255
13262
13263
13265
13267
13273
13274
13275
13276
13278
13279
13281
13282
13284
13288
13290
13291
13293
13295
13296
13299
13300
13301
13302
13303
13306
13309
13310
13311
13313
13314
13315
13316
13317
13318
13319
13320
13322
13325
13327
13328
13329
13331
13332
13333
13338
13339
13340
13341
13343
13346
13350
13352
13354
13356
13359
13361
13362
13363
13364
13366
13368
13370
13371
13373
13378
13381
13382
13384
13389
13393
13396
13397
13399
13400
13403
13409
13410
13418
13419
13421
13426
13427
13429
13430
13431
13432
13434
13438
13439
13440
13443
13446
13447
13448
13453
13455
13465
13475
13476
13479
13480
13481
13483
13486
13488
13491
13492
13495
13496
13500
13501
13504
13506
13507
13509
13510
13511
13512
13513
13514
13517
13518
13519
13520
13527
13528
13529
13532
13535
13536
13538
13544
13545
13546
13553
13554
13556
13558
13559
13560
13562
13564
13565
13566
13567
13568
13570
13571
13573
13574
13576
13577
13578
13579
13580
13583
13584
13585
13586
13587
13591
13599
13600
13602
13604
13605
13608
13609
13611
13612
13613
13615
13616
13617
13623
13624
13627
13628
13629
13633
13634
13637
13640
13641
13644
13645
13646
13647
13648
13650
13651
13654
13656
13658
13659
13661
13663
13664
13666
13667
13669
13670
13673
13674
13675
13676
13677
13680
13684
13685
13687
13688
13689
13690
13691
13692
13693
13694
13695
13696
13697
13703
13705
13712
13713
13718
13719
13720
13724
13726
13727
13730
13731
13732
13733
13736
13739
13741
13745
13746
13748
13750
13752
13753
13754
13755
13757
13760
13763
13765
13766
13768
13770
13772
13775
13776
13778
13780
13789
13791
13792
13793
13795
13796
13800
13801
13804
13807
13808
13809
13810
13811
13812
13813
13821
13825
13826
13830
13832
13835
13836
13837
13840
13841
13842
13847
13848
13850
13851
13854
13856
13857
13858
13859
13864
13865
13868
13869
13870
13877
13878
13891
13892
13893
13896
13897
13899
13903
13904
13906
13907
13910
13912
13913
13915
13916
13917
13921
13922
13923
13924
13927
13929
13930
13937
13938
13940
13942
13943
13947
13948
13953
13958
13959
13963
13964
13967
13968
13969
13970
13971
13974
13975
13977
13978
13979
13980
13981
13983
13984
13985
13987
13989
13990
13991
13994
13996
13997
14000
14001
14002
14003
14006
14007
14010
14013
14014
14015
14016
14017
14019
14024
14026
14029
14032
14037
14038
14039
14040
14041
14042
14046
14047
14052
14053
14061
14064
14065
14069
14077
14078
14079
14093
14094
14096
14097
14105
14109
14111
14112
14113
14114
14116
14117
14119
14121
14123
14124
14131
14133
14136
14143
14148
14151
14152
14153
14162
14165
14168
14170
14173
14174
14179
14187
14188
14192
14196
14200
14205
14209
14211
14212
14214
14222
14226
14230
14232
14239
14241
14242
14244
14245
14246
14252
14253
14254
14256
14257
14258
14260
14261
14262
14265
14266
14268
14271
14272
14275
14278
14280
14281
14282
14286
14288
14289
14290
14291
14294
14302
14304
14312
14314
14316
14319
14324
14328
14329
14330
14335
14337
14345
14356
14357
14360
14361
14363
14364
14367
14370
14372
14376
14377
14379
14382
14383
14384
14391
14396
14399
14400
14401
14404
14405
14408
14410
14412
14419
14427
14429
14441
14443
14446
14447
14451
14454
14462
14467
14468
14469
14471
14473
14474
14478
14490
14491
14497
14499
14506
14510
14526
14527
14528
14529
14530
14535
14540
14543
14546
14549
14550
14552
14554
14556
14557
14558
14560
14561
14564
14566
14572
14574
14575
14577
14583
14586
14589
14590
14593
14594
14597
14601
14602
14609
14610
14613
14615
14617
14619
14626
14627
14628
14638
14642
14646
14647
14648
14649
14650
14652
14653
14657
14658
14659
14663
14664
14665
14666
14669
14672
14675
14676
14678
14682
14686
14690
14691
14692
14694
14698
14702
14703
14705
14708
14713
14714
14715
14716
14718
14720
14722
14725
14726
14728
14732
14734
14735
14736
14737
14739
14742
14745
14746
14752
14753
14754
14757
14764
14765
14766
14768
14769
14770
14772
14774
14776
14780
14782
14785
14786
14793
14794
14795
14796
14797
14798
14799
14801
14802
14803
14809
14810
14812
14813
14815
14819
14821
14822
14824
14826
14828
14830
14831
14832
14835
14839
14841
14844
14845
14846
14847
14849
14850
14852
14854
14855
14857
14858
14861
14863
14864
14865
14866
14868
14869
14874
14877
14878
14880
14882
14884
14885
14887
14888
14889
14891
14894
14895
14898
14901
14903
14904
14905
14906
14907
14910
14911
14913
14915
14916
14918
14920
14921
14924
14925
14926
14927
14929
14931
14935
14936
14937
14942
14945
14946
14947
14948
14949
14952
14953
14954
14955
14956
14957
14958
14960
14964
14965
14966
14967
14968
14969
14973
14974
14978
14981
14982
14983
14986
14988
14990
14993
14998
15000
15001
15005
15006
15007
15010
15011
15015
15016
15017
15019
15022
15024
15026
15027
15028
15030
15031
15033
15034
15039
15040
15042
15044
15050
15051
15052
15054
15056
15058
15062
15063
15066
15067
15072
15076
15078
15082
15083
15085
15086
15087
15088
15089
15092
15093
15095
15097
15099
15100
15104
15107
15108
15109
15114
15115
15116
15117
15119
15120
15121
15124
15125
15134
15135
15136
15137
15138
15141
15143
15145
15147
15153
15154
15155
15156
15157
15162
15163
15164
15167
15172
15178
15179
15180
15182
15185
15187
15191
15193
15195
15203
15205
15206
15207
15210
15214
15215
15219
15220
15222
15223
15226
15229
15230
15235
15240
15241
15242
15243
15244
15246
15247
15249
15256
15257
15258
15263
15265
15266
15268
15269
15270
15271
15272
15273
15275
15277
15278
15279
15280
15284
15286
15287
15288
15289
15290
15291
15294
15296
15298
15300
15305
15307
15310
15317
15318
15319
15323
15325
15331
15332
15335
15336
15340
15341
15342
15345
15346
15347
15348
15352
15353
15354
15357
15362
15365
15366
15373
15374
15376
15377
15378
15379
15382
15384
15385
15386
15392
15394
15398
15401
15403
15404
15405
15408
15409
15410
15413
15414
15417
15418
15420
15421
15422
15424
15425
15427
15429
15430
15431
15436
15439
15444
15445
15451
15456
15461
15462
15463
15464
15468
15474
15478
15479
15480
15484
15485
15486
15488
15491
15492
15498
15500
15507
15513
15514
15516
15517
15518
15519
15520
15525
15526
15530
15533
15535
15537
15539
15541
15546
15549
15552
15556
15557
15559
15567
15576
15579
15581
15587
15593
15595
15596
15597
15599
15600
15602
15603
15605
15606
15614
15619
15620
15621
15624
15627
15629
15634
15644
15645
15648
15650
15651
15652
15654
15655
15657
15663
15666
15667
15668
15669
15670
15678
15691
15695
15709
15714
15717
15723
15726
15737
15739
15740
15742
15747
15748
15754
15755
15761
15764
15765
15767
15769
15771
15780
15782
15783
15788
15812
15825
15826
15834
15838
15839
15842
15845
15847
15848
15851
15854
15857
15864
15865
15870
15871
15872
15875
15876
15877
15879
15881
15884
15885
15894
15895
15901
15908
15911
15914
15916
15919
15922
15924
15925
15929
15933
15939
15941
15944
15946
15947
15948
15957
15959
15960
15963
15966
15971
15973
15980
15981
15983
15984
15999
16000
16006
16008
16011
16012
16019
16021
16029
16030
16032
16035
16037
16038
16041
16042
16046
16049
16050
16054
16056
16057
16059
16060
16062
16063
16071
16077
16083
16089
16090
16096
16099
16102
16108
16109
16112
16117
16118
16131
16148
16152
16153
16154
16156
16159
16162
16167
16169
16170
16177
16180
16181
16185
16193
16195
16196
16199
16201
16204
16206
16215
16220
16221
16226
16227
16228
16241
16252
16265
16266
16269
16274
16276
16277
16281
16283
16294
16296
16300
16301
16311
16312
16314
16315
16316
16318
16322
16323
16324
16330
16332
16339
16340
16344
16350
16353
16354
16356
16357
16359
16360
16361
16366
16367
16370
16371
16372
16373
16374
16375
16377
16384
16386
16387
16392
16393
16397
16399
16400
16403
16405
16407
16408
16409
16411
16412
16413
16416
16421
16422
16423
16424
16425
16426
16429
16430
16431
16433
16434
16436
16439
16440
16444
16445
16446
16449
16450
16451
16454
16456
16457
16458
16462
16464
16466
16476
16478
16481
16482
16483
16488
16490
16494
16496
16498
16499
16500
16501
16504
16505
16507
16509
16510
16517
16520
16522
16523
16524
16525
16528
16530
16533
16535
16536
16538
16542
16544
16545
16546
16551
16553
16554
16556
16558
16565
16567
16568
16569
16570
16571
16572
16575
16576
16577
16580
16582
16586
16590
16595
16598
16600
16602
16604
16605
16606
16607
16608
16609
16611
16612
16616
16619
16625
16628
16629
16630
16634
16636
16637
16638
16641
16643
16645
16647
16649
16655
16662
16663
16668
16669
16675
16676
16678
16679
16685
16686
16687
16694
16699
16700
16704
16705
16706
16714
16720
16723
16729
16747
16750
16751
16754
16755
16758
16763
16765
16766
16771
16772
16774
16775
16780
16791
16792
16800
16803
16808
16812
16814
16818
16827
16829
16830
16831
16832
16883
16895
16907
16916
16918
16939
16945
16949
16969
16981
16983
17029
17038
17041
17053
17068
17072
17080
17086
17087
17096
17097
17100
17104
17109
17111
17115
17116
17122
17123
17127
17132
17133
17134
17141
17144
17152
17153
17155
17156
17162
17169
17178
17181
17191
17192
17197
17202
17213
17232
17233
17240
17245
17247
17248
17249
17250
17252
17253
17254
17255
17256
17257
17258
17259
17260
17262
17264
17265
17266
17267
17268
17269
17270
17271
17272
17273
17274
17275
17276
17281
17282
17283
17284
17285
17286
17287
17288
17289
17290
17291
17292
17293
17294
17295
17296
17297
17298
17299
17300
17301
17302
17303
17304
17305
17307
17308
17309
17310
17311
17313
17314
17322
17323
17324
17335
17336
17340
17356
17357
17366
17367
17384
17396
17405
17406
17407
17412
17414
17420
17423
17425
17427
17430
17433
17443
17445
17446
17447
17454
17459
17464
17472
17473
17480
17481
17483
17486
17487
17490
17493
17495
17497
17500
17506
17514
17515
17519
17533
17536
17539
17541
17548
17554
17559
17566
17568
17570
17573
17575
17576
17579
17580
17588
17624
17625
17628
17630
17632
17640
17664
17678
17705
17720
17740
17745
17747
17748
17749
17760
17769
17783
17787
17788
17790
17794
17795
17796
17798
17800
17801
17802
17805
17806
17812
17813
17820
17821
17824
17826
17829
17836
17847
17851
17853
17857
17858
17870
17876
17877
17878
17887
17890
17893
17895
17896
17897
17898
17905
17911
17924
17928
17929
17931
17934
17937
17942
17945
17947
17949
17953
17959
17967
17968
17969
17972
17977
17978
17979
17983
17984
17988
18009
18010
18013
18017
18041
18044
18051
18052
18055
18056
18057
18058
18059
18061
18062
18063
18064
18065
18066
18068
18071
18073
18077
18078
18079
18081
18082
18084
18087
18088
18089
18090
18091
18092
18093
18094
18095
18096
18097
18098
18099
18100
18101
18103
18104
18105
18106
18107
18108
18109
18110
18111
18112
18113
18114
18115
18116
18117
18118
18119
18120
18121
18122
18123
18124
18125
18126
18127
18128
18129
18130
18131
18132
18133
18134
18135
18136
18137
18138
18139
18140
18141
18142
18143
18144
18145
18146
18152
18153
18156
18157
18159
18160
18164
18165
18166
18167
18168
18170
18171
18173
18174
18175
18176
18177
18178
18179
18180
18181
18182
18183
18184
18185
18186
18187
18191
18196
18199
18200
18201
18204
18205
18206
18207
18208
18210
18211
18212
18213
18214
18215
18216
18217
18218
18219
18220
18221
18222
18223
18224
18225
18226
18227
18228
18229
18230
18231
18232
18233
18234
18237
18238
18239
18240
18241
18242
18243
18245
18250
18253
18256
18259
18261
18262
18263
18265
18267
18268
18269
18274
18275
18282
18283
18284
18285
18286
18290
18292
18293
18294
18295
18296
18298
18299
18300
18301
18303
18304
18305
18307
18308
18309
18311
18312
18313
18315
18316
18318
18319
18320
18321
18322
18323
18325
18326
18328
18331
18332
18334
18337
18339
18342
18345
18346
18349
18350
18351
18352
18353
18355
18356
18357
18366
18368
18374
18375
18376
18377
18378
18381
18386
18390
18391
18392
18394
18396
18397
18403
18404
18405
18406
18408
18410
18412
18413
18416
18417
18419
18425
18429
18432
18433
18434
18442
18443
18447
18449
18452
18453
18454
18461
18462
18467
18469
18470
18471
18473
18479
18481
18483
18484
18486
18487
18489
18493
18497
18499
18503
18504
18514
18515
18516
18517
18518
18520
18521
18525
18526
18530
18539
18542
18543
18544
18546
18547
18548
18550
18555
18556
18560
18563
18565
18567
18584
18589
18592
18596
18597
18601
18604
18607
18609
18611
18615
18617
18618
18620
18625
18627
18628
18629
18634
18635
18636
18638
18642
18645
18646
18650
18651
18652
18653
18654
18655
18657
18662
18663
18665
18666
18669
18670
18672
18673
18676
18677
18680
18681
18682
18684
18689
18697
18701
18703
18705
18710
18711
18716
18718
18724
18726
18727
18728
18729
18730
18732
18735
18736
18740
18744
18745
18747
18749
18750
18752
18754
18758
18759
18762
18763
18767
18768
18769
18770
18771
18774
18775
18787
18788
18789
18791
18793
18796
18798
18800
18801
18803
18809
18811
18812
18816
18817
18818
18819
18821
18822
18825
18832
18833
18834
18838
18843
18844
18848
18851
18854
18857
18859
18860
18861
18863
18864
18866
18867
18868
18869
18873
18875
18878
18881
18885
18888
18889
18890
18894
18895
18897
18899
18900
18903
18904
18905
18907
18909
18911
18912
18913
18914
18920
18925
18927
18938
18939
18943
18962
18964
18968
18971
18972
18973
18979
18980
18983
18985
18987
18988
18989
18991
18992
18993
18995
19006
19009
19010
19011
19013
19014
19015
19017
19021
19026
19029
19034
19042
19044
19064
19089
19095
19108
19114
19126
19128
19131
19133
19136
19138
19140
19147
19157
19163
19177
19180
19182
19186
19194
19196
19198
19208
19210
19212
19213
19220
19223
19224
19225
19226
19256
19298
19306
19307
19313
19326
19328
19338
19343
19356
19382
19392
19395
19405
19423
19437
19444
19447
19461
19479
19485
19486
19488
19489
19497
19509
19510
19538
19540
19548
19555
19557
19578
19580
19590
19593
19597
19619
19677
19692
19701
19783
19789
19815
19848
19852
19867
19876
19887
19924
