7
8
12
15
17
18
19
39
40
48
50
53
54
56
58
62
68
69
71
73
77
89
91
92
94
97
99
100
101
106
107
110
114
115
117
125
127
128
130
140
141
142
147
150
152
157
173
178
181
183
186
188
189
191
197
199
204
206
212
215
219
227
236
240
259
264
282
283
287
288
296
300
303
307
310
313
329
335
340
347
349
353
363
366
377
387
389
394
399
402
403
419
423
426
427
428
431
432
435
438
439
442
445
452
453
454
458
473
475
481
482
513
514
519
521
526
530
540
553
554
555
567
595
596
611
612
625
636
637
638
645
650
652
653
658
665
673
678
682
685
703
708
721
725
734
735
736
737
753
758
763
770
773
774
777
779
780
781
782
787
792
796
799
800
803
805
806
811
825
827
830
839
847
848
855
859
860
863
864
872
876
883
884
888
900
918
920
921
934
944
955
967
982
999
1011
1013
1028
1029
1030
1034
1038
1040
1043
1055
1062
1077
1082
1085
1086
1097
1103
1105
1109
1122
1123
1133
1156
1161
1165
1179
1181
1188
1189
1191
1196
1213
1227
1232
1241
1245
1250
1251
1258
1265
1269
1274
1277
1292
1312
1316
1323
1329
1345
1350
1354
1355
1356
1365
1370
1375
1383
1384
1389
1393
1410
1422
1435
1443
1447
1451
1455
1457
1463
1466
1468
1474
1479
1480
1485
1497
1502
1504
1524
1542
1544
1545
1549
1567
1572
1576
1579
1581
1589
1592
1596
1610
1622
1624
1633
1640
1647
1655
1657
1660
1668
1679
1688
1693
1697
1705
1729
1739
1744
1755
1760
1764
1789
1792
1798
1802
1820
1821
1853
1857
1860
1870
1871
1881
1891
1907
1909
1918
1919
1931
1939
1943
1947
1951
1956
1959
1965
1967
1972
1977
1982
1991
2004
2015
2021
2027
2029
2037
2041
2048
2049
2052
2060
2070
2081
2099
2110
2113
2124
2146
2150
2165
2167
2168
2176
2178
2209
2224
2238
2246
2251
2252
2268
2292
2293
2300
2303
2337
2338
2359
2364
2368
2376
2388
2398
2424
2425
2432
2436
2446
2448
2464
2466
2469
2473
2477
2505
2508
2517
2518
2521
2526
2530
2536
2537
2539
2543
2544
2556
2559
2583
2587
2602
2603
2605
2610
2615
2619
2623
2624
2640
2643
2644
2645
2646
2647
2648
2650
2656
2663
2665
2667
2669
2670
2671
2674
2676
2680
2681
2691
2697
2700
2703
2724
2728
2732
2734
2746
2747
2749
2754
2759
2761
2762
2763
2765
2766
2771
2779
2781
2784
2788
2792
2802
2807
2816
2820
2830
2832
2837
2840
2843
2844
2861
2876
2879
2893
2903
2907
2918
2926
2931
2939
2949
2950
2961
2970
2971
2973
2976
2978
2988
2989
3010
3029
3033
3050
3068
3078
3083
3096
3097
3098
3122
3123
3126
3130
3133
3140
3144
3151
3153
3157
3161
3162
3168
3169
3174
3176
3177
3187
3188
3198
3213
3215
3226
3228
3242
3244
3248
3250
3254
3256
3262
3264
3275
3287
3308
3315
3317
3322
3323
3330
3331
3332
3340
3341
3344
3350
3357
3369
3371
3376
3383
3384
3385
3388
3398
3403
3432
3433
3440
3456
3462
3466
3470
3474
3477
3483
3487
3490
3492
3511
3515
3517
3519
3522
3524
3527
3529
3531
3532
3544
3551
3553
3554
3556
3557
3559
3562
3564
3565
3567
3568
3571
3573
3574
3576
3580
3581
3582
3583
3598
3601
3604
3609
3610
3612
3614
3616
3620
3623
3624
3628
3632
3643
3648
3651
3658
3683
3689
3691
3699
3703
3704
3707
3708
3709
3713
3718
3732
3734
3743
3756
3757
3759
3760
3764
3766
3772
3777
3785
3789
3792
3803
3804
3813
3814
3820
3822
3844
3845
3866
3868
3879
3886
3891
3897
3898
3911
3917
3919
3933
3946
3961
3963
3968
3970
3981
3983
4001
4006
4008
4012
4020
4022
4025
4027
4036
4038
4044
4056
4070
4082
4086
4087
4103
4108
4111
4112
4118
4119
4120
4129
4131
4145
4146
4147
4153
4155
4159
4161
4165
4179
4215
4217
4219
4220
4242
4243
4245
4250
4252
4253
4262
4264
4292
4293
4303
4311
4312
4313
4319
4331
4334
4340
4347
4349
4364
4373
4375
4389
4390
4407
4415
4418
4421
4425
4438
4445
4470
4471
4476
4481
4502
4506
4508
4513
4527
4531
4542
4544
4546
4553
4555
4596
4603
4616
4618
4635
4636
4640
4649
4661
4663
4664
4673
4677
4679
4691
4695
4708
4716
4718
4734
4751
4763
4766
4770
4778
4787
4790
4799
4802
4814
4817
4821
4827
4830
4833
4839
4843
4845
4846
4861
4862
4863
4870
4887
4894
4900
4909
4912
4913
4916
4920
4946
4971
4979
4996
5011
5036
5051
5063
5066
5072
5074
5082
5087
5145
5146
5176
5181
5184
5222
5247
5254
5261
5262
5275
5279
5309
5311
5326
5331
5341
5345
5364
5369
5380
5382
5399
5409
5424
5428
5431
5435
5436
5438
5441
5449
5458
5460
5466
5476
5477
5478
5481
5491
5513
5516
5523
5528
5536
5544
5550
5551
5560
5564
5565
5571
5581
5589
5620
5621
5625
5630
5631
5640
5647
5651
5668
5681
5706
5709
5712
5734
5742
5747
5748
5755
5759
5773
5776
5778
5792
5793
5795
5796
5804
5806
5817
5834
5835
5837
5840
5851
5857
5859
5864
5875
5876
5880
5882
5918
5923
5929
5936
5947
5950
5952
5966
5981
5997
5999
6019
6027
6031
6045
6057
6076
6085
6089
6093
6097
6103
6122
6134
6140
6158
6171
6216
6233
6242
6253
6254
6270
6283
6291
6293
6321
6344
6348
6351
6360
6371
6372
6389
6391
6392
6401
6416
6419
6427
6432
6447
6464
6466
6480
6488
6500
6509
6514
6522
6544
6548
6556
6561
6565
6574
6584
6596
6612
6626
6653
6675
6689
6694
6698
6713
6720
6729
6747
6750
6761
6763
6765
6772
6790
6792
6800
6812
6840
6844
6857
6859
6866
6869
6884
6885
6897
6922
6924
6936
6948
6954
6964
6965
6979
6999
7002
7004
7005
7036
7042
7081
7086
7102
7123
7125
7132
7148
7175
7176
7178
7208
7209
7222
7223
7224
7226
7238
7256
7259
7279
7282
7358
7359
7360
7363
7377
7391
7393
7406
7409
7412
7419
7420
7423
7427
7443
7448
7465
7470
7483
7501
7517
7532
7535
7544
7554
7557
7558
7562
7563
7578
7583
7589
7593
7599
7608
7614
7618
7623
7637
7654
7684
7694
7695
7700
7701
7719
7722
7727
7730
7735
7747
7748
7758
7759
7761
7762
7776
7787
7807
7820
7828
7829
7835
7837
7839
7847
7857
7862
7867
7868
7874
7878
7880
7886
7893
7894
7898
7910
7914
7915
7917
7923
7954
7961
7963
7964
7971
7972
7977
7993
8006
8014
8043
8051
8062
8065
8071
8074
8075
8078
8086
8087
8088
8100
8104
8116
8117
8119
8120
8144
8160
8161
8170
8180
8194
8195
8209
8234
8266
8276
8291
8314
8317
8320
8330
8338
8343
8348
8349
8350
8354
8357
8369
8372
8395
8407
8412
8418
8431
8434
8481
8486
8491
8500
8507
8510
8514
8522
8533
8568
8572
8578
8580
8590
8591
8594
8603
8605
8607
8650
8655
8705
8706
8723
8732
8733
8771
8775
8782
8785
8787
8797
8799
8834
8835
8847
8860
8863
8866
8874
8890
8896
8905
8907
8917
8929
8939
8943
8944
8949
8970
8973
8982
8995
9005
9008
9030
9049
9053
9063
9065
9066
9080
9095
9096
9097
9109
9113
9148
9149
9179
9181
9193
9199
9204
9207
9212
9229
9236
9239
9250
9265
9266
9269
9271
9278
9280
9283
9284
9295
9314
9320
9337
9343
9352
9383
9398
9415
9416
9421
9426
9429
9435
9438
9445
9460
9466
9481
9484
9488
9494
9507
9520
9530
9535
9551
9555
9560
9567
9568
9573
9607
9609
9621
9644
9654
9684
9693
9695
9711
9717
9722
9724
9728
9731
9750
9761
9776
9791
9798
9810
9813
9821
9823
9830
9833
9847
9860
9868
9873
9884
9886
9896
9902
9903
9964
9975
9990
9994
10029
10044
10048
10063
10065
10091
10154
10157
10159
10173
10201
10209
10235
10237
10245
10269
10295
10336
10358
10361
10388
10399
10434
10445
10447
10474
10490
10513
10543
10560
10562
10600
10605
10607
10614
10647
10664
10667
10672
10692
10723
10727
10728
10733
10743
10761
10779
10782
10791
10815
10830
10834
10879
10892
10893
10900
10912
10920
10927
10942
10945
11069
11082
11087
11090
11125
11134
11140
11145
11166
11182
11194
11285
11323
11383
11405
11413
11414
11456
11483
11500
11553
11570
11582
11634
11640
11660
11661
11714
11716
11723
11751
11780
11826
11939
11960
11980
12035
12046
12069
12104
12121
12123
12138
12139
12140
12150
12195
12199
12210
12243
12288
12296
12297
12323
12325
12328
12358
12359
12373
12387
12415
12440
12445
12562
12568
12676
12677
12683
12687
12705
12714
12798
12892
12938
12950
12954
12956
12994
13012
13116
13133
13137
13151
13199
13209
13227
13253
13267
13275
13291
13313
13314
13358
13382
13441
13517
13527
13609
13650
13656
13659
13663
13681
13684
13685
13746
13751
13776
13793
13848
13904
13915
13917
13964
13989
14000
14014
14017
14042
14168
14310
14324
14337
14344
14400
14404
14405
14423
14437
14538
14564
14570
14585
14619
14646
14655
14659
14664
14709
14720
14752
14764
14777
14785
14793
14829
14831
14833
14838
14845
14855
14866
14904
14914
14929
14956
14957
14983
15007
15015
15071
15110
15135
15153
15159
15195
15277
15310
15320
15427
15435
15436
15507
15540
15599
15651
15668
15709
15739
15771
15783
15914
15970
15991
15997
16035
16071
16089
16098
16099
16112
16153
16173
16181
16185
16206
16215
16394
16407
16489
16490
16499
16500
16504
16516
16529
16609
16639
16713
16805
17122
17249
17271
17288
17302
17309
17310
17423
17493
17548
17661
17795
17820
17942
17974
17988
18017
18065
18068
18071
18077
18082
18104
18113
18116
18127
18130
18135
18137
18142
18143
18145
18151
18161
18198
18209
18213
18215
18224
18230
18298
18326
18379
18398
18413
18433
18454
18469
18487
18490
18518
18520
18542
18605
18607
18608
18629
18650
18795
18804
18841
19116
19131
19133
19140
19554
19588
19673
19928
