10
17
39
52
54
55
68
88
130
134
168
172
173
181
183
196
200
206
295
321
363
414
428
450
558
609
652
673
679
710
720
736
739
759
774
780
798
799
810
818
844
860
863
906
953
995
1013
1025
1034
1056
1083
1148
1172
1200
1212
1219
1223
1250
1272
1386
1393
1402
1408
1450
1465
1497
1583
1599
1810
1820
1862
1895
1903
1976
1986
2041
2064
2067
2098
2111
2168
2174
2193
2219
2246
2318
2426
2487
2495
2521
2582
2598
2608
2622
2640
2649
2669
2691
2763
2840
2845
2865
2875
2914
2932
2950
3009
3033
3057
3059
3096
3155
3196
3228
3248
3256
3264
3278
3318
3359
3361
3419
3452
3463
3474
3495
3543
3566
3571
3583
3613
3648
3669
3683
3690
3707
3761
3764
3772
3776
3795
3815
3828
3831
3865
3870
3882
3894
3969
3979
3997
4023
4120
4192
4220
4301
4330
4347
4389
4486
4560
4565
4587
4610
4637
4677
4821
4826
4831
4919
4993
5022
5072
5084
5113
5153
5167
5188
5299
5326
5352
5358
5369
5442
5532
5625
5651
5666
5710
5751
5774
5779
5880
5897
5918
5957
6093
6150
6212
6270
6283
6349
6389
6392
6463
6640
6772
6814
6872
7049
7256
7358
7397
7398
7409
7416
7557
7572
7601
7605
7641
7666
7729
7730
7739
7748
7788
7818
7852
7856
7983
8001
8042
8056
8253
8276
8342
8455
8508
8578
8608
8732
8786
8789
8801
8823
8847
8869
8917
9066
9096
9166
9242
9274
9310
9448
9695
9764
9797
9802
9847
9995
10076
10091
10099
10558
10685
11153
11367
11387
11535
11562
11996
12178
12181
12225
12230
12247
12275
12302
12318
12374
12448
12701
12782
13041
13097
13482
13586
13591
13611
13800
13906
14123
14261
15051
15418
16098
16212
16266
16605
16772
16790
17260
17267
17284
17430
17928
18017
18104
18129
18133
18156
18211
18226
18298
18564
18686
18933
19152
