0.22844
0.20638
0.30963
0.44012
0.53782
0.34177
0.21693
0.22475
0.27065
0.41667
0.52031
0.49555
0.37329
0.44475
0.37572
0.41427
0.46218
0.24598
0.48352
0.42203
0.27131
0.48962
0.39238
0.35740
0.41777
0.31672
0.29596
0.18564
0.35123
0.54910
0.31581
0.53472
0.50113
0.17471
0.32848
0.32816
0.48333
0.25362
0.38008
0.42797
0.19924
0.27097
0.48141
0.52734
0.31854
0.41117
0.39532
0.23484
0.36606
0.36808
0.27985
0.40172
0.30647
0.19649
0.39613
0.64473
0.28085
0.41047
0.44529
0.20239
0.43552
0.20506
0.39839
0.36099
0.19621
0.24797
0.27141
0.55789
0.37428
0.37946
0.42078
0.22735
0.42730
0.36285
0.33876
0.33189
0.21543
0.53087
0.52651
0.44385
0.17327
0.40614
0.46110
0.20615
0.42299
0.50886
0.26962
0.42453
0.39660
0.40122
0.23353
0.34111
0.30083
0.25805
0.26883
0.34314
0.18690
0.22628
0.38668
0.32273
0.35128
0.21790
0.23949
0.19340
0.38866
0.42409
0.35868
0.36823
0.23043
0.30299
0.25657
0.31260
0.33586
0.48006
0.40100
0.22559
0.36629
0.43034
0.40294
0.26845
0.42287
0.42688
0.21538
0.43027
0.42230
0.44002
0.37549
0.20537
0.22590
0.44834
0.42556
0.36458
0.37530
0.40890
0.34968
0.32823
0.40016
0.26992
0.37754
0.23665
0.22624
0.48824
0.28762
0.45884
0.48588
0.43415
0.21710
0.21866
0.36497
0.38130
0.22647
0.25762
0.21828
0.57375
0.42471
0.37541
0.20555
0.27311
0.27603
0.29233
0.16574
0.39376
0.40239
0.39362
0.35046
0.31252
0.56234
0.27935
0.20037
0.34828
0.20333
0.27202
0.34770
0.49097
0.38968
0.34994
0.23970
0.29038
0.27731
0.38691
0.37727
0.40364
0.34743
0.30631
0.22069
0.29629
0.32402
0.20286
0.37593
0.41204
0.31342
0.45863
0.39767
0.21549
0.21057
0.42072
0.22189
0.45285
0.93023
0.20716
0.38215
0.40551
0.43888
0.45149
0.50291
0.51962
0.32327
0.48088
0.38743
0.29597
0.40693
0.36032
0.20537
0.36735
0.43847
0.32210
0.39397
0.30969
0.28275
0.36450
0.33411
0.39232
0.28891
0.23146
0.21795
0.38734
0.21531
0.42127
0.42770
0.25120
0.22910
0.21618
0.66292
0.24144
0.41442
0.47042
0.32186
0.22190
0.36577
0.25299
0.40828
0.37133
0.74286
0.36897
0.48242
0.35859
0.39798
0.21823
0.32508
0.36884
0.26007
0.35917
0.40690
0.27045
0.27779
0.37538
