0.27603
0.25202
0.22012
0.43022
0.25163
0.25240
0.23568
0.31818
0.32008
0.38953
0.36489
0.41737
0.37085
0.32398
0.25159
0.22457
0.25186
0.23520
0.40074
0.34405
0.27230
0.26496
0.36509
0.36597
0.36295
0.20401
0.35479
0.35203
0.29880
0.48362
0.33665
0.32694
0.22676
0.26151
0.37761
0.25129
0.27745
0.33362
0.42227
0.22623
0.37111
0.22023
0.21584
0.32802
0.34816
0.26156
0.53876
0.19953
0.22053
0.29840
0.38102
0.20734
0.36140
0.24141
0.33621
0.20976
0.39681
0.29928
0.35346
0.38544
0.35623
0.28509
0.39528
0.28831
0.28353
0.23822
0.27716
0.23918
0.21236
0.24396
0.36403
0.41869
0.43176
0.22649
0.18958
0.42480
0.21893
0.34301
0.26985
0.26175
0.38724
0.31945
0.22235
0.22920
0.25871
0.33587
0.28478
0.33453
0.24553
0.32479
0.30075
0.22359
0.35671
0.38495
0.24287
0.24545
0.29119
0.33136
0.35603
0.20680
0.29989
0.35973
0.31858
0.42648
0.36845
0.23264
0.27563
0.22841
0.26438
0.22302
0.22402
0.43025
0.24198
0.22653
0.26254
0.27347
0.37258
0.28551
0.25326
0.26948
0.26824
0.33146
0.35946
0.21159
0.24368
0.25913
0.22779
0.36202
0.23851
0.23430
0.22370
0.24515
0.34553
0.36650
0.24702
0.27911
0.24590
0.23727
0.41093
0.27085
0.23342
0.22348
0.22666
0.25295
0.23574
0.39721
0.25003
0.37994
0.35385
0.42171
0.22474
0.35776
0.35258
0.25464
0.27715
0.25480
0.31060
0.18652
0.22194
0.33225
0.43338
0.22977
0.23777
0.22223
0.24978
0.23836
0.28441
0.37869
0.23116
0.28841
0.38380
0.25240
0.26587
0.33692
0.24049
0.27515
0.21308
0.22918
0.22242
0.36582
0.38075
0.36955
0.27584
0.29432
0.24738
0.25951
0.31071
0.37331
0.49815
0.24926
0.35699
0.26227
0.23029
0.23343
0.28370
0.22672
0.40850
0.35498
0.34040
0.36008
0.22552
0.33601
0.35792
0.38503
0.22670
0.25201
0.22068
0.24172
0.25133
0.34670
0.24676
0.24228
0.24231
0.29387
0.28546
0.26905
0.24997
0.25558
0.42008
0.35487
0.33753
0.28674
0.33570
0.22465
0.24221
0.21952
0.22993
0.19645
0.28612
0.25200
0.20247
0.38739
0.25584
0.33101
0.33074
0.20697
0.29061
0.40496
0.31649
0.26371
0.17858
0.24845
0.30366
0.34855
0.28178
0.38040
0.23789
0.23832
0.34313
0.33618
0.28328
0.34141
0.25883
0.20407
0.41049
0.30747
