0.31171
0.48178
0.31563
0.22183
0.20611
0.22706
0.33175
0.20293
0.34539
0.26738
0.22770
0.22129
0.26378
0.32682
0.29125
0.24986
0.30395
0.25007
0.18649
0.32879
0.44430
0.31946
0.24783
0.32215
0.35489
0.24118
0.25262
0.28297
0.25209
0.21306
0.26455
0.26853
0.33688
0.21589
0.25272
0.27678
0.21259
0.24106
0.22592
0.20712
0.21153
0.24424
0.41467
0.24327
0.50072
0.33025
0.22786
0.34425
0.22990
0.17290
0.24092
0.18062
0.35721
0.22933
0.33274
0.27948
0.25079
0.20584
0.59056
0.22525
0.28677
0.22708
0.19861
0.20630
0.24900
0.20856
0.34812
0.40108
0.28050
0.25262
0.32985
0.25727
0.20587
0.31630
0.25249
0.21738
0.27180
0.22570
0.20467
0.21580
0.18859
0.21785
0.21600
0.19851
0.23751
0.24279
0.28732
0.23399
0.26956
0.21798
0.25425
0.48030
0.25446
0.21685
0.25469
0.23283
0.25306
0.24406
0.23659
0.26288
0.23064
0.26609
0.30925
0.36743
0.37268
0.24958
0.21444
0.20719
0.27460
0.21879
0.23001
0.24077
0.24443
0.20369
0.26046
0.39839
0.20720
0.26935
0.20664
0.21379
0.28494
0.28428
0.23078
0.24743
0.19931
0.23957
0.28051
0.27359
0.27652
0.36786
0.41354
0.26006
0.25389
0.26406
0.19895
0.24525
0.20850
0.22611
0.36568
0.26630
0.24916
0.26900
0.20004
0.32698
0.23008
0.24322
0.43073
0.24581
0.27593
0.38257
0.21136
0.21088
0.20158
0.26727
0.24194
0.23626
0.30225
0.23653
0.17610
0.22216
0.26523
0.44916
0.22933
0.37082
0.42757
0.27208
0.31105
0.21214
0.23623
0.20849
0.21476
0.38730
0.22747
0.23166
0.23449
0.33183
0.26881
0.21057
0.20997
0.32710
0.24703
0.23376
0.25910
0.27399
0.25642
0.24877
0.21839
0.19116
0.29264
0.24639
0.21269
0.23594
0.23785
0.25284
0.28050
0.22460
0.26281
0.23746
0.28782
0.25505
0.26073
0.23392
0.25176
0.43233
0.40604
0.24622
0.27046
0.25346
0.32919
0.22244
0.17479
0.33171
0.36038
0.23305
0.17583
0.24811
0.22363
0.28561
0.25202
0.22183
0.35040
0.21479
0.23048
0.23754
0.28277
0.27375
0.20733
0.34710
0.27122
0.18452
0.35607
0.25348
0.23256
0.37125
0.26833
0.23831
0.25258
0.24678
0.21214
0.25948
0.23891
0.17707
0.22328
0.28223
0.20674
0.22581
0.22346
0.24927
0.33058
0.26528
0.39952
0.41365
0.27584
0.24101
0.23910
0.25520
