0.25037
0.24721
0.27098
0.20195
0.22162
0.20902
0.26264
0.24314
0.23559
0.25920
0.25715
0.24887
0.24573
0.28769
0.26800
0.24788
0.25944
0.26892
0.18396
0.21759
0.25984
0.20623
0.22972
0.25363
0.20739
0.25726
0.19452
0.25939
0.22354
0.43847
0.18773
0.26145
0.28041
0.18420
0.25736
0.25081
0.21197
0.23329
0.20183
0.19455
0.23830
0.25939
0.23474
0.21886
0.21940
0.29213
0.25599
0.23621
0.26433
0.23569
0.23963
0.22993
0.26187
0.23820
0.25209
0.25973
0.25504
0.32849
0.24378
0.26885
0.23005
0.31034
0.24350
0.24941
0.25348
0.19959
0.27083
0.21750
0.43679
0.18497
0.28863
0.25523
0.24836
0.25035
0.22019
0.24189
0.22161
0.26266
0.23949
0.26406
0.24698
0.35888
0.20781
0.23601
0.25599
0.26029
0.31034
0.24388
0.25076
0.20664
0.26293
0.21730
0.26860
0.24650
0.34579
0.25285
0.26933
0.17134
0.24024
0.18322
0.20623
0.23203
0.25310
0.25085
0.18890
0.23124
0.26728
0.22564
0.26898
0.20739
0.27466
0.23859
0.22346
0.19696
0.24350
0.20579
0.21539
0.23145
0.27142
0.21068
0.22232
0.21989
0.25871
0.25517
0.26764
0.22397
0.25694
0.25797
0.25498
0.26848
0.23156
0.27647
0.28091
0.24184
0.17024
0.30927
0.25138
0.19923
0.22062
0.33093
0.24466
0.20923
0.23492
0.25627
0.26106
0.22177
0.26860
0.25696
0.23571
0.28282
0.18319
0.23986
0.27012
0.22738
0.29596
0.24989
0.24848
0.26682
0.23815
0.22480
0.25093
0.23745
0.25079
0.21303
0.21619
0.26266
0.18248
0.26533
0.25388
0.19867
0.25356
0.26618
0.23639
0.18064
0.23492
0.24736
0.20793
0.20768
0.30998
0.21468
0.17844
0.20414
0.25228
0.18559
0.23411
0.21539
0.25512
0.24390
0.26972
0.21971
0.19435
0.25919
0.18697
0.19853
0.22787
0.26539
0.23107
0.25102
0.24586
0.23330
0.30914
0.21808
0.24941
0.18913
0.24047
0.26445
0.25806
0.24157
0.24293
0.21398
0.26618
0.43402
0.25118
0.19919
0.21867
0.21216
0.43937
0.25835
0.25784
0.18187
0.27481
0.19923
0.24010
0.20144
0.23743
0.23357
0.26415
0.23965
0.24043
0.22397
0.27020
0.21486
0.20723
0.20491
0.24795
0.25377
0.28383
0.26187
0.20325
0.24614
0.25039
0.24699
0.22761
0.25059
0.25705
0.21316
0.34141
0.21191
0.26026
0.26757
0.35388
0.24268
0.25914
0.33368
0.26532
0.24043
