0.26560
0.26970
0.27068
0.26528
0.26767
0.23171
0.21675
0.20574
0.21269
0.24407
0.23124
0.23374
0.20935
0.21898
0.20781
0.24407
0.26501
0.26203
0.21549
0.26687
0.25344
0.25681
0.24914
0.25064
0.25971
0.24654
0.24354
0.25359
0.25938
0.22698
0.22048
0.23261
0.23510
0.23045
0.21224
0.25229
0.21670
0.17880
0.18326
0.24444
0.23647
0.23856
0.18460
0.18501
0.18173
0.24268
0.25519
0.26035
0.23513
0.24081
0.26947
0.25514
0.25905
0.25393
0.23987
0.25170
0.25521
0.25130
0.28219
0.28860
0.20747
0.25254
0.25402
0.26204
0.19462
0.26073
0.26837
0.17813
0.23690
0.26065
