0
1
2
3
4
5
7
8
9
10
11
12
13
14
15
16
17
19
20
23
24
25
26
28
29
30
31
32
34
35
36
37
39
40
41
42
43
44
45
47
48
49
50
51
52
53
54
55
56
57
58
60
61
62
64
66
67
68
69
70
71
72
74
75
76
77
78
79
82
83
84
85
86
87
88
89
90
91
92
93
94
95
96
97
98
99
101
103
106
107
108
109
110
111
112
113
114
115
116
117
118
119
120
121
122
123
124
125
126
127
128
129
130
131
132
133
134
136
137
138
140
141
142
143
144
145
146
147
148
149
150
152
153
155
156
157
159
162
163
164
165
166
167
168
169
170
171
172
173
175
176
177
178
179
180
181
182
183
184
185
187
188
189
190
191
193
194
195
196
197
198
199
200
201
203
204
205
206
207
208
209
210
211
212
213
214
215
216
217
218
219
221
222
224
226
227
228
229
230
232
233
234
235
236
237
238
239
240
241
243
247
248
250
255
258
259
260
262
263
264
265
266
267
268
270
271
272
273
274
275
276
277
278
279
280
282
283
284
285
287
288
289
292
293
295
296
297
298
299
300
301
302
303
304
306
307
308
309
310
311
312
313
314
315
317
320
321
322
323
325
326
327
328
330
331
333
336
337
338
339
340
341
342
343
344
345
346
347
349
350
351
352
353
356
357
358
359
360
362
363
366
367
368
369
370
371
372
374
375
376
377
378
379
381
383
384
385
386
387
388
389
390
391
392
393
394
395
396
398
399
400
401
402
403
404
405
406
408
409
410
411
412
413
414
416
417
418
419
420
421
422
423
424
425
426
427
428
429
430
431
432
433
434
435
436
437
438
439
441
442
444
445
446
447
448
449
450
451
452
453
454
455
457
459
460
463
464
465
468
469
470
471
473
474
475
476
477
478
479
480
481
482
483
485
487
488
490
491
493
494
496
497
500
501
502
503
504
505
506
508
510
512
513
514
515
516
517
518
519
522
523
525
526
527
529
531
532
533
534
535
536
537
538
539
540
541
542
543
546
549
551
552
553
554
555
556
558
559
562
563
564
565
566
567
569
571
572
573
574
575
576
577
579
580
581
582
583
585
586
587
588
589
590
591
592
593
594
595
596
597
598
599
600
601
602
603
604
605
606
607
608
609
610
611
612
613
614
615
616
618
619
620
621
622
623
625
626
627
628
629
631
632
634
635
636
637
638
639
640
641
642
645
646
647
648
649
650
651
652
653
655
656
658
659
660
661
662
663
664
665
666
667
668
670
672
673
674
677
679
680
681
682
683
684
685
687
688
689
690
691
692
693
694
695
696
697
698
700
701
702
704
707
708
709
710
711
712
714
715
717
718
720
721
722
723
724
725
727
728
732
733
734
735
736
737
738
739
741
742
743
744
745
746
748
749
750
751
752
753
754
755
757
758
759
760
761
763
765
767
768
769
770
772
773
774
777
778
779
780
781
782
783
785
786
787
788
789
790
791
792
793
794
795
796
798
799
800
801
804
805
806
807
808
809
810
811
813
814
815
816
817
818
819
820
821
822
824
825
826
827
829
830
832
835
836
837
838
839
843
844
845
846
847
848
849
850
851
852
853
854
855
856
857
858
859
860
862
863
864
865
867
869
870
871
873
875
876
877
878
879
880
881
882
883
884
885
886
887
888
889
891
892
895
896
897
898
900
901
902
903
904
905
906
908
909
911
912
917
918
920
921
922
924
927
928
929
930
931
932
933
934
935
936
937
938
940
941
942
943
944
946
947
948
949
950
951
952
953
954
955
956
957
958
960
961
963
964
965
967
969
971
973
974
975
976
977
978
979
980
982
983
984
985
987
990
991
992
993
994
995
996
999
1002
1003
1005
1006
1009
1011
1012
1013
1014
1015
1017
1018
1019
1020
1022
1024
1025
1028
1029
1030
1031
1033
1034
1035
1036
1037
1040
1041
1043
1044
1046
1049
1050
1055
1056
1060
1061
1062
1063
1065
1066
1067
1068
1069
1070
1071
1073
1074
1075
1076
1077
1078
1079
1080
1082
1083
1084
1085
1086
1088
1089
1091
1092
1094
1095
1097
1098
1103
1104
1105
1106
1107
1110
1112
1113
1114
1117
1120
1122
1123
1124
1126
1127
1128
1129
1131
1132
1133
1134
1135
1137
1139
1141
1143
1145
1146
1148
1149
1150
1152
1155
1156
1157
1158
1159
1160
1161
1162
1165
1166
1167
1169
1172
1175
1178
1179
1180
1181
1182
1184
1186
1187
1189
1190
1191
1192
1194
1196
1198
1199
1200
1201
1202
1206
1207
1208
1209
1210
1211
1212
1213
1215
1216
1219
1220
1222
1223
1225
1227
1229
1230
1231
1232
1234
1235
1237
1242
1244
1245
1248
1249
1250
1251
1253
1254
1255
1258
1259
1260
1261
1262
1264
1265
1267
1268
1269
1270
1271
1272
1274
1276
1277
1278
1279
1280
1285
1286
1292
1295
1296
1297
1299
1302
1304
1307
1308
1309
1312
1314
1315
1316
1317
1320
1322
1323
1324
1325
1326
1327
1328
1329
1331
1333
1334
1338
1339
1343
1344
1345
1346
1347
1348
1349
1350
1351
1352
1353
1354
1356
1358
1359
1360
1361
1362
1363
1364
1365
1367
1368
1369
1370
1372
1373
1375
1378
1379
1380
1381
1383
1386
1387
1389
1390
1392
1393
1394
1396
1398
1399
1400
1402
1403
1404
1405
1406
1407
1408
1409
1410
1411
1412
1415
1418
1419
1420
1425
1426
1427
1429
1430
1431
1432
1433
1434
1435
1436
1437
1439
1440
1442
1443
1444
1446
1447
1448
1449
1450
1451
1453
1455
1456
1457
1458
1463
1464
1465
1466
1467
1469
1470
1472
1473
1474
1475
1477
1478
1479
1480
1482
1483
1485
1487
1488
1489
1490
1492
1495
1496
1497
1498
1499
1500
1503
1504
1508
1510
1512
1513
1514
1515
1516
1520
1521
1522
1524
1526
1527
1528
1529
1533
1535
1536
1537
1540
1541
1542
1543
1544
1545
1546
1548
1549
1551
1552
1554
1555
1556
1558
1560
1561
1562
1563
1566
1567
1568
1570
1571
1572
1576
1577
1578
1579
1580
1581
1583
1584
1585
1587
1589
1590
1592
1593
1596
1597
1598
1599
1600
1601
1603
1606
1610
1611
1613
1616
1618
1620
1622
1623
1624
1625
1626
1627
1628
1629
1633
1635
1636
1637
1638
1639
1641
1642
1644
1645
1646
1647
1649
1650
1651
1652
1653
1654
1655
1656
1658
1659
1660
1661
1665
1667
1668
1669
1670
1671
1673
1674
1677
1678
1679
1680
1681
1683
1684
1685
1688
1690
1691
1692
1693
1696
1697
1698
1699
1703
1705
1706
1708
1709
1710
1712
1715
1716
1719
1720
1721
1722
1726
1727
1728
1729
1731
1732
1733
1736
1737
1739
1740
1742
1744
1745
1746
1747
1749
1750
1755
1759
1760
1761
1762
1764
1766
1767
1768
1769
1770
1771
1772
1773
1774
1777
1778
1780
1782
1783
1788
1789
1790
1792
1794
1795
1797
1798
1801
1802
1803
1805
1808
1809
1810
1811
1817
1818
1819
1820
1821
1822
1828
1829
1830
1832
1834
1835
1838
1840
1841
1842
1843
1850
1852
1853
1856
1857
1859
1860
1862
1864
1867
1868
1869
1870
1874
1875
1876
1877
1880
1881
1884
1886
1887
1889
1890
1892
1894
1895
1896
1897
1900
1901
1902
1903
1904
1905
1906
1907
1909
1910
1912
1913
1915
1917
1918
1919
1920
1922
1925
1929
1930
1932
1933
1935
1937
1938
1940
1941
1942
1945
1947
1948
1950
1951
1952
1955
1956
1957
1958
1959
1960
1961
1962
1965
1966
1968
1969
1972
1973
1974
1976
1977
1980
1982
1983
1984
1985
1986
1987
1989
1990
1991
1996
1997
1998
1999
2000
2001
2003
2004
2005
2008
2009
2010
2012
2013
2015
2016
2017
2018
2019
2022
2024
2025
2026
2027
2028
2030
2032
2033
2034
2036
2037
2038
2039
2041
2043
2046
2047
2048
2050
2052
2053
2054
2055
2057
2059
2062
2063
2064
2066
2067
2068
2069
2070
2073
2075
2076
2077
2078
2079
2083
2085
2087
2088
2089
2090
2092
2093
2097
2098
2099
2100
2103
2104
2105
2107
2109
2111
2113
2114
2124
2127
2128
2129
2130
2131
2132
2133
2134
2135
2136
2140
2141
2144
2145
2150
2151
2154
2155
2157
2158
2159
2160
2161
2162
2165
2166
2167
2168
2169
2173
2174
2176
2177
2178
2179
2180
2183
2185
2190
2192
2193
2194
2195
2196
2197
2198
2199
2200
2201
2205
2208
2209
2210
2212
2214
2219
2220
2221
2223
2224
2225
2227
2229
2232
2234
2235
2238
2239
2240
2241
2242
2246
2248
2249
2250
2251
2254
2255
2256
2258
2259
2260
2264
2268
2269
2270
2271
2273
2276
2277
2279
2281
2283
2288
2290
2292
2293
2294
2299
2300
2301
2303
2305
2307
2308
2309
2310
2311
2315
2316
2317
2318
2321
2322
2323
2324
2327
2328
2330
2331
2332
2333
2336
2337
2338
2341
2343
2344
2349
2352
2354
2355
2359
2360
2363
2364
2365
2366
2367
2368
2369
2371
2375
2376
2377
2378
2379
2380
2385
2386
2387
2388
2390
2393
2394
2401
2402
2403
2404
2406
2407
2408
2410
2415
2416
2417
2418
2419
2421
2422
2423
2424
2426
2429
2430
2432
2434
2435
2436
2437
2438
2440
2441
2442
2443
2444
2446
2447
2448
2450
2451
2452
2453
2455
2456
2460
2462
2463
2464
2467
2472
2473
2477
2484
2486
2487
2488
2489
2491
2492
2493
2494
2495
2496
2498
2499
2501
2503
2504
2505
2506
2507
2508
2509
2510
2513
2514
2515
2516
2517
2518
2519
2520
2521
2523
2524
2525
2526
2528
2529
2530
2531
2533
2535
2536
2537
2538
2539
2543
2544
2545
2546
2547
2548
2549
2550
2551
2552
2556
2557
2559
2560
2561
2562
2563
2564
2566
2567
2568
2569
2570
2571
2574
2575
2581
2582
2583
2584
2586
2587
2590
2592
2593
2594
2595
2596
2597
2598
2599
2600
2601
2602
2603
2604
2605
2606
2608
2609
2610
2611
2613
2614
2615
2616
2617
2618
2619
2620
2622
2623
2624
2625
2626
2627
2628
2629
2633
2634
2635
2636
2638
2640
2641
2642
2643
2644
2645
2646
2647
2648
2649
2650
2651
2652
2656
2657
2658
2659
2660
2661
2662
2663
2664
2665
2666
2667
2669
2670
2671
2672
2673
2674
2676
2677
2678
2679
2680
2681
2682
2683
2684
2685
2686
2687
2688
2689
2690
2691
2692
2693
2694
2696
2698
2699
2700
2701
2702
2703
2704
2706
2707
2709
2710
2711
2713
2714
2715
2716
2717
2719
2720
2721
2723
2724
2725
2726
2727
2728
2729
2731
2732
2733
2734
2735
2737
2738
2739
2742
2744
2746
2747
2749
2750
2753
2754
2755
2756
2757
2758
2759
2760
2761
2762
2763
2764
2765
2766
2769
2770
2771
2772
2773
2774
2775
2776
2777
2778
2779
2780
2781
2783
2784
2786
2787
2788
2789
2790
2791
2792
2793
2794
2795
2796
2798
2799
2805
2807
2808
2809
2810
2811
2813
2814
2815
2816
2817
2818
2820
2821
2822
2823
2824
2825
2826
2827
2828
2830
2832
2833
2834
2835
2836
2838
2839
2840
2843
2844
2845
2846
2848
2850
2851
2852
2854
2855
2856
2857
2859
2860
2861
2862
2863
2864
2865
2866
2867
2868
2869
2870
2871
2872
2873
2874
2875
2876
2877
2879
2880
2882
2885
2886
2888
2889
2890
2892
2893
2895
2896
2897
2898
2899
2900
2901
2902
2903
2904
2906
2907
2909
2910
2911
2912
2913
2914
2915
2916
2918
2919
2920
2921
2922
2924
2927
2928
2931
2932
2933
2934
2935
2936
2937
2938
2939
2941
2942
2943
2944
2945
2949
2950
2951
2952
2953
2954
2955
2956
2957
2958
2959
2960
2961
2962
2964
2965
2966
2967
2970
2971
2973
2974
2975
2976
2977
2978
2980
2983
2986
2987
2988
2989
2991
2992
2994
2995
2996
2997
2998
2999
3001
3002
3003
3007
3008
3009
3010
3011
3012
3013
3015
3016
3020
3021
3024
3025
3026
3029
3030
3031
3032
3033
3034
3036
3037
3038
3040
3042
3044
3046
3047
3049
3050
3051
3053
3054
3056
3057
3058
3059
3060
3061
3062
3063
3064
3065
3068
3069
3070
3071
3072
3073
3075
3077
3078
3083
3084
3085
3086
3087
3088
3089
3090
3091
3092
3093
3094
3095
3096
3097
3098
3099
3100
3102
3104
3105
3107
3109
3110
3111
3112
3113
3114
3115
3116
3118
3119
3123
3124
3125
3126
3127
3128
3130
3131
3132
3133
3134
3135
3138
3139
3140
3141
3142
3146
3150
3152
3153
3154
3155
3156
3157
3158
3159
3160
3161
3162
3163
3164
3165
3166
3168
3169
3170
3171
3172
3173
3174
3175
3176
3177
3182
3183
3184
3185
3186
3187
3188
3189
3190
3191
3192
3193
3194
3196
3197
3199
3200
3203
3205
3206
3207
3208
3209
3210
3211
3212
3213
3214
3216
3217
3218
3219
3222
3223
3224
3226
3228
3229
3230
3232
3233
3234
3236
3237
3238
3239
3240
3242
3243
3245
3246
3248
3249
3250
3251
3253
3254
3255
3256
3257
3258
3259
3260
3261
3262
3263
3264
3265
3266
3267
3268
3269
3270
3271
3275
3276
3277
3278
3279
3281
3282
3285
3286
3287
3288
3289
3290
3291
3292
3293
3295
3296
3298
3300
3301
3308
3309
3310
3311
3312
3313
3314
3315
3316
3317
3318
3319
3321
3322
3323
3324
3325
3327
3328
3330
3331
3332
3334
3336
3337
3340
3341
3342
3343
3344
3345
3346
3347
3348
3350
3352
3354
3356
3357
3358
3359
3361
3362
3363
3365
3367
3368
3369
3370
3371
3372
3373
3375
3376
3377
3378
3380
3382
3383
3385
3386
3387
3388
3389
3390
3394
3395
3396
3398
3399
3400
3401
3402
3403
3404
3405
3406
3407
3408
3409
3410
3411
3412
3413
3414
3415
3416
3417
3418
3419
3421
3422
3423
3424
3425
3426
3429
3430
3431
3432
3433
3434
3435
3436
3437
3438
3440
3441
3442
3443
3444
3445
3450
3452
3453
3454
3455
3456
3457
3458
3459
3461
3462
3463
3464
3465
3466
3467
3468
3469
3470
3471
3472
3473
3474
3475
3477
3478
3479
3480
3482
3483
3484
3485
3486
3487
3488
3489
3491
3492
3495
3496
3497
3500
3503
3504
3505
3506
3507
3508
3509
3510
3511
3512
3513
3514
3515
3516
3518
3519
3521
3522
3523
3524
3525
3526
3527
3529
3530
3532
3533
3534
3535
3536
3538
3539
3540
3541
3542
3543
3544
3545
3547
3548
3549
3550
3551
3552
3553
3554
3555
3556
3557
3558
3559
3560
3561
3562
3563
3565
3566
3567
3568
3569
3570
3571
3572
3573
3574
3575
3576
3577
3578
3579
3580
3581
3582
3583
3584
3585
3586
3589
3590
3591
3592
3593
3594
3595
3596
3597
3598
3599
3600
3601
3603
3604
3605
3606
3607
3608
3609
3610
3611
3612
3613
3614
3615
3616
3617
3618
3619
3620
3621
3622
3623
3624
3625
3626
3627
3629
3630
3632
3633
3634
3635
3637
3638
3639
3640
3642
3644
3645
3646
3647
3648
3650
3651
3652
3655
3656
3658
3659
3660
3661
3662
3664
3665
3667
3668
3669
3673
3674
3675
3676
3679
3680
3681
3682
3683
3685
3686
3687
3688
3689
3690
3691
3692
3693
3694
3695
3697
3698
3699
3700
3701
3702
3703
3704
3705
3706
3707
3708
3709
3710
3711
3712
3713
3714
3715
3716
3717
3718
3719
3720
3721
3722
3725
3726
3727
3728
3729
3730
3731
3732
3733
3734
3735
3736
3737
3738
3739
3740
3741
3742
3743
3746
3747
3748
3749
3751
3752
3753
3755
3756
3757
3758
3759
3760
3761
3763
3764
3766
3767
3769
3770
3771
3772
3773
3774
3775
3776
3777
3778
3779
3781
3782
3783
3786
3788
3789
3790
3791
3795
3797
3799
3800
3801
3802
3803
3806
3807
3809
3810
3811
3812
3813
3814
3815
3816
3817
3818
3819
3820
3821
3822
3823
3824
3825
3826
3827
3828
3829
3830
3831
3834
3837
3838
3839
3840
3841
3842
3843
3844
3845
3846
3847
3848
3849
3851
3852
3855
3856
3857
3858
3859
3860
3861
3862
3863
3864
3865
3866
3867
3868
3869
3870
3871
3872
3873
3874
3879
3880
3881
3882
3884
3886
3887
3888
3891
3892
3894
3895
3896
3897
3898
3899
3900
3901
3902
3903
3907
3909
3911
3912
3913
3915
3916
3917
3918
3919
3921
3922
3923
3924
3927
3930
3931
3932
3933
3934
3935
3936
3938
3940
3941
3943
3944
3945
3946
3947
3948
3952
3953
3954
3955
3956
3957
3958
3959
3960
3961
3962
3963
3965
3966
3967
3968
3969
3970
3971
3972
3975
3979
3980
3981
3982
3984
3989
3990
3993
3994
3995
3996
3997
3998
4000
4001
4002
4003
4004
4005
4006
4008
4009
4010
4012
4013
4014
4015
4016
4017
4018
4019
4020
4022
4023
4024
4025
4027
4030
4032
4033
4034
4036
4038
4039
4041
4042
4043
4044
4045
4046
4048
4049
4050
4051
4052
4053
4054
4055
4056
4059
4062
4065
4066
4067
4069
4070
4071
4072
4073
4074
4079
4082
4084
4086
4087
4088
4089
4090
4091
4092
4094
4095
4096
4098
4101
4103
4104
4105
4107
4108
4109
4110
4111
4112
4113
4114
4115
4118
4119
4120
4122
4123
4124
4125
4128
4129
4131
4134
4135
4136
4137
4139
4141
4143
4145
4146
4147
4148
4149
4150
4152
4153
4154
4155
4156
4157
4159
4160
4163
4164
4165
4168
4169
4170
4172
4173
4176
4178
4179
4181
4182
4183
4184
4185
4186
4188
4190
4191
4192
4193
4194
4196
4197
4199
4200
4201
4203
4205
4207
4208
4209
4211
4212
4214
4215
4216
4217
4218
4219
4220
4221
4223
4224
4225
4226
4228
4229
4230
4231
4232
4234
4235
4236
4237
4238
4239
4240
4241
4242
4243
4248
4249
4250
4251
4253
4255
4256
4258
4260
4264
4265
4266
4268
4269
4270
4273
4274
4275
4276
4277
4278
4281
4284
4289
4290
4291
4292
4293
4294
4295
4298
4300
4301
4302
4303
4304
4305
4308
4309
4310
4311
4312
4313
4315
4316
4319
4321
4322
4323
4324
4328
4330
4331
4332
4334
4335
4336
4337
4339
4340
4341
4347
4348
4349
4350
4351
4352
4353
4355
4357
4358
4359
4362
4363
4364
4366
4368
4370
4375
4376
4378
4381
4382
4383
4384
4385
4387
4388
4389
4390
4391
4392
4393
4395
4396
4397
4398
4400
4401
4402
4403
4404
4405
4407
4408
4411
4412
4413
4415
4418
4419
4421
4422
4423
4424
4425
4426
4427
4430
4432
4434
4436
4437
4438
4439
4441
4442
4443
4444
4445
4446
4448
4453
4454
4455
4456
4457
4458
4459
4466
4468
4469
4470
4473
4474
4476
4477
4478
4479
4480
4481
4483
4484
4486
4487
4490
4491
4492
4493
4494
4495
4497
4500
4502
4503
4506
4507
4510
4511
4513
4514
4517
4519
4523
4528
4529
4531
4532
4533
4534
4536
4537
4539
4540
4542
4543
4544
4545
4546
4547
4548
4549
4551
4554
4555
4556
4558
4559
4560
4561
4562
4563
4565
4566
4568
4569
4571
4572
4574
4576
4577
4578
4579
4581
4582
4583
4587
4588
4590
4591
4593
4594
4595
4596
4597
4600
4603
4604
4606
4607
4610
4611
4612
4614
4618
4619
4620
4622
4623
4624
4625
4628
4630
4631
4632
4633
4634
4635
4636
4637
4638
4640
4643
4644
4648
4649
4650
4651
4652
4655
4657
4658
4660
4661
4662
4666
4668
4670
4671
4674
4675
4676
4677
4678
4679
4680
4682
4683
4685
4687
4689
4690
4691
4692
4693
4694
4695
4696
4699
4700
4701
4702
4703
4704
4705
4707
4708
4710
4711
4713
4715
4716
4718
4719
4720
4721
4722
4723
4725
4726
4727
4728
4729
4730
4734
4742
4744
4745
4749
4750
4751
4753
4754
4757
4759
4761
4763
4764
4765
4766
4767
4769
4770
4774
4776
4777
4779
4787
4788
4790
4791
4794
4795
4796
4797
4798
4799
4802
4803
4804
4805
4806
4807
4808
4809
4810
4811
4812
4813
4814
4815
4816
4817
4820
4821
4822
4826
4827
4828
4829
4830
4831
4832
4833
4834
4835
4836
4837
4838
4840
4841
4843
4845
4846
4847
4848
4850
4851
4853
4855
4859
4860
4861
4862
4863
4864
4865
4866
4868
4869
4871
4872
4873
4874
4875
4876
4878
4879
4880
4881
4882
4883
4884
4886
4887
4889
4891
4894
4895
4900
4901
4907
4908
4909
4910
4912
4913
4914
4915
4917
4918
4919
4920
4923
4924
4927
4928
4930
4931
4933
4935
4936
4940
4941
4942
4943
4944
4946
4952
4953
4955
4957
4958
4959
4961
4962
4963
4964
4967
4968
4969
4971
4972
4973
4974
4976
4979
4981
4982
4983
4988
4991
4992
4993
4994
4996
4997
4998
4999
5002
5003
5005
5006
5007
5008
5011
5012
5013
5014
5017
5019
5022
5023
5025
5030
5032
5033
5034
5035
5036
5037
5038
5040
5041
5042
5045
5046
5047
5048
5049
5051
5052
5053
5054
5055
5056
5057
5060
5061
5063
5064
5065
5066
5068
5069
5072
5073
5074
5075
5076
5079
5082
5084
5086
5087
5089
5090
5091
5093
5097
5100
5101
5102
5103
5105
5109
5110
5111
5112
5113
5114
5116
5117
5119
5120
5121
5123
5124
5125
5126
5127
5129
5134
5135
5136
5138
5141
5142
5148
5149
5151
5152
5153
5154
5155
5156
5158
5160
5164
5165
5166
5167
5168
5169
5170
5172
5176
5179
5184
5188
5189
5190
5191
5193
5195
5196
5197
5199
5204
5205
5213
5220
5221
5222
5224
5226
5227
5228
5229
5231
5233
5234
5235
5236
5240
5243
5244
5245
5247
5248
5251
5252
5253
5254
5255
5257
5258
5261
5262
5263
5264
5265
5266
5267
5268
5270
5271
5272
5273
5275
5277
5280
5282
5285
5287
5288
5289
5293
5294
5295
5298
5299
5300
5301
5302
5303
5306
5308
5309
5310
5313
5315
5316
5317
5321
5322
5323
5324
5325
5326
5327
5329
5330
5331
5332
5333
5335
5339
5340
5344
5345
5351
5352
5356
5357
5358
5359
5360
5361
5365
5366
5367
5369
5370
5371
5373
5374
5375
5376
5377
5379
5380
5381
5382
5383
5385
5387
5388
5389
5390
5392
5397
5398
5399
5400
5403
5408
5412
5416
5421
5422
5423
5425
5428
5430
5431
5432
5433
5435
5436
5438
5439
5440
5441
5442
5444
5447
5448
5449
5450
5451
5452
5453
5456
5457
5458
5459
5460
5461
5462
5464
5466
5468
5470
5471
5472
5473
5475
5476
5477
5478
5479
5480
5481
5484
5486
5487
5488
5489
5490
5491
5492
5493
5494
5496
5497
5498
5499
5500
5503
5504
5507
5508
5509
5511
5512
5513
5515
5516
5517
5520
5521
5523
5524
5526
5527
5529
5530
5532
5533
5534
5535
5536
5539
5544
5546
5549
5550
5551
5553
5556
5557
5558
5559
5560
5563
5564
5565
5566
5567
5568
5570
5571
5572
5573
5574
5575
5580
5581
5582
5583
5584
5585
5586
5588
5589
5590
5591
5592
5593
5594
5595
5597
5598
5599
5601
5603
5605
5606
5608
5614
5615
5616
5617
5618
5620
5621
5623
5624
5625
5626
5628
5629
5630
5631
5633
5636
5638
5639
5640
5642
5644
5645
5646
5647
5649
5651
5652
5653
5654
5660
5661
5662
5663
5664
5666
5667
5668
5669
5670
5671
5672
5673
5674
5675
5676
5677
5678
5679
5680
5681
5682
5684
5686
5688
5689
5690
5691
5692
5694
5697
5698
5699
5700
5701
5702
5703
5704
5705
5706
5707
5708
5709
5710
5711
5712
5715
5718
5719
5720
5721
5722
5723
5724
5726
5727
5728
5730
5731
5734
5735
5736
5737
5738
5739
5740
5741
5742
5743
5745
5747
5749
5750
5751
5754
5755
5756
5758
5759
5760
5762
5763
5764
5765
5767
5768
5770
5772
5773
5774
5776
5778
5779
5780
5782
5783
5784
5786
5789
5790
5791
5792
5793
5794
5795
5796
5797
5798
5799
5800
5803
5804
5805
5806
5807
5810
5811
5812
5814
5816
5817
5818
5820
5821
5822
5824
5829
5830
5831
5833
5834
5835
5836
5837
5838
5840
5841
5842
5843
5845
5846
5847
5848
5850
5851
5852
5853
5854
5855
5856
5858
5859
5860
5861
5865
5866
5867
5868
5869
5871
5873
5874
5875
5876
5878
5879
5880
5882
5883
5884
5888
5890
5894
5896
5897
5898
5899
5901
5903
5906
5908
5909
5911
5912
5914
5915
5916
5917
5918
5920
5922
5923
5925
5927
5928
5929
5930
5931
5932
5933
5934
5936
5938
5941
5942
5946
5947
5948
5949
5950
5951
5952
5953
5955
5956
5957
5958
5959
5960
5961
5964
5966
5967
5970
5971
5972
5973
5974
5977
5979
5981
5984
5985
5987
5988
5990
5991
5992
5993
5996
5997
5999
6000
6001
6002
6003
6004
6007
6011
6015
6016
6018
6019
6020
6021
6022
6023
6025
6026
6027
6028
6031
6032
6033
6034
6035
6036
6037
6038
6039
6040
6041
6042
6044
6045
6046
6047
6048
6050
6052
6053
6055
6056
6057
6059
6060
6061
6063
6064
6066
6067
6069
6070
6072
6073
6074
6076
6079
6080
6081
6082
6083
6085
6086
6088
6089
6092
6093
6094
6095
6096
6097
6098
6100
6101
6102
6103
6104
6107
6108
6109
6110
6111
6112
6113
6114
6117
6118
6121
6122
6125
6126
6127
6129
6132
6133
6134
6137
6138
6139
6140
6141
6142
6143
6144
6145
6146
6147
6148
6149
6150
6151
6154
6156
6157
6159
6160
6161
6162
6163
6164
6166
6170
6171
6172
6173
6175
6179
6181
6182
6183
6184
6185
6186
6187
6190
6191
6192
6193
6196
6198
6199
6200
6201
6202
6203
6204
6205
6206
6207
6209
6210
6212
6213
6214
6215
6217
6218
6219
6221
6222
6223
6224
6225
6229
6230
6232
6234
6235
6236
6237
6239
6241
6243
6246
6248
6250
6252
6253
6254
6255
6256
6259
6261
6262
6263
6267
6270
6271
6272
6274
6275
6276
6277
6279
6281
6283
6284
6286
6287
6290
6291
6292
6295
6297
6298
6300
6302
6303
6304
6306
6309
6312
6314
6316
6317
6319
6321
6322
6323
6324
6325
6326
6329
6331
6333
6335
6336
6337
6339
6340
6341
6342
6343
6344
6347
6348
6349
6350
6351
6353
6354
6355
6356
6357
6358
6359
6360
6361
6362
6363
6364
6365
6366
6367
6368
6369
6370
6371
6372
6373
6374
6375
6378
6379
6381
6382
6383
6389
6391
6392
6393
6396
6397
6399
6403
6405
6409
6411
6412
6413
6414
6415
6416
6418
6419
6420
6421
6422
6423
6424
6425
6427
6430
6431
6432
6433
6435
6436
6437
6438
6441
6445
6446
6447
6450
6451
6452
6453
6455
6457
6458
6460
6461
6462
6463
6464
6465
6466
6467
6468
6469
6476
6479
6480
6481
6485
6486
6487
6488
6489
6490
6491
6492
6493
6495
6496
6497
6503
6505
6507
6510
6513
6514
6518
6519
6520
6523
6524
6528
6529
6531
6533
6535
6536
6537
6538
6539
6540
6543
6544
6545
6548
6549
6551
6555
6556
6559
6561
6564
6566
6570
6571
6574
6576
6577
6580
6583
6584
6585
6586
6587
6588
6589
6590
6592
6593
6596
6597
6599
6600
6602
6609
6610
6612
6613
6615
6618
6620
6621
6625
6626
6627
6628
6629
6631
6632
6634
6636
6637
6638
6640
6642
6645
6646
6649
6650
6651
6652
6653
6654
6657
6660
6661
6662
6663
6665
6666
6667
6668
6669
6670
6671
6672
6673
6675
6676
6678
6682
6683
6685
6687
6688
6689
6690
6691
6693
6694
6696
6697
6698
6700
6701
6702
6703
6704
6705
6706
6708
6710
6712
6713
6717
6718
6719
6720
6722
6723
6725
6729
6730
6731
6734
6735
6737
6738
6740
6741
6744
6747
6749
6751
6753
6754
6755
6757
6758
6761
6762
6765
6767
6769
6772
6773
6774
6777
6779
6780
6781
6784
6786
6787
6788
6790
6791
6792
6794
6796
6797
6798
6799
6800
6801
6802
6803
6805
6806
6807
6808
6809
6810
6812
6813
6814
6815
6818
6820
6821
6822
6826
6827
6829
6830
6833
6834
6836
6840
6842
6844
6851
6853
6857
6859
6860
6861
6863
6865
6866
6868
6869
6870
6871
6872
6876
6877
6878
6879
6881
6883
6884
6885
6886
6889
6893
6894
6895
6900
6901
6902
6903
6904
6906
6907
6910
6911
6913
6914
6915
6916
6917
6918
6921
6922
6924
6926
6927
6929
6934
6935
6936
6937
6938
6939
6942
6943
6944
6945
6947
6948
6950
6953
6954
6955
6956
6957
6958
6960
6962
6963
6964
6965
6966
6967
6969
6970
6972
6973
6974
6977
6979
6981
6982
6984
6988
6989
6990
6991
6992
6993
6994
6995
6999
7000
7004
7005
7006
7009
7010
7014
7019
7020
7024
7025
7027
7029
7034
7035
7036
7037
7038
7039
7040
7041
7042
7044
7046
7048
7049
7050
7052
7053
7055
7056
7057
7060
7061
7063
7064
7065
7066
7067
7068
7069
7072
7074
7079
7081
7083
7086
7087
7089
7093
7095
7098
7099
7101
7103
7104
7108
7112
7117
7118
7122
7125
7126
7127
7128
7131
7132
7133
7134
7135
7136
7139
7140
7141
7143
7144
7148
7152
7153
7154
7155
7159
7161
7164
7166
7167
7168
7173
7174
7175
7176
7177
7178
7179
7180
7182
7183
7186
7188
7189
7191
7192
7193
7194
7197
7198
7199
7203
7206
7208
7209
7211
7212
7213
7216
7219
7220
7221
7222
7223
7224
7225
7226
7229
7230
7231
7232
7233
7234
7235
7236
7238
7239
7240
7241
7242
7243
7244
7245
7246
7247
7249
7250
7252
7253
7254
7256
7257
7259
7261
7264
7267
7268
7269
7270
7272
7273
7274
7275
7276
7278
7279
7280
7282
7284
7285
7286
7291
7292
7293
7294
7296
7298
7299
7302
7303
7308
7312
7314
7315
7320
7321
7322
7323
7325
7326
7328
7331
7333
7334
7338
7341
7343
7344
7345
7346
7347
7349
7352
7353
7355
7358
7359
7360
7362
7365
7366
7367
7369
7370
7372
7375
7376
7377
7378
7379
7381
7382
7384
7385
7386
7387
7388
7390
7391
7394
7395
7397
7398
7399
7403
7404
7405
7406
7409
7411
7412
7413
7414
7416
7419
7420
7422
7425
7428
7429
7435
7437
7439
7441
7442
7446
7447
7449
7451
7452
7453
7454
7455
7457
7458
7459
7460
7461
7462
7463
7464
7465
7467
7468
7469
7470
7472
7473
7475
7476
7478
7479
7480
7481
7482
7483
7487
7488
7490
7491
7492
7494
7496
7498
7499
7501
7503
7504
7505
7507
7508
7509
7512
7514
7515
7516
7517
7519
7523
7524
7525
7526
7527
7528
7531
7532
7533
7535
7538
7539
7542
7543
7545
7547
7550
7551
7552
7553
7555
7557
7558
7559
7560
7562
7563
7564
7565
7567
7569
7570
7571
7572
7573
7574
7575
7576
7578
7580
7581
7583
7584
7585
7586
7587
7588
7590
7592
7594
7595
7596
7597
7601
7602
7604
7605
7606
7607
7608
7609
7610
7611
7614
7615
7616
7617
7618
7619
7620
7621
7622
7624
7626
7627
7628
7629
7630
7631
7633
7635
7636
7637
7638
7639
7640
7641
7644
7645
7646
7647
7649
7651
7652
7654
7657
7658
7661
7662
7663
7664
7665
7666
7668
7670
7671
7672
7673
7674
7676
7677
7679
7680
7683
7684
7686
7687
7688
7691
7692
7693
7694
7695
7696
7699
7700
7701
7702
7704
7706
7707
7710
7713
7717
7719
7722
7724
7725
7726
7727
7728
7729
7730
7732
7734
7735
7736
7738
7739
7740
7741
7744
7745
7746
7747
7748
7749
7750
7751
7752
7754
7758
7759
7760
7761
7762
7764
7765
7766
7767
7770
7771
7772
7773
7774
7775
7777
7779
7780
7781
7782
7784
7785
7786
7787
7788
7790
7793
7794
7795
7796
7797
7799
7801
7803
7804
7805
7806
7807
7808
7809
7810
7811
7812
7816
7817
7818
7821
7822
7824
7825
7826
7827
7828
7829
7830
7832
7833
7834
7835
7837
7840
7842
7844
7847
7848
7849
7852
7854
7856
7857
7858
7859
7862
7863
7864
7865
7867
7868
7869
7870
7871
7873
7874
7876
7877
7878
7879
7880
7881
7883
7884
7886
7891
7894
7895
7897
7898
7899
7903
7905
7906
7907
7908
7909
7910
7911
7912
7913
7915
7916
7917
7918
7919
7920
7921
7923
7924
7925
7926
7927
7928
7929
7930
7931
7932
7934
7935
7937
7939
7940
7944
7946
7947
7948
7949
7950
7951
7954
7955
7956
7957
7958
7959
7960
7961
7962
7964
7968
7969
7970
7971
7972
7976
7978
7979
7980
7981
7982
7983
7984
7986
7987
7988
7991
7992
7993
7994
7995
7998
7999
8001
8003
8006
8008
8009
8010
8011
8014
8016
8017
8021
8022
8025
8036
8039
8041
8042
8043
8045
8047
8049
8051
8052
8054
8055
8056
8057
8059
8060
8061
8062
8063
8064
8065
8066
8068
8071
8072
8074
8075
8077
8078
8079
8080
8081
8084
8086
8087
8088
8089
8093
8099
8100
8102
8104
8105
8106
8115
8118
8119
8120
8123
8124
8125
8126
8130
8131
8133
8135
8136
8137
8138
8141
8143
8144
8145
8146
8147
8149
8150
8153
8155
8157
8158
8161
8164
8165
8166
8168
8169
8170
8174
8175
8176
8179
8180
8181
8188
8189
8192
8193
8194
8195
8197
8198
8200
8201
8203
8205
8206
8208
8209
8213
8214
8215
8219
8223
8225
8227
8228
8229
8230
8232
8233
8234
8235
8236
8237
8239
8240
8243
8245
8248
8249
8251
8252
8253
8255
8256
8258
8259
8261
8262
8264
8265
8268
8270
8271
8275
8276
8277
8278
8279
8280
8281
8282
8286
8287
8291
8297
8307
8313
8314
8315
8317
8318
8319
8320
8322
8323
8324
8325
8327
8330
8333
8337
8338
8341
8342
8343
8345
8346
8347
8348
8349
8350
8353
8354
8357
8358
8360
8364
8365
8366
8368
8369
8370
8371
8373
8374
8375
8376
8377
8378
8379
8381
8382
8384
8389
8390
8391
8394
8396
8397
8399
8400
8402
8403
8404
8405
8406
8412
8414
8415
8416
8417
8418
8421
8422
8423
8424
8425
8426
8428
8429
8432
8434
8436
8437
8440
8441
8444
8445
8448
8449
8450
8455
8458
8460
8461
8462
8463
8467
8468
8469
8471
8472
8473
8474
8475
8480
8481
8482
8486
8487
8488
8489
8493
8497
8501
8502
8505
8506
8507
8508
8510
8511
8514
8515
8518
8522
8525
8527
8528
8533
8536
8537
8539
8549
8557
8562
8567
8568
8569
8570
8572
8576
8577
8578
8579
8580
8582
8583
8586
8587
8588
8590
8591
8594
8599
8600
8601
8603
8605
8606
8608
8609
8611
8612
8613
8614
8616
8617
8618
8619
8627
8629
8633
8634
8635
8638
8642
8645
8646
8647
8648
8651
8652
8654
8655
8657
8660
8665
8667
8669
8676
8680
8684
8689
8690
8694
8699
8700
8702
8703
8705
8709
8711
8719
8725
8726
8732
8733
8735
8736
8737
8738
8739
8740
8741
8742
8743
8745
8746
8749
8752
8753
8756
8758
8760
8761
8764
8768
8769
8770
8771
8772
8773
8775
8782
8784
8785
8786
8787
8788
8789
8790
8792
8796
8797
8798
8799
8800
8801
8802
8803
8804
8805
8809
8811
8816
8817
8818
8823
8824
8825
8826
8827
8828
8829
8830
8834
8835
8836
8837
8839
8840
8841
8842
8847
8848
8849
8852
8853
8855
8856
8857
8858
8859
8860
8862
8863
8864
8865
8866
8867
8868
8869
8870
8871
8873
8874
8875
8876
8877
8878
8879
8886
8889
8895
8896
8898
8899
8901
8902
8904
8906
8908
8912
8914
8916
8917
8920
8921
8922
8923
8927
8928
8932
8933
8934
8939
8941
8944
8945
8946
8947
8948
8949
8951
8952
8955
8959
8961
8964
8965
8968
8970
8971
8973
8974
8976
8977
8978
8979
8980
8981
8982
8983
8984
8988
8989
8990
8992
8995
8998
8999
9006
9007
9008
9011
9013
9014
9015
9016
9017
9021
9024
9025
9026
9027
9030
9032
9035
9036
9037
9044
9045
9046
9049
9052
9053
9054
9056
9057
9058
9060
9061
9062
9063
9064
9065
9066
9067
9069
9071
9073
9076
9078
9079
9081
9083
9085
9086
9089
9090
9091
9092
9094
9095
9096
9097
9099
9102
9105
9106
9107
9108
9109
9110
9111
9112
9113
9117
9119
9123
9124
9128
9129
9130
9131
9132
9135
9139
9140
9143
9149
9150
9152
9154
9155
9157
9158
9163
9164
9166
9170
9171
9172
9174
9175
9177
9178
9179
9180
9182
9184
9185
9191
9192
9194
9195
9198
9199
9204
9206
9207
9208
9209
9211
9212
9213
9215
9216
9217
9219
9220
9223
9224
9227
9228
9229
9230
9231
9233
9235
9236
9238
9239
9240
9242
9246
9248
9249
9250
9251
9252
9254
9255
9256
9257
9258
9259
9261
9262
9263
9264
9265
9266
9267
9268
9269
9270
9271
9272
9273
9274
9275
9276
9277
9278
9279
9280
9281
9282
9283
9284
9286
9287
9288
9289
9290
9291
9293
9295
9296
9297
9299
9301
9303
9304
9308
9309
9310
9311
9312
9314
9315
9316
9319
9320
9322
9325
9326
9327
9330
9334
9336
9337
9338
9340
9343
9345
9346
9349
9351
9352
9354
9355
9358
9360
9361
9362
9366
9370
9371
9373
9374
9377
9378
9383
9384
9385
9387
9388
9389
9390
9391
9392
9393
9402
9403
9404
9412
9417
9418
9420
9421
9422
9423
9426
9428
9430
9439
9441
9442
9443
9445
9446
9447
9448
9450
9451
9453
9455
9456
9459
9460
9461
9465
9466
9468
9474
9476
9477
9479
9481
9483
9484
9485
9488
9489
9490
9491
9493
9494
9498
9499
9503
9505
9507
9508
9510
9511
9512
9513
9514
9517
9519
9520
9521
9522
9524
9525
9529
9530
9532
9533
9536
9537
9542
9543
9544
9545
9548
9549
9550
9552
9554
9555
9556
9557
9558
9560
9561
9562
9563
9564
9565
9567
9568
9569
9570
9571
9573
9575
9577
9579
9582
9583
9585
9586
9589
9593
9594
9595
9598
9599
9600
9601
9603
9605
9606
9607
9608
9609
9610
9611
9612
9613
9614
9615
9617
9619
9620
9621
9623
9628
9630
9631
9632
9638
9639
9640
9643
9646
9652
9653
9654
9655
9657
9662
9663
9666
9667
9668
9669
9670
9671
9672
9673
9677
9680
9681
9682
9687
9690
9693
9694
9695
9699
9700
9705
9706
9709
9713
9714
9715
9717
9718
9719
9721
9722
9724
9725
9727
9728
9732
9733
9738
9740
9747
9748
9749
9751
9752
9753
9757
9759
9764
9766
9767
9768
9770
9771
9776
9777
9778
9779
9781
9783
9787
9788
9789
9790
9791
9794
9797
9798
9800
9801
9802
9807
9809
9810
9812
9813
9815
9816
9817
9818
9820
9822
9823
9827
9828
9831
9832
9833
9835
9840
9841
9842
9844
9845
9846
9847
9848
9849
9850
9856
9857
9859
9860
9863
9866
9868
9872
9873
9876
9877
9878
9879
9881
9884
9886
9896
9898
9899
9904
9906
9907
9908
9909
9911
9913
9916
9917
9918
9920
9921
9922
9926
9927
9931
9935
9941
9942
9943
9944
9945
9946
9947
9948
9949
9951
9952
9953
9954
9955
9963
9964
9968
9970
9973
9975
9976
9980
9981
9985
9987
9988
9990
9994
9995
10000
10005
10009
10013
10018
10019
10023
10024
10029
10032
10034
10038
10039
10040
10044
10048
10050
10052
10054
10056
10061
10062
10063
10064
10065
10068
10070
10072
10074
10075
10076
10080
10087
10088
10091
10094
10095
10096
10098
10099
10100
10101
10102
10106
10111
10113
10114
10117
10120
10121
10124
10125
10126
10129
10130
10131
10132
10139
10143
10144
10147
10148
10151
10152
10154
10155
10156
10157
10158
10159
10161
10163
10166
10170
10172
10173
10178
10179
10180
10181
10185
10186
10188
10189
10190
10192
10195
10201
10202
10203
10205
10209
10210
10212
10214
10216
10218
10219
10222
10224
10225
10227
10229
10230
10232
10235
10237
10240
10241
10242
10243
10244
10245
10247
10249
10253
10256
10258
10262
10264
10268
10269
10271
10275
10277
10281
10282
10285
10287
10290
10295
10296
10297
10298
10303
10307
10308
10309
10314
10315
10316
10317
10323
10324
10332
10333
10334
10336
10339
10341
10342
10345
10348
10349
10351
10354
10355
10357
10358
10359
10360
10362
10364
10365
10367
10371
10374
10376
10377
10380
10381
10382
10384
10387
10388
10389
10391
10393
10394
10395
10399
10404
10413
10414
10420
10425
10426
10428
10432
10434
10435
10436
10437
10439
10442
10445
10446
10447
10450
10468
10473
10474
10475
10480
10482
10483
10485
10486
10488
10490
10494
10495
10497
10499
10501
10502
10508
10509
10510
10511
10513
10514
10519
10521
10523
10526
10529
10538
10539
10540
10542
10543
10544
10549
10550
10551
10552
10553
10555
10556
10558
10560
10562
10567
10571
10572
10573
10574
10576
10577
10578
10580
10583
10585
10587
10590
10591
10595
10597
10599
10602
10604
10606
10608
10609
10610
10611
10613
10617
10622
10626
10627
10630
10636
10640
10644
10646
10647
10648
10651
10654
10655
10657
10659
10667
10670
10672
10674
10675
10677
10682
10684
10685
10689
10690
10691
10692
10695
10697
10699
10700
10702
10703
10704
10707
10710
10711
10715
10716
10717
10720
10724
10725
10728
10729
10731
10733
10734
10738
10743
10745
10748
10751
10752
10757
10759
10761
10763
10764
10767
10771
10772
10773
10774
10775
10776
10777
10778
10779
10780
10781
10782
10783
10784
10785
10786
10788
10789
10790
10791
10792
10793
10795
10796
10798
10799
10800
10801
10805
10806
10807
10808
10809
10813
10814
10815
10823
10824
10825
10826
10827
10830
10831
10833
10836
10837
10838
10839
10844
10846
10847
10849
10854
10855
10856
10857
10860
10864
10869
10870
10871
10872
10876
10879
10881
10884
10885
10889
10892
10893
10894
10896
10897
10900
10904
10908
10912
10914
10915
10919
10920
10927
10928
10935
10938
10939
10941
10942
10943
10944
10945
10947
10948
10949
10950
10955
10957
10961
10962
10964
10971
10972
10978
10979
10982
10983
10985
10986
10987
10988
10991
10994
10996
10998
10999
11000
11001
11005
11008
11016
11019
11021
11027
11029
11031
11032
11033
11036
11040
11041
11042
11044
11045
11046
11047
11050
11051
11056
11060
11062
11063
11064
11065
11066
11068
11075
11079
11081
11082
11088
11089
11090
11093
11094
11096
11101
11106
11107
11108
11115
11118
11123
11125
11126
11127
11131
11132
11134
11136
11139
11142
11144
11145
11146
11151
11153
11156
11157
11159
11160
11163
11164
11166
11170
11172
11174
11181
11182
11183
11187
11193
11194
11195
11210
11211
11212
11215
11218
11227
11229
11233
11234
11238
11240
11241
11243
11244
11251
11255
11256
11266
11267
11270
11271
11275
11276
11277
11285
11286
11287
11292
11293
11299
11303
11304
11305
11307
11316
11317
11319
11320
11321
11322
11323
11328
11329
11331
11332
11334
11342
11343
11344
11345
11351
11352
11353
11354
11355
11356
11358
11359
11360
11367
11371
11375
11379
11383
11386
11387
11389
11390
11392
11394
11399
11400
11401
11402
11403
11404
11405
11406
11407
11411
11414
11417
11418
11420
11421
11422
11425
11426
11428
11435
11439
11445
11448
11450
11454
11456
11457
11460
11461
11464
11469
11470
11471
11474
11475
11476
11477
11480
11482
11483
11484
11485
11492
11496
11500
11502
11503
11511
11512
11513
11515
11524
11527
11533
11534
11535
11536
11538
11540
11541
11542
11543
11545
11546
11547
11548
11554
11556
11557
11558
11559
11561
11562
11563
11564
11565
11566
11568
11569
11570
11571
11572
11573
11574
11577
11578
11580
11581
11582
11583
11585
11587
11590
11593
11595
11596
11597
11599
11601
11603
11605
11606
11608
11609
11612
11614
11617
11619
11621
11625
11627
11630
11632
11634
11640
11642
11644
11645
11646
11648
11649
11661
11662
11668
11670
11675
11679
11685
11695
11697
11701
11704
11707
11710
11712
11713
11714
11715
11716
11720
11723
11728
11729
11731
11737
11739
11740
11743
11750
11751
11758
11762
11765
11766
11777
11780
11781
11782
11784
11785
11787
11790
11794
11795
11797
11800
11804
11805
11810
11812
11813
11818
11821
11824
11826
11827
11829
11831
11836
11838
11847
11849
11851
11857
11866
11870
11873
11874
11875
11876
11886
11890
11899
11908
11910
11911
11914
11916
11918
11923
11939
11940
11941
11948
11951
11955
11963
11964
11971
11978
11979
11980
11982
11986
11994
11996
11998
11999
12004
12007
12013
12014
12018
12023
12025
12027
12033
12036
12047
12055
12060
12061
12062
12066
12068
12079
12080
12085
12087
12096
12100
12101
12104
12111
12112
12116
12117
12122
12123
12124
12126
12127
12128
12130
12134
12135
12136
12137
12138
12139
12140
12141
12142
12144
12145
12146
12147
12150
12151
12153
12155
12158
12159
12161
12164
12165
12166
12169
12170
12171
12172
12175
12178
12179
12180
12181
12182
12184
12189
12190
12191
12192
12193
12194
12195
12197
12199
12201
12208
12209
12210
12211
12212
12215
12216
12218
12225
12227
12230
12234
12235
12239
12242
12243
12246
12247
12248
12251
12252
12254
12260
12261
12262
12263
12264
12275
12276
12281
12288
12289
12291
12293
12296
12297
12298
12302
12304
12310
12315
12316
12318
12320
12321
12323
12324
12325
12328
12331
12335
12337
12339
12344
12346
12349
12351
12352
12353
12354
12355
12356
12358
12359
12366
12367
12371
12374
12380
12382
12385
12386
12389
12392
12393
12395
12399
12405
12406
12409
12410
12413
12415
12418
12420
12427
12428
12431
12435
12440
12444
12445
12448
12449
12458
12459
12463
12465
12470
12475
12490
12499
12501
12507
12515
12517
12520
12521
12522
12525
12526
12530
12531
12532
12533
12534
12538
12539
12542
12546
12548
12554
12555
12557
12558
12560
12561
12568
12579
12582
12583
12585
12586
12587
12588
12591
12593
12595
12606
12625
12630
12635
12636
12645
12648
12649
12650
12653
12657
12658
12659
12660
12665
12666
12669
12670
12676
12677
12680
12681
12682
12687
12692
12694
12700
12701
12705
12706
12707
12708
12710
12714
12715
12716
12718
12720
12721
12726
12730
12735
12739
12740
12741
12748
12751
12752
12756
12757
12758
12760
12761
12764
12767
12774
12776
12778
12782
12789
12796
12798
12799
12800
12804
12808
12810
12828
12832
12833
12856
12857
12858
12868
12870
12873
12876
12879
12881
12887
12889
12891
12894
12897
12898
12904
12906
12907
12908
12910
12914
12915
12919
12925
12926
12927
12930
12934
12945
12946
12950
12952
12954
12958
12960
12962
12963
12965
12966
12967
12968
12969
12971
12973
12976
12977
12983
12989
12990
12992
12995
13012
13016
13017
13019
13034
13035
13039
13040
13041
13045
13053
13061
13062
13068
13070
13077
13079
13085
13088
13092
13093
13097
13101
13107
13112
13113
13114
13117
13120
13121
13124
13130
13131
13133
13134
13137
13138
13141
13143
13150
13155
13158
13161
13162
13163
13164
13168
13169
13172
13179
13181
13184
13187
13190
13198
13200
13202
13203
13209
13217
13223
13224
13226
13227
13231
13236
13240
13241
13245
13246
13248
13252
13253
13254
13255
13258
13260
13261
13263
13265
13267
13273
13274
13275
13276
13278
13281
13282
13286
13288
13289
13291
13295
13297
13300
13301
13302
13306
13309
13311
13312
13313
13315
13316
13317
13320
13322
13325
13327
13328
13330
13331
13333
13334
13338
13339
13343
13354
13356
13361
13362
13369
13381
13382
13385
13390
13393
13396
13400
13401
13403
13405
13409
13415
13418
13419
13421
13424
13426
13427
13430
13431
13432
13438
13440
13447
13448
13449
13455
13469
13472
13479
13480
13482
13483
13484
13485
13486
13488
13491
13494
13496
13498
13499
13503
13504
13506
13507
13510
13511
13512
13514
13517
13518
13519
13520
13523
13525
13527
13528
13529
13530
13532
13533
13538
13544
13545
13554
13556
13557
13558
13559
13560
13561
13562
13564
13567
13568
13570
13571
13572
13577
13578
13579
13581
13583
13584
13586
13587
13588
13591
13594
13599
13602
13611
13615
13616
13617
13623
13625
13629
13630
13639
13645
13647
13649
13651
13652
13656
13661
13662
13663
13668
13673
13674
13681
13684
13685
13686
13687
13688
13689
13690
13691
13695
13701
13708
13713
13714
13715
13718
13724
13735
13739
13741
13746
13747
13748
13750
13753
13755
13756
13757
13760
13761
13763
13767
13769
13770
13776
13789
13792
13796
13800
13804
13805
13807
13810
13812
13813
13821
13825
13832
13833
13836
13837
13841
13842
13846
13847
13848
13850
13853
13854
13856
13857
13858
13859
13860
13865
13868
13870
13873
13875
13877
13878
13891
13893
13896
13899
13904
13906
13909
13912
13915
13920
13924
13926
13927
13929
13938
13940
13942
13947
13949
13957
13958
13963
13974
13975
13977
13978
13980
13983
13989
13997
13999
14000
14001
14002
14003
14004
14011
14012
14014
14018
14019
14025
14029
14030
14032
14033
14034
14036
14038
14042
14046
14048
14052
14055
14065
14070
14071
14077
14096
14098
14100
14104
14105
14108
14112
14114
14117
14121
14123
14124
14131
14133
14136
14140
14144
14145
14147
14152
14153
14156
14157
14160
14161
14168
14169
14173
14174
14187
14188
14192
14193
14207
14219
14228
14237
14239
14241
14244
14248
14252
14257
14261
14264
14266
14270
14271
14272
14275
14279
14280
14281
14285
14294
14306
14312
14319
14329
14335
14337
14340
14344
14349
14356
14358
14362
14367
14374
14379
14383
14386
14400
14401
14404
14405
14410
14411
14419
14421
14431
14437
14447
14451
14452
14454
14468
14474
14478
14505
14506
14509
14521
14522
14528
14529
14530
14535
14540
14548
14552
14554
14555
14557
14560
14561
14564
14566
14581
14585
14594
14597
14601
14611
14612
14614
14615
14617
14619
14622
14626
14627
14638
14642
14646
14647
14648
14649
14650
14652
14654
14659
14662
14663
14664
14665
14669
14670
14672
14675
14677
14679
14683
14685
14686
14697
14701
14702
14705
14708
14713
14714
14720
14722
14726
14731
14732
14734
14735
14736
14737
14742
14745
14747
14748
14752
14753
14754
14761
14765
14766
14767
14768
14771
14773
14774
14776
14779
14781
14785
14786
14788
14792
14793
14794
14796
14797
14798
14799
14803
14804
14807
14808
14812
14813
14818
14819
14822
14825
14827
14831
14832
14834
14838
14841
14843
14847
14848
14852
14853
14855
14861
14863
14864
14866
14867
14868
14870
14874
14878
14880
14882
14884
14887
14889
14901
14902
14903
14904
14905
14907
14910
14913
14914
14915
14916
14918
14923
14925
14927
14929
14932
14933
14934
14936
14937
14940
14947
14951
14956
14958
14959
14961
14963
14968
14971
14973
14980
14982
14983
14987
14988
14990
14995
15000
15001
15003
15006
15007
15009
15010
15011
15014
15015
15016
15017
15018
15019
15022
15024
15030
15031
15034
15035
15039
15040
15045
15051
15056
15057
15058
15065
15066
15067
15071
15072
15073
15079
15082
15083
15086
15087
15088
15095
15097
15098
15108
15109
15115
15117
15119
15120
15121
15124
15125
15134
15135
15136
15137
15148
15153
15154
15155
15156
15158
15159
15160
15163
15164
15167
15168
15175
15177
15180
15181
15183
15190
15191
15200
15202
15209
15210
15211
15212
15213
15214
15216
15217
15220
15226
15227
15229
15232
15233
15235
15241
15242
15243
15245
15247
15249
15257
15258
15272
15273
15274
15275
15277
15278
15280
15284
15286
15287
15288
15289
15292
15293
15294
15297
15298
15303
15312
15315
15316
15318
15319
15321
15334
15337
15340
15341
15346
15347
15349
15350
15351
15359
15365
15366
15367
15370
15373
15376
15378
15379
15382
15384
15388
15393
15394
15397
15407
15409
15417
15418
15420
15421
15422
15423
15427
15436
15444
15445
15451
15463
15478
15479
15484
15500
15501
15503
15507
15508
15510
15514
15515
15518
15519
15525
15526
15527
15533
15535
15543
15549
15556
15557
15558
15559
15566
15568
15570
15572
15578
15579
15583
15593
15595
15596
15597
15599
15610
15621
15627
15629
15631
15634
15640
15644
15645
15648
15650
15651
15653
15657
15663
15664
15665
15666
15668
15670
15677
15690
15691
15693
15696
15702
15709
15714
15717
15722
15723
15731
15735
15737
15739
15740
15746
15750
15754
15756
15764
15767
15782
15783
15784
15810
15811
15825
15826
15831
15834
15847
15848
15850
15854
15857
15864
15867
15870
15877
15881
15887
15888
15904
15905
15906
15911
15914
15919
15925
15928
15931
15932
15933
15935
15936
15942
15947
15948
15955
15961
15966
15971
15975
15976
15981
15983
15984
15990
15993
16000
16012
16019
16034
16035
16041
16046
16047
16051
16057
16063
16071
16089
16098
16099
16108
16112
16116
16117
16118
16125
16131
16133
16143
16144
16148
16152
16153
16154
16160
16162
16167
16170
16171
16180
16181
16185
16193
16195
16196
16198
16199
16201
16206
16212
16225
16227
16228
16241
16247
16252
16266
16269
16270
16280
16294
16296
16300
16309
16312
16317
16320
16324
16329
16335
16340
16341
16343
16344
16346
16350
16354
16355
16356
16357
16358
16362
16368
16370
16372
16375
16377
16378
16380
16384
16386
16394
16403
16405
16407
16408
16409
16421
16423
16429
16430
16433
16436
16437
16447
16449
16450
16451
16455
16456
16464
16466
16479
16481
16482
16487
16490
16491
16494
16499
16500
16501
16504
16505
16506
16510
16511
16514
16515
16516
16517
16519
16520
16524
16525
16530
16538
16546
16549
16551
16552
16555
16556
16568
16570
16571
16572
16575
16583
16585
16589
16590
16591
16596
16600
16604
16605
16607
16609
16613
16615
16623
16626
16628
16635
16638
16647
16649
16650
16655
16659
16668
16674
16676
16678
16679
16684
16692
16700
16715
16732
16739
16753
16754
16758
16763
16765
16768
16772
16774
16775
16784
16789
16790
16791
16792
16797
16804
16805
16808
16812
16814
16818
16821
16828
16829
16830
16831
16832
16835
16848
16861
16865
16918
16949
16950
16952
16984
17000
17087
17097
17116
17122
17127
17133
17134
17141
17144
17151
17152
17153
17155
17159
17178
17192
17248
17250
17252
17253
17254
17255
17256
17258
17259
17260
17261
17262
17263
17264
17266
17267
17268
17269
17271
17272
17273
17275
17276
17278
17279
17280
17281
17282
17283
17284
17286
17287
17288
17289
17290
17292
17293
17294
17295
17298
17301
17302
17303
17304
17305
17306
17307
17308
17309
17311
17312
17313
17317
17320
17321
17332
17353
17356
17362
17366
17384
17392
17405
17406
17419
17420
17425
17428
17430
17440
17446
17455
17471
17479
17480
17486
17487
17490
17493
17497
17504
17505
17508
17514
17515
17516
17518
17523
17533
17536
17539
17541
17546
17554
17558
17559
17565
17566
17568
17570
17572
17575
17576
17588
17609
17628
17629
17630
17632
17637
17638
17640
17652
17654
17661
17664
17665
17666
17697
17720
17748
17751
17779
17780
17787
17792
17796
17798
17801
17802
17806
17813
17819
17820
17821
17822
17824
17826
17852
17853
17858
17870
17876
17877
17878
17881
17887
17890
17898
17900
17905
17907
17910
17916
17921
17928
17930
17931
17934
17945
17947
17949
17951
17955
17959
17961
17968
17969
17970
17972
17988
18002
18011
18017
18051
18052
18053
18055
18056
18057
18058
18062
18063
18064
18065
18066
18067
18068
18071
18073
18078
18079
18081
18082
18084
18085
18088
18089
18090
18092
18093
18095
18096
18097
18103
18104
18105
18106
18107
18108
18109
18110
18111
18112
18113
18114
18115
18117
18118
18119
18120
18121
18122
18123
18124
18125
18126
18127
18128
18129
18130
18131
18132
18133
18134
18135
18136
18137
18138
18139
18140
18141
18142
18143
18144
18145
18146
18148
18151
18152
18156
18161
18164
18167
18168
18169
18170
18173
18174
18175
18176
18178
18179
18180
18181
18182
18183
18184
18185
18187
18189
18193
18194
18196
18201
18203
18204
18205
18206
18207
18210
18211
18212
18213
18214
18215
18216
18218
18219
18220
18221
18222
18223
18224
18225
18226
18227
18228
18229
18230
18235
18237
18238
18239
18241
18246
18251
18253
18257
18259
18260
18261
18263
18266
18268
18269
18270
18275
18279
18282
18285
18287
18290
18292
18294
18295
18297
18298
18301
18304
18307
18312
18315
18316
18319
18321
18323
18324
18328
18330
18331
18334
18336
18338
18339
18345
18346
18349
18350
18351
18353
18354
18356
18357
18366
18377
18381
18391
18394
18396
18400
18401
18410
18413
18416
18432
18433
18436
18437
18448
18454
18477
18479
18481
18482
18493
18498
18499
18504
18505
18507
18516
18517
18519
18524
18532
18539
18541
18542
18543
18545
18555
18556
18557
18563
18564
18565
18575
18581
18582
18589
18592
18600
18601
18608
18609
18611
18615
18618
18625
18626
18628
18629
18632
18633
18641
18645
18661
18664
18668
18670
18672
18677
18678
18683
18684
18685
18686
18687
18689
18695
18698
18704
18708
18709
18710
18712
18714
18721
18722
18723
18727
18732
18735
18737
18738
18739
18743
18750
18759
18762
18766
18776
18779
18782
18787
18792
18799
18802
18803
18809
18815
18816
18823
18825
18828
18831
18836
18855
18859
18862
18873
18878
18879
18880
18890
18894
18896
18903
18907
18922
18925
18933
18943
18949
18969
18973
18978
18981
18983
18985
18987
18990
18992
18993
18995
18996
18998
18999
19006
19007
19009
19010
19011
19013
19025
19034
19044
19047
19087
19092
19100
19105
19106
19110
19116
19128
19130
19138
19147
19152
19169
19184
19198
19203
19210
19211
19222
19225
19237
19262
19267
19287
19292
19379
19441
19445
19449
19482
19551
19552
19555
19581
19591
19594
19638
19644
19716
19718
19739
19747
19767
19778
19839
19854
19879
19902
19915
