1
7
9
15
16
17
23
29
31
36
39
41
47
48
54
55
58
60
62
63
71
77
82
83
86
87
88
89
90
91
93
94
96
97
101
103
108
112
115
119
120
122
123
124
126
130
134
136
140
152
155
162
163
179
180
181
182
183
188
193
194
199
200
203
204
207
213
214
217
218
229
237
247
248
262
263
268
271
275
278
282
283
287
288
293
295
310
311
322
344
347
349
351
352
363
370
375
376
385
386
387
388
389
402
408
411
425
426
427
428
431
432
438
439
445
449
450
451
463
481
482
483
490
501
505
506
519
533
535
536
537
538
539
540
542
547
552
553
555
558
564
565
571
576
581
582
595
601
607
612
625
628
634
637
651
652
663
665
672
673
681
687
689
692
693
696
701
708
719
721
724
727
731
734
736
737
738
739
750
754
759
768
775
777
780
782
783
791
795
796
799
800
801
804
805
806
808
815
817
819
827
832
836
843
844
845
846
850
853
855
856
875
877
878
879
883
884
885
892
898
918
919
920
921
927
936
944
948
949
963
973
987
991
1024
1025
1028
1029
1033
1034
1038
1040
1062
1069
1077
1096
1117
1124
1127
1129
1146
1156
1162
1165
1166
1169
1179
1202
1209
1210
1213
1220
1227
1238
1242
1256
1257
1271
1275
1292
1296
1304
1312
1327
1331
1348
1349
1378
1383
1389
1404
1409
1427
1458
1463
1466
1470
1473
1475
1495
1513
1514
1521
1530
1543
1544
1545
1562
1575
1577
1590
1592
1593
1596
1599
1616
1622
1625
1627
1637
1644
1655
1659
1670
1677
1680
1685
1687
1688
1692
1731
1732
1739
1744
1755
1756
1764
1774
1789
1791
1792
1795
1802
1809
1811
1835
1850
1852
1853
1868
1894
1895
1897
1902
1909
1925
1945
1947
1952
1954
1957
1980
1982
1989
1991
2003
2009
2010
2027
2041
2043
2046
2050
2052
2055
2057
2064
2070
2073
2076
2081
2092
2104
2105
2107
2109
2114
2124
2130
2133
2137
2167
2172
2174
2178
2184
2196
2197
2209
2212
2219
2238
2240
2241
2255
2257
2260
2282
2307
2316
2327
2328
2337
2386
2388
2394
2412
2430
2432
2450
2455
2464
2482
2487
2489
2491
2493
2497
2508
2511
2513
2517
2518
2519
2520
2521
2528
2539
2543
2545
2546
2548
2549
2552
2553
2559
2561
2571
2581
2582
2583
2587
2595
2615
2622
2623
2624
2625
2627
2628
2634
2641
2643
2644
2645
2646
2656
2660
2661
2662
2663
2664
2665
2669
2678
2688
2694
2713
2714
2715
2717
2720
2724
2725
2726
2736
2747
2748
2749
2762
2763
2770
2771
2775
2780
2781
2782
2784
2786
2787
2789
2792
2798
2808
2810
2811
2813
2818
2819
2821
2822
2826
2828
2829
2833
2840
2843
2844
2846
2848
2850
2852
2860
2868
2871
2877
2885
2895
2897
2901
2902
2912
2913
2914
2915
2918
2926
2929
2932
2934
2939
2940
2941
2945
2947
2950
2952
2954
2962
2964
2965
2966
2969
2970
2971
2977
2978
2980
2983
2989
2994
2998
3003
3004
3007
3008
3010
3013
3020
3026
3029
3033
3040
3046
3049
3050
3052
3053
3054
3058
3065
3069
3073
3076
3083
3095
3097
3108
3126
3127
3139
3150
3152
3153
3154
3158
3160
3161
3164
3165
3174
3184
3214
3217
3218
3223
3228
3231
3237
3242
3248
3250
3254
3256
3257
3258
3261
3264
3268
3269
3271
3279
3285
3286
3287
3288
3291
3292
3299
3301
3311
3313
3314
3315
3317
3319
3322
3324
3325
3331
3334
3340
3342
3346
3347
3348
3353
3354
3361
3363
3369
3384
3385
3388
3398
3404
3410
3412
3414
3415
3417
3419
3420
3426
3432
3434
3443
3450
3452
3453
3458
3461
3462
3463
3466
3470
3472
3475
3476
3479
3482
3483
3487
3489
3498
3504
3506
3507
3509
3510
3513
3518
3525
3532
3533
3534
3543
3544
3546
3547
3548
3552
3553
3559
3560
3565
3571
3576
3578
3579
3580
3581
3582
3589
3590
3591
3595
3596
3598
3599
3604
3605
3607
3608
3609
3612
3623
3624
3625
3626
3630
3633
3638
3639
3646
3648
3651
3655
3657
3667
3673
3674
3682
3683
3689
3698
3699
3709
3714
3718
3722
3728
3729
3732
3733
3734
3741
3743
3745
3757
3758
3759
3760
3761
3769
3770
3776
3786
3791
3813
3815
3818
3819
3820
3821
3822
3823
3826
3828
3831
3833
3837
3843
3847
3848
3856
3860
3864
3865
3866
3867
3868
3869
3870
3880
3887
3893
3897
3898
3899
3900
3901
3902
3907
3911
3924
3931
3953
3954
3956
3961
3962
3963
3967
3968
4008
4012
4017
4020
4034
4035
4036
4070
4072
4090
4095
4096
4108
4109
4111
4113
4118
4134
4153
4157
4159
4160
4169
4170
4171
4172
4173
4179
4188
4189
4191
4198
4231
4242
4243
4258
4273
4292
4293
4311
4316
4317
4336
4340
4362
4364
4368
4381
4382
4383
4384
4389
4399
4405
4413
4420
4421
4424
4451
4460
4474
4480
4485
4486
4492
4494
4539
4543
4549
4555
4566
4574
4595
4603
4625
4626
4636
4644
4671
4677
4699
4703
4705
4711
4723
4726
4727
4734
4743
4744
4745
4753
4763
4765
4766
4787
4788
4803
4810
4816
4820
4825
4827
4828
4833
4846
4851
4862
4869
4873
4877
4881
4882
4889
4894
4907
4917
4927
4928
4930
4942
4943
4959
4961
4969
4973
4980
4994
4998
5010
5013
5034
5036
5075
5102
5111
5114
5127
5160
5176
5189
5190
5196
5230
5233
5240
5247
5252
5254
5268
5270
5272
5273
5282
5304
5306
5309
5317
5323
5330
5331
5340
5356
5359
5366
5369
5376
5379
5380
5382
5400
5408
5435
5438
5449
5452
5465
5471
5473
5476
5491
5494
5503
5511
5520
5521
5532
5546
5549
5559
5560
5564
5585
5588
5589
5592
5598
5630
5641
5669
5670
5675
5680
5692
5708
5730
5734
5747
5773
5804
5805
5814
5840
5861
5869
5873
5883
5884
5895
5920
5931
5952
5968
5971
5973
5978
5989
6037
6043
6056
6057
6081
6093
6096
6123
6144
6148
6161
6182
6221
6222
6230
6245
6266
6283
6291
6295
6297
6314
6321
6350
6351
6353
6362
6364
6371
6389
6392
6409
6410
6435
6446
6457
6461
6463
6466
6469
6479
6500
6513
6536
6550
6580
6587
6594
6596
6612
6629
6668
6683
6689
6691
6711
6735
6753
6767
6779
6800
6801
6804
6805
6806
6807
6823
6859
6871
6927
6965
6992
7005
7012
7034
7038
7049
7064
7066
7067
7070
7072
7073
7099
7109
7124
7128
7130
7140
7169
7175
7199
7211
7284
7285
7317
7384
7403
7436
7443
7463
7478
7479
7480
7532
7545
7546
7547
7551
7552
7553
7558
7562
7563
7575
7588
7608
7612
7618
7628
7635
7636
7637
7641
7654
7655
7657
7665
7666
7670
7682
7685
7694
7707
7725
7745
7760
7769
7772
7776
7778
7782
7785
7787
7794
7796
7802
7804
7817
7828
7832
7833
7835
7837
7848
7852
7868
7869
7875
7894
7908
7913
7914
7943
7944
7951
7971
7976
7993
8009
8015
8030
8039
8049
8051
8053
8057
8064
8065
8066
8068
8072
8074
8077
8078
8079
8084
8088
8092
8094
8106
8113
8131
8133
8146
8161
8164
8168
8235
8237
8279
8282
8287
8310
8332
8335
8343
8354
8357
8364
8365
8371
8374
8393
8400
8405
8416
8417
8440
8448
8471
8472
8476
8508
8516
8522
8567
8568
8587
8622
8629
8638
8648
8676
8684
8716
8732
8733
8772
8804
8808
8811
8814
8816
8827
8828
8834
8859
8871
8873
8897
8916
8917
8947
8957
8970
8973
8979
8980
8981
8982
8983
8984
8985
8986
8988
8989
9027
9046
9052
9059
9061
9066
9085
9086
9090
9097
9109
9143
9159
9173
9174
9179
9199
9202
9207
9208
9211
9236
9238
9274
9316
9317
9319
9325
9326
9352
9353
9365
9378
9380
9417
9423
9432
9443
9449
9461
9468
9474
9476
9526
9556
9562
9575
9607
9622
9625
9645
9670
9685
9706
9711
9725
9735
9759
9764
9769
9798
9820
9868
9884
9915
9968
9970
9981
10029
10062
10063
10064
10072
10077
10173
10181
10188
10201
10224
10235
10244
10292
10303
10304
10332
10390
10410
10450
10499
10533
10545
10571
10605
10609
10638
10655
10656
10667
10677
10699
10772
10777
10800
10837
10898
10912
10920
10949
10959
10961
10971
10994
10997
11062
11085
11094
11101
11120
11127
11153
11157
11160
11212
11422
11468
11492
11513
11574
11596
11607
11670
11715
11731
11740
11804
11813
11871
11877
11904
11927
11955
11971
11999
12139
12140
12142
12177
12180
12186
12201
12203
12234
12263
12279
12293
12327
12341
12345
12519
12539
12579
12668
12699
12718
12737
12762
12799
12806
12869
12889
12948
12970
12977
12992
13012
13041
13132
13133
13227
13282
13314
13332
13405
13406
13455
13491
13651
13663
13718
13739
14036
14126
14130
14312
14469
14470
14471
14472
14473
14474
14664
14672
14720
14744
14793
14814
15000
15015
15057
15121
15404
15599
15609
15927
16193
16429
16510
16517
16596
16608
16704
17122
17472
17587
17661
17858
18010
18256
18379
18490
19022
