7
9
15
16
17
23
28
29
31
39
48
54
55
58
60
62
70
71
74
77
87
91
92
97
99
101
102
103
104
106
112
115
120
123
124
127
130
131
134
146
147
152
156
167
171
172
179
181
182
185
187
188
194
203
204
206
207
210
211
215
217
219
222
224
228
229
259
264
271
275
277
286
287
288
295
297
300
303
307
308
313
320
322
336
339
340
342
344
345
347
349
351
352
362
366
371
387
388
389
401
403
405
409
423
426
427
428
430
431
432
436
438
444
445
450
454
457
475
483
484
494
501
504
505
506
513
533
538
539
541
553
555
557
563
583
585
596
600
601
602
610
612
615
628
631
632
634
637
651
652
653
654
659
660
672
679
680
681
683
692
701
719
721
724
725
726
733
734
736
737
739
741
745
749
750
759
760
772
775
780
782
786
798
804
805
806
808
815
818
819
820
822
832
850
856
873
880
883
888
889
892
894
895
918
920
921
925
927
929
931
933
934
941
944
946
950
953
963
967
969
973
980
982
990
996
1024
1025
1038
1051
1059
1061
1062
1070
1077
1098
1105
1117
1142
1146
1155
1179
1180
1181
1184
1186
1189
1201
1206
1210
1223
1238
1242
1243
1250
1253
1270
1275
1279
1287
1312
1327
1328
1331
1348
1349
1350
1353
1362
1375
1386
1389
1400
1410
1425
1433
1435
1443
1455
1463
1465
1469
1470
1474
1479
1484
1487
1514
1516
1527
1541
1543
1544
1551
1563
1566
1567
1577
1590
1592
1595
1613
1622
1625
1627
1644
1655
1669
1670
1671
1677
1678
1683
1692
1699
1716
1719
1720
1723
1731
1732
1744
1758
1760
1763
1788
1792
1795
1805
1809
1835
1852
1853
1868
1869
1875
1894
1895
1896
1902
1904
1939
1947
1949
1952
1957
1972
1977
1982
1984
1985
1986
2008
2010
2027
2041
2043
2046
2048
2052
2057
2064
2067
2070
2073
2076
2088
2089
2105
2124
2144
2154
2168
2176
2194
2196
2205
2209
2227
2238
2242
2248
2249
2260
2264
2269
2316
2327
2328
2344
2369
2386
2407
2432
2436
2437
2442
2446
2450
2451
2455
2473
2489
2499
2501
2508
2511
2517
2518
2519
2520
2521
2528
2529
2535
2548
2553
2558
2559
2571
2581
2582
2583
2585
2588
2593
2595
2600
2605
2608
2609
2613
2614
2615
2616
2619
2623
2624
2625
2627
2628
2634
2644
2645
2651
2659
2660
2661
2662
2664
2669
2671
2676
2677
2678
2681
2682
2684
2688
2691
2693
2696
2703
2707
2715
2717
2721
2724
2732
2733
2734
2737
2746
2747
2749
2759
2760
2762
2770
2771
2775
2780
2781
2786
2787
2789
2790
2792
2796
2807
2809
2815
2822
2823
2827
2832
2840
2843
2844
2846
2850
2851
2852
2854
2868
2871
2872
2885
2893
2897
2901
2902
2907
2913
2916
2918
2921
2940
2945
2950
2954
2962
2965
2967
2969
2971
2977
2988
2994
3002
3003
3004
3007
3009
3010
3011
3013
3022
3024
3033
3053
3058
3064
3069
3077
3083
3088
3090
3091
3094
3097
3103
3107
3116
3126
3139
3140
3152
3153
3156
3157
3160
3165
3169
3174
3184
3196
3207
3211
3214
3215
3218
3219
3223
3228
3239
3248
3256
3257
3261
3270
3271
3282
3292
3293
3296
3298
3301
3304
3309
3311
3313
3322
3326
3328
3330
3331
3334
3346
3354
3363
3369
3371
3388
3404
3405
3409
3413
3421
3426
3429
3431
3436
3441
3443
3446
3450
3451
3452
3453
3458
3461
3462
3463
3464
3466
3470
3477
3479
3480
3489
3496
3507
3524
3525
3526
3544
3546
3549
3550
3552
3553
3559
3560
3564
3568
3576
3578
3580
3581
3586
3590
3595
3596
3598
3601
3604
3605
3607
3609
3612
3619
3620
3623
3624
3625
3626
3632
3633
3639
3646
3648
3652
3656
3667
3677
3679
3683
3689
3692
3698
3699
3709
3713
3714
3720
3731
3735
3737
3741
3751
3753
3757
3760
3766
3767
3772
3773
3782
3789
3795
3800
3813
3815
3826
3827
3828
3829
3831
3865
3897
3898
3899
3900
3901
3913
3924
3929
3930
3931
3954
3955
3956
3958
3961
3968
3975
3983
3984
3994
4006
4008
4009
4012
4020
4022
4032
4033
4034
4036
4038
4048
4057
4065
4082
4084
4095
4098
4101
4108
4110
4118
4127
4134
4143
4147
4153
4159
4160
4169
4173
4175
4176
4179
4184
4188
4189
4191
4205
4211
4212
4215
4217
4234
4242
4243
4255
4256
4265
4266
4279
4280
4291
4293
4298
4313
4316
4336
4338
4340
4352
4365
4366
4379
4381
4382
4383
4384
4385
4387
4388
4389
4399
4405
4424
4426
4430
4434
4439
4443
4448
4456
4460
4473
4474
4475
4483
4486
4487
4488
4490
4495
4506
4511
4535
4539
4543
4545
4546
4549
4566
4572
4585
4600
4625
4632
4646
4647
4664
4677
4678
4699
4719
4726
4734
4745
4765
4766
4787
4788
4809
4811
4816
4817
4821
4827
4846
4847
4861
4868
4869
4876
4879
4882
4890
4894
4898
4906
4907
4909
4917
4928
4931
4946
4961
4973
4979
4993
4994
4998
5008
5034
5036
5040
5042
5045
5055
5056
5070
5072
5074
5082
5086
5102
5112
5114
5116
5118
5121
5124
5126
5145
5148
5157
5160
5176
5177
5186
5190
5193
5220
5222
5228
5235
5244
5247
5252
5254
5262
5263
5264
5265
5267
5272
5273
5279
5282
5286
5287
5292
5306
5330
5331
5334
5364
5369
5379
5382
5399
5425
5438
5449
5466
5471
5476
5480
5490
5497
5511
5512
5520
5521
5524
5526
5535
5549
5560
5564
5565
5584
5585
5595
5598
5599
5615
5630
5631
5673
5674
5675
5720
5721
5736
5737
5739
5755
5759
5772
5803
5804
5817
5828
5847
5848
5869
5884
5888
5891
5911
5920
5922
5931
5934
5949
5952
5953
5955
5966
5968
5987
5989
5991
5998
6007
6019
6021
6027
6053
6056
6057
6058
6064
6077
6082
6086
6087
6093
6098
6104
6113
6142
6149
6150
6151
6157
6158
6159
6162
6219
6230
6233
6251
6252
6264
6265
6268
6272
6279
6283
6294
6297
6306
6321
6348
6350
6351
6353
6371
6372
6390
6393
6396
6397
6398
6446
6447
6457
6460
6461
6463
6466
6469
6479
6491
6496
6530
6531
6569
6580
6587
6591
6612
6633
6634
6641
6646
6658
6683
6689
6691
6704
6705
6713
6714
6715
6718
6720
6725
6726
6733
6735
6771
6787
6800
6801
6807
6813
6818
6836
6856
6857
6863
6869
6893
6915
6927
6945
6970
7002
7005
7020
7049
7055
7065
7075
7095
7111
7124
7125
7126
7130
7152
7153
7174
7175
7176
7177
7178
7188
7193
7209
7211
7220
7224
7229
7273
7284
7324
7343
7358
7360
7362
7406
7425
7427
7430
7432
7439
7462
7470
7480
7496
7497
7498
7506
7513
7532
7533
7551
7554
7562
7569
7571
7573
7578
7583
7592
7604
7606
7614
7616
7630
7633
7641
7657
7664
7676
7680
7707
7709
7710
7714
7725
7740
7757
7761
7770
7773
7774
7775
7785
7787
7807
7829
7833
7835
7839
7846
7851
7858
7874
7877
7894
7906
7913
7930
7948
7964
7965
7978
7980
7981
7993
8000
8009
8030
8045
8047
8049
8053
8054
8065
8070
8074
8077
8080
8087
8100
8107
8110
8131
8143
8146
8150
8161
8164
8192
8199
8204
8223
8242
8247
8268
8274
8276
8291
8314
8316
8320
8335
8338
8343
8345
8347
8357
8374
8388
8400
8407
8412
8431
8463
8468
8471
8472
8481
8488
8489
8512
8559
8568
8599
8605
8629
8638
8646
8732
8733
8736
8745
8748
8753
8775
8786
8787
8801
8814
8816
8827
8828
8834
8849
8855
8857
8871
8877
8889
8895
8896
8897
8917
8970
8973
9007
9014
9021
9038
9044
9049
9066
9078
9079
9081
9083
9085
9089
9090
9091
9092
9099
9105
9108
9109
9111
9126
9143
9174
9175
9179
9190
9204
9207
9208
9246
9263
9295
9318
9325
9326
9335
9348
9352
9353
9360
9371
9380
9385
9417
9435
9438
9439
9461
9476
9498
9501
9519
9521
9525
9526
9549
9556
9567
9568
9569
9571
9575
9576
9581
9592
9593
9595
9607
9613
9620
9622
9623
9640
9653
9670
9684
9693
9699
9702
9708
9720
9721
9759
9787
9810
9827
9829
9830
9833
9835
9836
9846
9847
9848
9867
9884
9888
9899
9902
9904
9915
9955
9964
9973
10008
10016
10019
10023
10031
10032
10048
10050
10064
10089
10125
10139
10159
10181
10195
10240
10241
10257
10280
10287
10290
10298
10301
10302
10334
10404
10458
10482
10499
10514
10543
10558
10560
10580
10585
10636
10638
10681
10727
10728
10741
10754
10758
10762
10763
10774
10777
10796
10800
10853
10865
10912
10920
10921
10936
10939
10941
10942
10949
10950
10961
10964
10988
11008
11062
11072
11081
11086
11087
11092
11101
11109
11127
11144
11147
11157
11218
11250
11299
11334
11352
11367
11394
11398
11410
11412
11427
11496
11500
11520
11527
11533
11536
11552
11565
11566
11574
11590
11609
11619
11640
11641
11643
11663
11800
11817
11837
11883
11890
11896
11904
11927
11940
11961
12073
12081
12123
12139
12140
12142
12144
12149
12153
12158
12170
12171
12203
12213
12230
12234
12263
12320
12385
12386
12392
12399
12434
12435
12440
12459
12461
12470
12515
12526
12568
12571
12607
12657
12665
12666
12667
12668
12669
12670
12671
12672
12673
12674
12675
12676
12677
12678
12679
12680
12681
12682
12683
12684
12685
12686
12687
12688
12689
12690
12691
12692
12693
12694
12695
12696
12697
12698
12726
12785
12798
12810
12832
12861
12914
12948
12963
12966
12970
13040
13116
13263
13314
13455
13491
13538
13567
13581
13587
13651
13663
13688
13713
13721
13735
13791
13899
13903
14226
14246
14248
14249
14312
14342
14427
14529
14545
14654
14662
14735
14744
14793
14925
14947
14974
15051
15066
15069
15097
15159
15177
15226
15229
15267
15384
15540
15548
15591
15593
15605
15627
15737
15777
15854
16043
16215
16427
16550
16754
17130
17155
17425
17661
17858
18017
18052
18379
18416
18490
19036
