60
88
119
170
200
241
278
620
670
673
680
700
780
792
857
909
940
1074
1139
1167
1319
1442
1596
1599
1610
2073
2154
2238
2363
2406
2493
2499
2549
2554
2615
2650
2736
2830
2850
2852
2856
2897
2908
2939
2940
3102
3116
3308
3311
3331
3384
3388
3407
3552
3732
3757
3760
3803
4023
4036
4119
4261
4293
4301
4377
4389
4662
4743
4777
4817
5273
5332
5502
5515
5684
5690
5848
5953
6073
6106
6143
6150
6291
6362
6380
6461
6556
6647
6814
6842
7064
7499
7514
7665
7873
7954
7994
8125
8209
8222
8282
8368
8529
8742
8805
8917
9013
9049
9089
9135
9288
9384
9540
9759
9764
9847
9860
10187
10317
10532
10920
11009
11016
11064
11069
11123
11145
11388
11479
11568
11593
11886
12548
12720
12994
13034
13061
13491
13511
13616
13647
14918
14990
16193
17144
17323
18058
18123
18142
18483
18638
19042
