10
15
17
24
39
63
72
82
91
101
130
152
157
159
203
205
208
213
230
262
344
356
386
403
405
427
431
438
474
501
503
513
520
533
536
553
555
573
582
594
596
602
652
673
696
708
779
796
801
806
824
867
875
892
973
975
1004
1030
1041
1043
1056
1062
1065
1073
1077
1084
1085
1112
1129
1190
1206
1223
1240
1278
1279
1351
1365
1424
1440
1457
1463
1465
1495
1514
1550
1552
1556
1562
1567
1670
1736
1749
1758
1771
1820
1852
1862
1955
1983
2009
2011
2019
2033
2070
2076
2101
2105
2111
2146
2229
2260
2273
2337
2368
2373
2376
2424
2446
2448
2466
2491
2493
2508
2521
2543
2557
2559
2581
2583
2593
2602
2604
2608
2610
2627
2628
2644
2648
2669
2687
2688
2690
2692
2702
2710
2719
2729
2746
2779
2782
2784
2795
2807
2810
2811
2813
2816
2829
2832
2840
2848
2861
2865
2899
2912
2915
2918
2945
2967
2982
2988
3004
3007
3052
3100
3133
3139
3169
3213
3244
3248
3250
3256
3264
3265
3270
3271
3277
3292
3315
3334
3346
3354
3365
3380
3390
3402
3425
3447
3471
3484
3485
3491
3502
3504
3509
3540
3563
3568
3578
3581
3611
3620
3698
3704
3707
3709
3753
3773
3776
3790
3802
3833
3834
3856
3865
3866
3873
3893
3899
3901
3923
3941
3970
3971
4008
4021
4027
4110
4113
4171
4195
4205
4207
4231
4233
4238
4316
4331
4364
4381
4388
4389
4397
4405
4427
4438
4441
4458
4551
4561
4568
4596
4618
4619
4620
4622
4632
4674
4746
4757
4781
4816
4864
4881
4912
4938
5035
5097
5114
5116
5132
5133
5153
5160
5189
5231
5235
5242
5245
5247
5254
5265
5286
5294
5296
5326
5361
5369
5392
5482
5487
5497
5503
5534
5544
5584
5614
5639
5768
5792
5804
5820
5825
5861
5989
6022
6036
6042
6058
6093
6099
6133
6142
6154
6200
6251
6282
6286
6314
6353
6371
6399
6461
6590
6613
6627
6633
6637
6675
6719
6735
6739
6819
6821
6874
6878
6916
6956
6970
7005
7012
7037
7052
7074
7108
7134
7176
7195
7212
7224
7254
7268
7270
7291
7333
7366
7409
7420
7428
7451
7472
7476
7490
7491
7542
7583
7592
7638
7669
7726
7851
7858
7870
7876
7879
7891
7906
7924
7938
8047
8063
8073
8074
8075
8131
8169
8192
8218
8234
8249
8307
8314
8327
8330
8342
8348
8349
8374
8403
8417
8440
8472
8515
8537
8605
8614
8705
8758
8800
8829
8864
8865
8877
8930
9066
9082
9207
9263
9325
9429
9438
9461
9485
9532
9640
9717
9766
9802
9849
9942
9990
10003
10063
10079
10154
10159
10201
10475
10627
10682
10731
10743
10779
10836
10872
10945
10996
11126
11202
11212
11299
11342
11367
11413
11474
11483
11605
11735
11745
11908
11914
11940
12122
12158
12192
12209
12359
12384
12539
12568
12666
12676
12711
12743
12891
12899
12921
12950
12956
13042
13101
13273
13291
13302
13313
13368
13419
13545
13566
13584
13780
13801
13857
13869
13889
13975
14035
14219
14272
14381
14447
14468
14594
14652
14670
14973
14980
15001
15040
15154
15178
15179
15210
15278
15287
15317
15481
15643
16010
16089
16181
16453
16478
16546
16792
17097
17122
17258
17820
18068
18108
18116
18125
18128
18205
18222
18352
18400
18437
18631
18752
19136
19554
