0
1
3
4
6
7
8
9
10
11
12
13
14
15
16
17
19
21
23
24
26
27
28
29
30
31
32
34
36
38
39
41
46
47
48
49
53
54
55
57
58
59
60
62
64
67
68
69
70
71
72
74
75
76
77
78
79
82
83
84
85
86
87
88
89
90
91
92
93
94
97
98
99
101
103
106
107
108
109
111
112
113
114
115
116
117
118
119
120
122
123
124
125
126
127
128
129
130
131
132
135
136
137
138
141
142
143
144
145
146
147
149
151
152
153
155
157
159
160
162
163
165
166
167
168
170
172
174
175
176
177
179
180
181
182
183
186
187
188
189
191
192
193
194
195
197
198
199
200
201
204
205
206
207
208
209
210
212
214
215
216
217
218
219
221
222
226
227
228
229
230
232
235
236
237
239
240
241
242
243
244
245
247
248
254
255
258
259
262
263
264
266
268
270
271
272
273
274
275
278
279
280
283
286
287
288
292
293
295
296
297
299
300
302
303
304
305
306
308
310
311
312
313
314
317
318
319
320
321
322
323
325
330
331
332
333
336
340
342
344
345
346
347
348
349
350
351
352
353
356
357
358
360
361
362
363
366
367
368
370
371
374
375
377
378
379
380
381
383
386
387
388
389
393
394
395
400
402
403
405
406
409
410
417
418
419
420
421
422
423
424
425
426
427
428
429
430
431
432
435
436
437
438
439
441
442
443
445
446
447
448
449
451
453
454
455
457
459
463
464
465
469
470
471
472
473
474
475
477
478
480
481
482
483
485
490
491
492
493
494
495
498
500
501
503
504
505
506
508
510
511
512
513
514
516
517
518
519
521
522
523
525
526
527
529
530
534
536
537
538
539
540
541
542
543
546
547
548
549
550
551
552
553
554
555
558
560
562
563
564
566
567
569
573
579
580
581
582
584
585
587
588
590
593
594
595
596
597
598
599
600
601
602
603
604
605
607
611
612
613
616
619
620
621
622
624
625
626
628
629
632
635
636
637
638
640
641
642
645
646
647
648
650
651
652
656
657
658
659
660
661
663
664
665
666
668
670
671
672
673
674
675
678
679
680
681
682
683
684
685
687
688
690
691
692
693
694
695
696
697
699
701
704
706
708
709
710
711
714
715
718
719
720
721
722
724
725
727
728
732
734
735
736
737
739
741
742
743
744
746
747
748
750
751
752
753
754
755
757
758
759
760
762
765
768
770
772
773
774
775
777
778
779
780
781
782
783
786
787
788
789
790
791
792
793
795
796
798
799
801
803
804
805
806
807
808
809
811
815
817
819
820
821
822
824
825
826
827
830
831
832
836
837
838
839
840
841
843
844
845
846
847
848
849
850
851
852
854
856
857
858
859
860
862
864
866
867
869
870
871
872
875
876
877
878
879
880
881
882
883
884
885
886
888
889
891
892
893
895
898
900
902
904
909
910
911
912
917
918
920
921
922
923
924
929
930
932
934
935
936
937
938
942
943
944
946
948
949
950
953
954
956
957
958
960
961
962
963
965
966
970
971
973
974
975
978
979
980
983
984
985
986
987
990
991
992
995
996
997
998
999
1003
1004
1006
1009
1011
1012
1013
1014
1015
1017
1018
1019
1022
1024
1025
1027
1029
1030
1031
1033
1034
1036
1037
1040
1041
1042
1043
1045
1049
1052
1055
1056
1062
1063
1065
1067
1069
1070
1071
1072
1073
1074
1075
1076
1077
1079
1082
1083
1084
1085
1086
1087
1091
1093
1094
1096
1097
1098
1099
1102
1103
1104
1109
1110
1120
1122
1123
1124
1126
1127
1129
1131
1132
1133
1134
1139
1141
1143
1145
1146
1148
1150
1152
1156
1158
1159
1161
1162
1165
1166
1167
1168
1169
1177
1178
1179
1180
1181
1184
1186
1187
1189
1190
1191
1196
1198
1199
1201
1204
1206
1207
1208
1209
1210
1213
1215
1218
1219
1220
1223
1224
1225
1226
1227
1229
1230
1231
1232
1233
1234
1236
1237
1238
1239
1242
1245
1246
1248
1249
1250
1251
1253
1254
1257
1258
1259
1262
1264
1265
1267
1268
1269
1270
1271
1272
1274
1276
1279
1286
1287
1291
1292
1295
1296
1297
1304
1305
1308
1309
1312
1314
1315
1319
1321
1322
1323
1324
1325
1326
1327
1328
1331
1337
1338
1339
1343
1344
1345
1347
1348
1349
1350
1351
1354
1355
1356
1358
1359
1360
1362
1365
1369
1370
1372
1373
1375
1377
1378
1379
1380
1383
1386
1387
1389
1390
1392
1393
1394
1396
1398
1399
1400
1401
1402
1403
1404
1406
1407
1410
1411
1415
1420
1425
1426
1427
1429
1430
1431
1433
1434
1435
1436
1438
1440
1442
1443
1444
1449
1450
1451
1453
1455
1456
1457
1458
1459
1463
1464
1465
1466
1468
1469
1472
1473
1474
1475
1477
1478
1479
1480
1481
1483
1484
1485
1487
1492
1495
1497
1498
1499
1500
1501
1503
1504
1507
1508
1510
1512
1514
1516
1518
1521
1522
1524
1526
1527
1528
1536
1541
1543
1544
1545
1549
1551
1552
1558
1560
1562
1563
1566
1567
1570
1571
1572
1576
1579
1580
1581
1583
1584
1585
1587
1589
1590
1591
1593
1595
1596
1599
1600
1603
1606
1608
1610
1611
1613
1616
1618
1620
1622
1623
1625
1627
1628
1629
1633
1636
1637
1638
1640
1641
1644
1647
1651
1652
1654
1655
1659
1661
1665
1668
1669
1670
1677
1678
1679
1681
1683
1686
1688
1689
1690
1691
1692
1693
1695
1696
1697
1699
1703
1705
1706
1708
1709
1710
1712
1713
1715
1716
1720
1722
1726
1727
1729
1731
1732
1736
1737
1738
1739
1740
1742
1744
1745
1746
1748
1752
1757
1758
1759
1760
1761
1762
1764
1767
1769
1770
1771
1772
1773
1774
1778
1783
1789
1791
1792
1794
1795
1798
1805
1808
1809
1810
1811
1812
1819
1821
1822
1823
1828
1830
1832
1841
1843
1850
1852
1853
1856
1857
1860
1864
1867
1869
1874
1875
1876
1880
1881
1885
1887
1889
1890
1892
1894
1896
1900
1901
1902
1903
1904
1905
1906
1907
1910
1913
1915
1918
1919
1920
1922
1924
1925
1929
1930
1932
1935
1937
1939
1940
1942
1945
1947
1950
1951
1953
1956
1957
1958
1959
1966
1967
1968
1969
1970
1972
1973
1974
1977
1979
1981
1982
1983
1984
1985
1986
1990
1991
1993
1996
2003
2004
2006
2008
2009
2012
2013
2015
2017
2019
2021
2025
2027
2028
2030
2032
2033
2034
2036
2037
2038
2039
2041
2046
2047
2048
2049
2050
2052
2053
2055
2057
2062
2064
2065
2067
2068
2069
2070
2073
2075
2076
2077
2078
2079
2084
2085
2086
2087
2088
2089
2090
2092
2096
2097
2098
2099
2100
2103
2104
2105
2107
2109
2111
2112
2115
2124
2125
2127
2128
2129
2130
2131
2133
2134
2135
2137
2140
2141
2143
2144
2145
2146
2148
2150
2151
2154
2155
2157
2158
2159
2160
2162
2165
2167
2168
2172
2174
2175
2176
2177
2178
2180
2185
2190
2192
2194
2196
2197
2198
2199
2201
2204
2205
2209
2210
2212
2214
2219
2223
2224
2225
2229
2232
2235
2238
2249
2250
2254
2255
2256
2259
2260
2262
2264
2266
2268
2269
2270
2273
2276
2277
2282
2292
2293
2296
2299
2300
2301
2307
2308
2309
2310
2315
2321
2322
2323
2324
2327
2328
2330
2335
2336
2337
2338
2341
2344
2348
2354
2355
2359
2360
2363
2364
2365
2366
2367
2368
2369
2371
2373
2376
2377
2378
2379
2383
2385
2386
2388
2389
2393
2394
2396
2398
2401
2402
2403
2407
2408
2411
2412
2417
2418
2419
2422
2423
2424
2429
2430
2432
2434
2435
2436
2438
2439
2441
2444
2446
2447
2448
2450
2452
2453
2455
2456
2460
2463
2467
2473
2477
2478
2487
2489
2491
2492
2493
2494
2495
2498
2499
2501
2504
2505
2506
2508
2509
2510
2513
2514
2515
2517
2518
2520
2521
2522
2523
2525
2527
2528
2529
2530
2532
2536
2537
2538
2539
2545
2546
2548
2549
2550
2551
2552
2556
2557
2559
2561
2562
2563
2564
2566
2567
2568
2571
2574
2575
2579
2581
2582
2583
2584
2586
2587
2588
2590
2593
2594
2595
2597
2598
2599
2600
2602
2603
2604
2605
2606
2608
2609
2610
2611
2615
2616
2618
2622
2623
2624
2625
2627
2628
2629
2634
2635
2636
2638
2640
2641
2644
2645
2646
2647
2648
2649
2650
2651
2652
2653
2655
2656
2657
2658
2659
2660
2661
2662
2663
2664
2665
2666
2669
2670
2671
2674
2675
2678
2679
2680
2681
2682
2684
2685
2687
2688
2690
2692
2693
2694
2696
2698
2699
2700
2702
2703
2706
2707
2710
2711
2713
2714
2715
2716
2717
2718
2719
2720
2721
2722
2723
2724
2725
2727
2729
2732
2733
2735
2738
2739
2743
2746
2747
2748
2749
2750
2753
2754
2755
2756
2757
2758
2759
2760
2762
2763
2766
2767
2771
2772
2774
2775
2777
2778
2780
2781
2784
2786
2787
2788
2790
2792
2793
2794
2795
2796
2799
2802
2803
2807
2809
2810
2811
2813
2814
2815
2816
2819
2821
2824
2825
2826
2827
2828
2829
2830
2832
2838
2839
2840
2843
2845
2846
2848
2850
2851
2852
2853
2855
2859
2861
2864
2865
2867
2868
2869
2870
2871
2872
2873
2874
2878
2879
2881
2884
2885
2886
2888
2889
2890
2892
2893
2895
2896
2897
2898
2899
2900
2902
2903
2904
2905
2906
2907
2910
2912
2914
2915
2919
2920
2921
2922
2924
2926
2928
2930
2931
2932
2933
2934
2935
2937
2939
2940
2941
2945
2950
2951
2952
2953
2954
2955
2958
2962
2965
2967
2970
2973
2975
2976
2977
2978
2980
2983
2987
2988
2989
2992
2994
2996
2998
2999
3002
3003
3006
3007
3008
3009
3010
3011
3013
3014
3015
3016
3017
3019
3020
3022
3023
3025
3027
3029
3031
3032
3033
3034
3037
3044
3046
3048
3049
3050
3051
3053
3056
3057
3058
3059
3060
3061
3064
3065
3067
3068
3069
3070
3071
3072
3073
3076
3078
3082
3083
3084
3085
3086
3087
3090
3091
3092
3094
3095
3096
3097
3098
3099
3100
3102
3103
3104
3105
3107
3110
3111
3113
3114
3115
3116
3117
3118
3121
3123
3124
3126
3127
3130
3131
3132
3133
3134
3135
3138
3141
3144
3145
3146
3148
3150
3152
3153
3156
3157
3158
3159
3160
3161
3162
3163
3164
3165
3166
3168
3169
3170
3171
3172
3173
3174
3175
3177
3183
3186
3187
3188
3189
3191
3193
3194
3197
3199
3201
3202
3203
3204
3205
3206
3207
3208
3209
3210
3211
3212
3213
3214
3216
3217
3219
3221
3223
3224
3227
3230
3232
3233
3234
3235
3237
3238
3239
3243
3244
3246
3248
3249
3250
3251
3253
3254
3256
3257
3258
3259
3261
3263
3264
3265
3266
3267
3268
3270
3271
3275
3278
3279
3281
3282
3283
3284
3285
3286
3287
3289
3290
3292
3293
3295
3298
3299
3301
3308
3309
3310
3311
3312
3313
3314
3315
3320
3322
3324
3325
3326
3328
3330
3331
3332
3333
3334
3335
3336
3337
3340
3341
3342
3343
3344
3345
3346
3347
3348
3349
3350
3351
3354
3356
3357
3360
3361
3363
3365
3368
3369
3370
3371
3372
3373
3375
3376
3377
3378
3379
3383
3385
3386
3387
3388
3389
3390
3393
3396
3398
3400
3401
3402
3403
3404
3405
3406
3407
3410
3412
3413
3414
3416
3417
3418
3419
3422
3423
3424
3425
3426
3430
3431
3432
3435
3436
3437
3438
3439
3441
3442
3443
3446
3447
3452
3453
3455
3456
3457
3459
3460
3461
3462
3463
3465
3466
3467
3469
3470
3471
3472
3473
3474
3475
3476
3477
3478
3479
3480
3482
3483
3484
3485
3486
3487
3489
3491
3492
3494
3495
3496
3497
3499
3503
3504
3506
3507
3508
3509
3510
3511
3513
3515
3516
3517
3518
3519
3520
3521
3523
3525
3526
3527
3529
3532
3533
3534
3538
3539
3540
3542
3543
3544
3545
3546
3547
3550
3551
3552
3553
3554
3556
3557
3559
3560
3561
3562
3563
3564
3565
3566
3567
3568
3569
3570
3571
3572
3573
3574
3575
3577
3578
3579
3580
3581
3582
3583
3585
3589
3590
3591
3593
3594
3595
3596
3597
3598
3600
3601
3602
3604
3605
3607
3608
3609
3610
3611
3612
3613
3614
3615
3616
3617
3621
3622
3623
3624
3625
3626
3627
3630
3632
3633
3638
3640
3642
3644
3646
3647
3648
3650
3651
3652
3655
3658
3660
3667
3668
3673
3674
3675
3676
3679
3681
3682
3683
3684
3686
3687
3689
3692
3693
3694
3696
3697
3698
3699
3700
3702
3703
3704
3705
3706
3707
3708
3709
3711
3713
3714
3715
3716
3718
3719
3721
3722
3724
3725
3727
3728
3729
3730
3731
3732
3733
3734
3735
3738
3739
3740
3742
3745
3747
3748
3749
3751
3752
3753
3755
3756
3757
3758
3759
3760
3761
3763
3764
3766
3767
3770
3774
3776
3777
3782
3785
3786
3791
3795
3796
3799
3800
3801
3802
3803
3806
3808
3809
3812
3813
3814
3815
3816
3817
3818
3819
3820
3821
3822
3824
3825
3826
3827
3829
3831
3834
3835
3836
3838
3840
3841
3842
3845
3846
3847
3848
3849
3851
3852
3855
3857
3858
3859
3860
3861
3862
3864
3865
3866
3867
3868
3869
3870
3871
3873
3880
3881
3884
3886
3887
3891
3892
3897
3898
3899
3900
3901
3902
3906
3911
3912
3913
3916
3917
3919
3922
3923
3924
3930
3932
3933
3935
3938
3940
3941
3943
3944
3945
3947
3948
3952
3958
3959
3960
3961
3962
3963
3965
3968
3969
3970
3971
3972
3975
3980
3981
3982
3984
3986
3988
3989
3993
3994
3996
3997
4001
4003
4004
4006
4008
4009
4012
4013
4016
4017
4020
4022
4023
4024
4027
4028
4030
4031
4032
4033
4035
4036
4039
4041
4044
4045
4046
4050
4052
4055
4056
4057
4059
4061
4062
4067
4070
4071
4072
4073
4074
4077
4080
4082
4084
4085
4086
4087
4089
4090
4096
4097
4098
4101
4103
4104
4107
4108
4109
4110
4111
4112
4113
4117
4118
4119
4120
4121
4122
4124
4125
4127
4129
4131
4134
4136
4137
4139
4141
4142
4143
4145
4147
4148
4149
4151
4152
4153
4154
4155
4156
4157
4159
4160
4163
4169
4172
4176
4179
4181
4183
4184
4185
4186
4188
4190
4191
4192
4193
4195
4197
4199
4200
4201
4205
4206
4211
4212
4215
4216
4217
4218
4219
4220
4221
4224
4225
4228
4229
4230
4235
4236
4237
4238
4242
4243
4248
4250
4252
4253
4255
4256
4258
4262
4264
4265
4266
4267
4268
4269
4273
4274
4276
4277
4278
4281
4283
4289
4290
4293
4294
4298
4300
4302
4304
4308
4309
4313
4316
4322
4323
4324
4325
4329
4330
4331
4334
4335
4336
4337
4338
4340
4347
4348
4353
4356
4358
4359
4362
4364
4365
4367
4368
4371
4374
4375
4378
4382
4383
4384
4387
4388
4389
4390
4391
4395
4396
4398
4399
4400
4401
4404
4405
4406
4408
4412
4414
4415
4418
4420
4423
4426
4427
4430
4434
4436
4438
4439
4441
4442
4443
4444
4445
4446
4447
4448
4453
4454
4455
4456
4458
4459
4466
4467
4469
4470
4471
4473
4474
4478
4479
4480
4484
4487
4490
4491
4492
4493
4494
4495
4496
4497
4502
4506
4510
4511
4514
4515
4519
4522
4525
4528
4531
4533
4536
4537
4539
4540
4542
4543
4544
4545
4546
4549
4551
4555
4558
4559
4560
4561
4563
4566
4568
4569
4571
4572
4574
4577
4579
4586
4587
4591
4593
4595
4596
4597
4598
4600
4603
4604
4605
4607
4608
4611
4614
4622
4623
4626
4628
4630
4631
4632
4633
4634
4635
4636
4642
4643
4644
4647
4648
4649
4650
4651
4652
4656
4658
4660
4662
4666
4668
4670
4674
4676
4678
4679
4680
4683
4685
4687
4688
4691
4692
4693
4699
4701
4702
4703
4705
4706
4707
4708
4709
4710
4711
4713
4715
4716
4717
4719
4722
4723
4725
4726
4727
4728
4729
4734
4735
4742
4743
4744
4749
4753
4754
4755
4756
4757
4758
4759
4761
4763
4764
4765
4766
4768
4774
4776
4779
4787
4788
4789
4790
4795
4798
4800
4802
4803
4805
4806
4807
4809
4810
4811
4812
4813
4815
4816
4817
4819
4821
4827
4830
4833
4835
4837
4839
4840
4841
4845
4846
4850
4851
4853
4860
4863
4864
4865
4869
4872
4873
4875
4876
4878
4880
4881
4882
4883
4884
4886
4887
4889
4894
4898
4900
4907
4909
4910
4912
4913
4914
4915
4917
4918
4919
4920
4924
4927
4930
4931
4936
4938
4939
4940
4941
4942
4943
4944
4954
4955
4957
4961
4962
4963
4967
4969
4970
4972
4973
4974
4976
4977
4981
4982
4983
4984
4986
4988
4990
4993
4994
4996
4997
4998
5001
5002
5006
5011
5013
5014
5019
5021
5029
5030
5032
5035
5036
5040
5041
5042
5045
5047
5048
5051
5052
5054
5056
5061
5063
5064
5069
5072
5074
5075
5076
5081
5082
5084
5087
5093
5097
5099
5101
5102
5105
5109
5110
5111
5112
5114
5115
5116
5119
5120
5121
5124
5125
5126
5127
5135
5145
5146
5147
5148
5151
5152
5153
5154
5156
5160
5164
5166
5167
5172
5173
5174
5176
5177
5179
5183
5184
5186
5189
5190
5191
5192
5193
5195
5196
5197
5198
5199
5204
5205
5211
5217
5221
5222
5227
5228
5233
5234
5235
5236
5243
5244
5247
5248
5251
5252
5254
5255
5257
5258
5259
5263
5265
5266
5268
5269
5270
5271
5272
5273
5274
5275
5279
5280
5282
5285
5289
5291
5300
5303
5306
5309
5312
5316
5317
5318
5321
5326
5327
5328
5329
5330
5331
5332
5335
5341
5351
5352
5356
5358
5359
5360
5361
5362
5365
5367
5369
5370
5371
5373
5374
5375
5378
5382
5387
5388
5390
5392
5395
5399
5403
5405
5408
5419
5421
5425
5428
5430
5431
5432
5435
5436
5437
5438
5440
5441
5447
5448
5449
5450
5452
5453
5454
5456
5458
5459
5460
5461
5464
5465
5468
5470
5471
5472
5473
5475
5476
5477
5478
5479
5481
5486
5489
5491
5493
5496
5497
5498
5499
5500
5504
5507
5510
5511
5512
5513
5514
5515
5516
5517
5520
5521
5522
5526
5529
5531
5533
5535
5536
5544
5546
5547
5549
5550
5551
5552
5553
5554
5556
5559
5560
5562
5564
5565
5566
5570
5571
5572
5573
5574
5575
5580
5581
5582
5583
5585
5586
5587
5590
5592
5593
5596
5597
5598
5601
5605
5606
5608
5611
5612
5614
5615
5617
5619
5621
5622
5624
5625
5627
5630
5631
5636
5638
5639
5641
5645
5646
5647
5648
5649
5651
5652
5654
5656
5660
5661
5662
5663
5664
5668
5671
5673
5674
5675
5679
5681
5685
5686
5688
5692
5697
5698
5699
5705
5706
5708
5709
5710
5711
5712
5713
5714
5715
5719
5720
5722
5726
5729
5730
5734
5735
5736
5737
5738
5742
5743
5747
5750
5752
5755
5759
5760
5763
5764
5768
5773
5778
5779
5780
5781
5784
5789
5792
5793
5794
5796
5797
5798
5800
5804
5805
5806
5810
5811
5815
5816
5817
5818
5825
5829
5830
5831
5833
5834
5836
5837
5840
5841
5844
5847
5848
5850
5851
5852
5853
5855
5856
5857
5858
5859
5860
5867
5868
5869
5875
5876
5880
5881
5883
5884
5887
5888
5890
5891
5894
5897
5898
5901
5902
5903
5905
5906
5911
5912
5914
5918
5920
5922
5923
5927
5929
5931
5932
5933
5936
5942
5945
5946
5947
5948
5949
5952
5953
5955
5956
5957
5959
5960
5961
5966
5967
5969
5971
5977
5981
5985
5987
5990
5992
5993
5995
5996
5997
5999
6000
6001
6002
6005
6011
6013
6015
6022
6023
6027
6028
6031
6032
6033
6036
6037
6039
6042
6045
6046
6048
6050
6052
6053
6056
6057
6060
6061
6062
6063
6064
6066
6067
6070
6071
6072
6073
6076
6077
6080
6081
6085
6087
6088
6089
6091
6092
6093
6094
6096
6098
6099
6100
6103
6104
6106
6107
6109
6110
6111
6112
6113
6121
6124
6125
6128
6135
6137
6138
6139
6140
6142
6143
6144
6145
6146
6150
6154
6157
6161
6162
6164
6166
6172
6173
6175
6179
6181
6182
6183
6184
6186
6193
6196
6199
6200
6202
6204
6205
6206
6212
6213
6214
6215
6216
6218
6219
6221
6222
6223
6225
6227
6230
6235
6239
6241
6246
6249
6250
6251
6252
6253
6254
6255
6259
6261
6267
6271
6272
6273
6274
6275
6276
6277
6279
6282
6283
6286
6290
6291
6293
6297
6303
6304
6306
6309
6312
6314
6317
6321
6322
6323
6324
6326
6328
6331
6334
6340
6341
6342
6343
6344
6348
6349
6350
6351
6353
6357
6358
6359
6361
6363
6365
6369
6371
6372
6373
6374
6377
6379
6382
6383
6384
6386
6389
6391
6392
6393
6396
6397
6398
6399
6401
6403
6409
6413
6414
6415
6416
6418
6419
6420
6421
6422
6424
6425
6427
6430
6431
6432
6433
6436
6440
6444
6447
6450
6451
6452
6453
6455
6457
6458
6460
6461
6462
6463
6465
6467
6468
6474
6480
6481
6485
6487
6488
6491
6492
6493
6495
6496
6506
6507
6508
6509
6510
6514
6518
6520
6529
6530
6531
6532
6533
6535
6536
6537
6538
6540
6543
6545
6548
6549
6550
6555
6556
6561
6562
6564
6571
6576
6577
6580
6583
6584
6585
6586
6588
6589
6593
6594
6596
6597
6599
6600
6601
6602
6608
6612
6613
6615
6616
6619
6621
6622
6625
6626
6627
6628
6632
6634
6636
6637
6640
6642
6644
6646
6648
6649
6651
6653
6654
6660
6662
6665
6667
6668
6670
6671
6673
6674
6675
6679
6680
6681
6683
6684
6685
6687
6689
6690
6694
6696
6698
6700
6701
6702
6703
6704
6705
6706
6708
6712
6713
6718
6719
6721
6722
6723
6724
6725
6729
6736
6738
6741
6747
6749
6751
6757
6761
6762
6764
6767
6769
6772
6773
6774
6779
6781
6784
6786
6787
6788
6790
6791
6792
6796
6798
6799
6800
6801
6802
6807
6809
6810
6811
6812
6813
6814
6817
6818
6821
6822
6823
6825
6826
6827
6829
6833
6834
6836
6842
6844
6850
6851
6855
6859
6863
6865
6866
6869
6870
6878
6879
6881
6883
6884
6885
6887
6892
6894
6900
6902
6903
6904
6907
6910
6911
6913
6914
6915
6917
6922
6926
6927
6931
6933
6935
6943
6954
6955
6959
6960
6963
6964
6965
6966
6967
6969
6970
6972
6973
6977
6979
6981
6987
6989
6990
6992
6993
6994
6995
6998
6999
7004
7005
7006
7014
7016
7018
7020
7027
7030
7034
7037
7038
7040
7041
7043
7047
7049
7050
7052
7055
7058
7060
7061
7063
7064
7065
7067
7069
7073
7079
7081
7082
7083
7084
7086
7087
7089
7093
7094
7095
7097
7098
7099
7100
7104
7108
7112
7122
7123
7126
7127
7131
7132
7134
7135
7136
7137
7140
7143
7144
7148
7149
7152
7154
7155
7167
7174
7175
7176
7177
7178
7179
7180
7182
7184
7186
7188
7191
7193
7194
7198
7203
7205
7207
7208
7209
7211
7213
7217
7220
7221
7222
7223
7224
7225
7226
7230
7231
7232
7233
7234
7235
7236
7238
7239
7240
7241
7242
7243
7244
7245
7246
7247
7250
7253
7254
7256
7257
7259
7261
7266
7268
7273
7274
7279
7280
7284
7285
7286
7289
7290
7292
7293
7294
7296
7298
7301
7302
7303
7314
7319
7320
7321
7323
7325
7326
7328
7333
7338
7340
7341
7342
7344
7345
7349
7351
7352
7353
7357
7358
7359
7360
7362
7365
7366
7370
7376
7377
7378
7379
7382
7385
7386
7394
7395
7397
7398
7403
7404
7405
7406
7407
7409
7411
7413
7416
7419
7420
7422
7425
7426
7428
7429
7430
7433
7437
7439
7441
7442
7446
7449
7450
7451
7453
7454
7455
7457
7458
7461
7462
7463
7468
7469
7472
7473
7476
7477
7478
7479
7480
7481
7482
7483
7486
7487
7490
7492
7494
7495
7496
7499
7501
7503
7507
7508
7512
7513
7517
7520
7523
7524
7527
7529
7532
7533
7534
7538
7539
7542
7544
7545
7547
7551
7552
7553
7555
7557
7558
7559
7562
7565
7569
7571
7572
7573
7574
7575
7576
7578
7584
7585
7586
7588
7589
7592
7594
7596
7601
7602
7604
7605
7608
7611
7614
7617
7618
7619
7620
7621
7622
7624
7627
7629
7630
7631
7633
7635
7636
7637
7638
7641
7645
7646
7650
7652
7654
7655
7657
7658
7662
7664
7665
7666
7670
7673
7678
7680
7682
7683
7684
7686
7687
7691
7692
7695
7700
7702
7704
7706
7707
7708
7713
7716
7719
7722
7723
7724
7725
7726
7730
7734
7736
7737
7739
7741
7746
7749
7751
7754
7755
7759
7760
7761
7765
7766
7770
7772
7774
7775
7779
7780
7782
7783
7784
7785
7787
7791
7793
7795
7797
7799
7803
7804
7806
7807
7809
7810
7812
7816
7817
7818
7819
7821
7822
7824
7825
7826
7828
7830
7834
7835
7837
7841
7842
7844
7846
7847
7848
7851
7852
7856
7857
7858
7862
7863
7865
7867
7868
7869
7870
7873
7874
7877
7878
7880
7881
7883
7885
7886
7889
7891
7894
7897
7898
7899
7901
7902
7903
7905
7906
7907
7908
7910
7911
7912
7913
7914
7915
7916
7917
7918
7919
7920
7923
7924
7925
7926
7927
7928
7930
7934
7937
7939
7940
7944
7947
7949
7950
7954
7955
7956
7957
7958
7959
7960
7961
7964
7968
7969
7970
7973
7976
7980
7981
7982
7983
7984
7985
7987
7991
7993
7994
7999
8002
8005
8006
8007
8008
8011
8014
8015
8017
8022
8025
8030
8036
8039
8041
8043
8047
8049
8050
8051
8054
8055
8056
8057
8058
8059
8061
8062
8063
8064
8065
8066
8067
8071
8073
8074
8077
8078
8079
8080
8081
8086
8087
8088
8089
8091
8092
8093
8094
8099
8100
8102
8105
8115
8117
8118
8119
8120
8122
8129
8131
8135
8136
8143
8145
8146
8149
8150
8153
8156
8157
8158
8159
8160
8161
8166
8169
8170
8174
8177
8181
8183
8189
8192
8194
8195
8199
8200
8205
8208
8209
8211
8212
8215
8218
8222
8223
8227
8228
8229
8230
8232
8234
8235
8236
8243
8245
8248
8249
8250
8251
8252
8253
8257
8261
8265
8268
8270
8271
8276
8277
8278
8280
8281
8282
8285
8287
8291
8292
8297
8307
8312
8314
8315
8317
8321
8322
8324
8327
8330
8331
8335
8336
8337
8338
8341
8342
8343
8345
8346
8347
8348
8349
8350
8352
8354
8357
8358
8359
8364
8366
8368
8369
8370
8371
8372
8373
8376
8378
8379
8381
8382
8386
8394
8395
8396
8400
8401
8403
8404
8405
8409
8410
8411
8412
8417
8418
8421
8423
8424
8425
8426
8434
8435
8437
8440
8441
8444
8448
8449
8450
8455
8458
8460
8461
8462
8463
8466
8468
8470
8471
8472
8475
8477
8478
8480
8481
8486
8487
8488
8493
8496
8497
8499
8500
8501
8502
8506
8508
8513
8514
8517
8518
8520
8529
8533
8536
8537
8542
8547
8561
8564
8567
8568
8572
8576
8577
8578
8579
8580
8583
8584
8586
8587
8590
8593
8594
8599
8601
8603
8605
8606
8608
8609
8610
8611
8612
8617
8622
8629
8633
8635
8641
8642
8646
8648
8652
8655
8657
8659
8660
8667
8680
8682
8684
8687
8694
8699
8702
8705
8711
8719
8720
8732
8733
8735
8736
8737
8741
8742
8745
8746
8750
8753
8756
8758
8760
8764
8769
8771
8772
8773
8775
8780
8785
8786
8787
8789
8791
8792
8796
8798
8799
8801
8802
8803
8804
8805
8808
8809
8810
8811
8816
8818
8820
8821
8822
8823
8824
8825
8826
8827
8828
8830
8831
8834
8835
8836
8837
8840
8842
8847
8849
8850
8852
8856
8860
8862
8863
8864
8865
8866
8867
8868
8869
8870
8871
8873
8874
8875
8876
8878
8882
8889
8896
8899
8904
8912
8914
8917
8920
8921
8927
8928
8929
8932
8933
8934
8951
8952
8953
8955
8960
8961
8964
8965
8970
8973
8974
8977
8979
8980
8981
8986
8988
8989
8992
8995
8998
8999
9002
9005
9006
9007
9008
9010
9011
9013
9014
9016
9017
9021
9024
9026
9027
9037
9040
9044
9046
9048
9052
9054
9056
9057
9058
9060
9061
9062
9064
9066
9071
9072
9073
9076
9078
9079
9081
9083
9085
9086
9088
9089
9090
9091
9092
9093
9094
9095
9096
9097
9102
9105
9106
9107
9109
9110
9111
9113
9114
9117
9118
9123
9124
9131
9135
9140
9142
9149
9150
9152
9155
9157
9164
9165
9167
9170
9172
9174
9175
9176
9177
9178
9179
9180
9181
9182
9184
9185
9188
9190
9194
9195
9198
9199
9204
9205
9206
9207
9208
9210
9211
9213
9215
9217
9218
9219
9220
9223
9227
9229
9230
9231
9233
9235
9236
9238
9239
9242
9244
9248
9249
9250
9251
9252
9254
9255
9257
9258
9261
9263
9265
9266
9268
9269
9270
9271
9272
9274
9275
9276
9277
9278
9279
9280
9281
9282
9283
9284
9286
9287
9289
9290
9291
9295
9298
9303
9304
9307
9308
9311
9315
9317
9322
9325
9326
9328
9334
9335
9337
9338
9348
9349
9351
9352
9358
9359
9361
9365
9366
9373
9374
9377
9378
9381
9383
9384
9385
9386
9387
9388
9391
9396
9399
9401
9402
9412
9413
9417
9418
9426
9435
9441
9442
9444
9445
9446
9447
9448
9450
9452
9453
9454
9455
9459
9461
9466
9468
9469
9474
9476
9477
9481
9483
9484
9485
9488
9489
9491
9494
9496
9497
9498
9499
9501
9503
9507
9511
9512
9513
9514
9519
9521
9522
9524
9525
9527
9528
9529
9530
9534
9535
9542
9543
9545
9548
9549
9550
9553
9554
9555
9556
9558
9561
9562
9564
9565
9567
9569
9571
9572
9574
9576
9579
9586
9589
9590
9593
9594
9595
9598
9600
9601
9603
9606
9607
9609
9610
9612
9615
9617
9619
9621
9627
9628
9629
9631
9632
9634
9637
9642
9649
9652
9663
9666
9667
9669
9670
9671
9672
9674
9675
9677
9681
9682
9685
9687
9688
9690
9693
9694
9695
9699
9702
9703
9706
9707
9714
9717
9719
9720
9721
9722
9724
9728
9732
9733
9738
9740
9745
9747
9750
9751
9752
9753
9759
9764
9766
9767
9768
9769
9777
9778
9780
9788
9790
9798
9800
9801
9802
9807
9808
9810
9811
9812
9813
9815
9816
9817
9819
9820
9821
9822
9824
9827
9829
9833
9834
9835
9839
9845
9846
9847
9849
9850
9857
9860
9863
9868
9870
9873
9876
9878
9881
9883
9884
9885
9886
9894
9896
9898
9899
9902
9904
9907
9909
9911
9916
9920
9921
9935
9940
9941
9942
9944
9949
9951
9954
9960
9964
9975
9976
9980
9981
9987
9995
9999
10001
10007
10009
10013
10017
10018
10023
10029
10032
10033
10034
10039
10040
10044
10050
10051
10054
10056
10061
10063
10064
10065
10066
10067
10070
10074
10075
10077
10080
10088
10091
10094
10099
10100
10102
10106
10111
10112
10114
10115
10116
10120
10121
10125
10126
10132
10143
10144
10147
10151
10152
10154
10155
10156
10159
10161
10170
10172
10179
10180
10181
10183
10185
10186
10187
10189
10190
10194
10199
10201
10205
10208
10212
10214
10218
10222
10225
10227
10228
10232
10235
10237
10241
10243
10245
10255
10256
10257
10258
10264
10268
10275
10277
10290
10293
10295
10296
10298
10303
10307
10308
10309
10311
10316
10317
10323
10332
10333
10334
10342
10344
10345
10348
10349
10353
10355
10357
10359
10365
10373
10374
10375
10380
10381
10384
10387
10388
10390
10392
10394
10395
10399
10404
10409
10411
10413
10418
10426
10428
10434
10439
10443
10445
10447
10450
10466
10467
10468
10479
10480
10482
10483
10485
10486
10492
10494
10495
10499
10500
10501
10509
10510
10511
10514
10517
10519
10521
10523
10529
10538
10543
10548
10549
10553
10554
10555
10556
10558
10560
10562
10571
10576
10580
10583
10585
10587
10591
10595
10599
10604
10605
10607
10609
10610
10611
10613
10614
10622
10625
10628
10630
10635
10636
10639
10640
10644
10647
10648
10652
10657
10670
10672
10674
10677
10682
10685
10691
10692
10695
10696
10699
10700
10702
10703
10708
10710
10715
10716
10720
10722
10728
10731
10734
10738
10743
10749
10751
10757
10759
10761
10763
10771
10774
10775
10776
10777
10779
10780
10782
10785
10786
10788
10789
10790
10791
10792
10795
10799
10801
10804
10806
10808
10814
10815
10821
10824
10825
10829
10833
10838
10839
10846
10847
10849
10853
10856
10857
10860
10866
10870
10872
10881
10889
10892
10896
10900
10901
10912
10914
10916
10920
10927
10931
10938
10939
10941
10942
10944
10947
10948
10950
10951
10955
10958
10961
10962
10963
10964
10971
10972
10973
10976
10979
10982
10983
10985
10988
10992
10993
10994
10998
10999
11005
11008
11014
11016
11021
11031
11034
11036
11040
11042
11044
11045
11046
11049
11051
11053
11058
11064
11065
11068
11073
11081
11082
11089
11090
11096
11105
11118
11120
11123
11126
11127
11131
11132
11144
11145
11150
11151
11153
11154
11157
11160
11170
11172
11181
11182
11183
11186
11194
11195
11197
11212
11215
11218
11227
11234
11238
11242
11244
11249
11251
11270
11275
11277
11281
11285
11286
11287
11295
11299
11307
11314
11316
11319
11320
11321
11323
11326
11331
11339
11342
11343
11352
11353
11354
11356
11359
11360
11371
11375
11379
11383
11386
11387
11390
11401
11402
11403
11404
11405
11406
11411
11413
11414
11417
11418
11420
11422
11426
11430
11439
11448
11450
11454
11457
11460
11464
11476
11477
11480
11484
11485
11493
11496
11497
11502
11503
11506
11507
11512
11515
11516
11524
11525
11527
11533
11535
11540
11541
11542
11543
11545
11546
11554
11557
11561
11562
11564
11565
11574
11578
11580
11582
11583
11587
11589
11590
11593
11596
11605
11609
11610
11618
11619
11621
11630
11633
11639
11641
11643
11644
11646
11661
11675
11678
11679
11682
11684
11685
11694
11695
11701
11702
11707
11708
11714
11715
11716
11723
11724
11726
11731
11732
11734
11742
11747
11750
11766
11769
11781
11782
11794
11797
11807
11808
11810
11813
11817
11824
11825
11837
11842
11851
11860
11866
11875
11885
11886
11887
11890
11911
11914
11918
11928
11940
11941
11943
11948
11955
11963
11982
11983
11994
11995
12003
12007
12011
12014
12033
12037
12043
12055
12060
12062
12066
12067
12070
12080
12081
12083
12085
12087
12100
12111
12112
12116
12117
12123
12126
12128
12130
12134
12135
12136
12137
12139
12140
12141
12144
12145
12146
12149
12150
12152
12154
12155
12157
12160
12164
12169
12175
12177
12178
12180
12181
12189
12190
12194
12195
12196
12199
12201
12203
12204
12208
12218
12225
12227
12231
12234
12239
12241
12242
12244
12246
12247
12251
12252
12253
12262
12263
12264
12271
12273
12288
12289
12293
12296
12302
12314
12316
12321
12322
12323
12325
12327
12345
12346
12349
12351
12353
12354
12355
12356
12358
12366
12367
12385
12387
12392
12399
12405
12406
12419
12424
12431
12434
12438
12439
12444
12446
12449
12452
12459
12467
12470
12478
12499
12500
12503
12505
12509
12511
12517
12520
12522
12525
12526
12531
12532
12533
12534
12539
12542
12548
12550
12554
12555
12557
12561
12567
12568
12582
12585
12587
12593
12599
12606
12624
12626
12634
12638
12650
12653
12657
12658
12659
12669
12670
12672
12676
12677
12679
12680
12682
12692
12693
12694
12705
12706
12707
12716
12720
12738
12740
12741
12745
12749
12751
12752
12798
12800
12811
12825
12826
12828
12832
12833
12843
12855
12858
12864
12869
12873
12876
12879
12881
12884
12891
12894
12897
12898
12904
12906
12907
12908
12910
12912
12914
12915
12917
12921
12923
12926
12927
12934
12946
12948
12950
12952
12954
12955
12958
12962
12963
12965
12968
12969
12972
12976
12977
12983
12987
12989
12998
13013
13019
13028
13034
13039
13044
13048
13061
13062
13066
13068
13070
13071
13074
13084
13085
13092
13097
13102
13103
13104
13105
13113
13114
13119
13133
13134
13137
13138
13143
13150
13163
13166
13190
13198
13202
13203
13217
13220
13224
13227
13230
13231
13233
13240
13241
13246
13248
13252
13253
13254
13255
13258
13265
13267
13271
13273
13274
13279
13281
13291
13296
13302
13306
13309
13310
13311
13312
13317
13319
13326
13327
13328
13329
13332
13334
13339
13340
13345
13353
13354
13360
13381
13384
13388
13389
13396
13400
13402
13409
13415
13418
13419
13421
13427
13431
13432
13434
13438
13440
13455
13468
13483
13486
13488
13491
13492
13496
13500
13514
13517
13518
13520
13525
13527
13528
13529
13530
13533
13535
13538
13545
13548
13556
13559
13562
13564
13567
13569
13571
13572
13579
13581
13584
13585
13586
13587
13591
13599
13600
13602
13609
13612
13615
13616
13617
13623
13629
13630
13644
13647
13648
13649
13651
13654
13655
13656
13661
13663
13668
13673
13674
13681
13684
13685
13687
13688
13689
13690
13691
13695
13706
13708
13713
13714
13718
13724
13732
13735
13741
13745
13746
13748
13755
13757
13758
13760
13765
13767
13776
13792
13796
13803
13805
13807
13810
13812
13813
13815
13837
13841
13847
13848
13850
13851
13854
13857
13868
13876
13878
13893
13896
13899
13920
13927
13932
13938
13940
13942
13943
13977
13978
13980
13989
13997
14000
14014
14015
14023
14024
14029
14030
14032
14034
14038
14039
14052
14070
14094
14098
14099
14100
14104
14105
14112
14113
14117
14121
14124
14133
14136
14138
14143
14145
14151
14153
14156
14157
14160
14168
14173
14174
14191
14192
14199
14200
14207
14213
14219
14239
14243
14244
14246
14264
14280
14289
14294
14312
14319
14334
14335
14337
14340
14349
14360
14363
14367
14370
14379
14383
14386
14392
14400
14404
14405
14419
14427
14447
14451
14452
14454
14467
14468
14500
14504
14506
14528
14529
14530
14534
14536
14538
14540
14541
14547
14552
14554
14557
14561
14564
14585
14590
14594
14600
14602
14603
14613
14617
14619
14621
14626
14638
14642
14645
14646
14648
14651
14652
14654
14657
14659
14663
14664
14665
14669
14671
14675
14677
14679
14686
14697
14700
14701
14703
14708
14713
14714
14720
14726
14731
14732
14733
14734
14736
14742
14745
14746
14747
14753
14754
14766
14772
14776
14779
14792
14793
14796
14798
14799
14808
14812
14816
14819
14826
14827
14832
14834
14838
14841
14843
14848
14852
14863
14864
14866
14867
14868
14874
14877
14878
14880
14884
14887
14890
14901
14903
14904
14907
14913
14916
14918
14922
14923
14925
14927
14929
14945
14947
14952
14953
14966
14971
14979
14980
14982
14988
14991
14993
15000
15001
15003
15009
15016
15024
15029
15030
15033
15035
15039
15040
15045
15051
15054
15056
15058
15065
15067
15072
15076
15082
15086
15087
15089
15095
15097
15100
15108
15111
15117
15121
15124
15134
15135
15136
15142
15148
15153
15154
15155
15156
15162
15163
15167
15172
15179
15180
15187
15191
15203
15210
15214
15216
15220
15226
15227
15229
15238
15241
15243
15244
15246
15272
15273
15278
15298
15303
15307
15309
15319
15337
15338
15340
15346
15347
15350
15351
15353
15365
15367
15371
15373
15379
15385
15388
15390
15395
15403
15406
15414
15417
15420
15421
15422
15423
15428
15436
15444
15445
15451
15453
15460
15462
15463
15465
15478
15479
15484
15488
15500
15503
15517
15518
15525
15526
15542
15552
15556
15557
15570
15577
15579
15595
15596
15597
15626
15627
15634
15645
15648
15650
15651
15661
15668
15676
15677
15689
15691
15709
15714
15717
15737
15739
15740
15741
15742
15746
15752
15767
15789
15825
15847
15848
15849
15864
15865
15881
15885
15893
15894
15906
15911
15917
15928
15932
15945
15947
15968
15973
15981
15986
15993
16004
16011
16019
16030
16035
16060
16063
16082
16083
16089
16094
16099
16100
16101
16112
16116
16117
16118
16143
16145
16153
16154
16157
16158
16159
16162
16193
16195
16199
16206
16227
16228
16241
16252
16269
16277
16281
16302
16312
16318
16320
16332
16343
16350
16356
16357
16358
16360
16362
16363
16373
16377
16384
16386
16393
16403
16407
16409
16421
16427
16429
16431
16436
16437
16451
16452
16455
16456
16466
16481
16487
16490
16494
16496
16498
16499
16504
16510
16520
16524
16525
16530
16543
16546
16554
16556
16571
16577
16583
16585
16590
16591
16596
16600
16605
16609
16615
16638
16647
16655
16666
16679
16705
16739
16753
16755
16758
16763
16765
16771
16775
16784
16791
16792
16796
16797
16814
16818
16830
16832
16840
16842
16845
16847
16848
16850
16851
16857
16859
16863
16865
16868
16870
16874
16875
16881
16893
16896
16902
16908
16916
16918
16922
16927
16936
16943
16945
16948
16949
16950
16962
16972
16976
16988
16990
16991
17010
17025
17026
17034
17062
17077
17082
17122
17126
17133
17144
17152
17153
17155
17159
17169
17178
17248
17253
17255
17257
17258
17259
17261
17262
17263
17265
17266
17267
17268
17272
17275
17278
17280
17281
17290
17291
17292
17295
17298
17302
17304
17305
17308
17328
17336
17356
17362
17384
17406
17425
17430
17438
17440
17450
17454
17471
17472
17479
17480
17487
17490
17493
17495
17504
17505
17510
17515
17541
17546
17558
17565
17566
17570
17575
17576
17588
17593
17609
17616
17629
17632
17640
17652
17661
17697
17747
17748
17749
17751
17769
17792
17798
17812
17813
17820
17821
17822
17824
17851
17853
17858
17867
17870
17878
17887
17890
17897
17916
17929
17934
17945
17951
17959
17970
17972
17988
18008
18010
18011
18013
18017
18019
18052
18053
18056
18061
18062
18063
18066
18068
18071
18079
18087
18090
18093
18099
18100
18101
18102
18103
18105
18106
18107
18108
18109
18110
18111
18112
18113
18114
18115
18116
18117
18118
18119
18120
18121
18122
18123
18124
18125
18126
18127
18128
18129
18130
18131
18134
18135
18137
18138
18139
18140
18142
18143
18144
18145
18146
18147
18152
18153
18156
18161
18168
18169
18170
18173
18175
18176
18178
18179
18180
18181
18182
18183
18184
18186
18187
18192
18196
18201
18203
18204
18205
18206
18207
18208
18210
18211
18212
18214
18215
18216
18218
18219
18222
18223
18224
18225
18227
18229
18230
18238
18239
18240
18241
18243
18247
18250
18257
18259
18260
18261
18262
18263
18266
18270
18277
18279
18283
18290
18294
18295
18298
18307
18316
18319
18321
18323
18328
18333
18334
18336
18339
18345
18349
18350
18351
18354
18362
18381
18391
18402
18413
18423
18433
18437
18442
18444
18448
18482
18484
18490
18493
18497
18514
18521
18525
18541
18542
18547
18556
18563
18566
18579
18588
18601
18608
18611
18614
18619
18625
18633
18648
18678
18704
18708
18714
18719
18721
18728
18735
18747
18761
18765
18770
18779
18799
18804
18805
18841
18847
18849
18855
18872
18873
18895
18909
18911
18933
18943
18949
18969
18983
18985
18988
18990
18991
18996
19006
19012
19020
19033
19096
19100
19110
19112
19116
19147
19198
19225
19226
19229
19245
19249
19255
19298
19317
19452
19485
19503
19534
19552
19594
19601
19638
19716
19747
19754
19778
19851
19915
