10
12
17
31
48
54
68
80
83
86
87
93
101
107
119
126
134
142
150
162
169
179
181
189
243
247
248
262
278
293
297
298
324
360
365
370
374
386
388
423
426
428
430
432
445
454
494
505
510
522
534
536
539
555
567
569
587
608
640
659
681
682
692
698
700
754
757
759
760
777
781
787
792
795
800
803
809
814
815
826
827
830
850
865
885
891
921
942
963
966
973
974
976
996
1008
1012
1022
1025
1033
1037
1040
1056
1066
1074
1082
1129
1142
1145
1165
1209
1220
1244
1304
1312
1323
1331
1348
1350
1372
1379
1392
1407
1419
1447
1451
1465
1466
1541
1573
1619
1625
1683
1687
1722
1736
1747
1766
1773
1794
1852
1857
1916
1918
1941
1947
1964
1980
1985
2029
2041
2047
2048
2073
2089
2099
2103
2130
2133
2183
2194
2214
2223
2239
2286
2301
2341
2348
2385
2402
2424
2463
2464
2498
2499
2509
2521
2544
2545
2549
2559
2564
2574
2582
2588
2590
2613
2616
2622
2628
2650
2662
2666
2669
2681
2684
2702
2714
2715
2717
2719
2727
2733
2747
2790
2792
2807
2846
2850
2852
2893
2902
2912
2922
2954
2976
3008
3033
3047
3049
3060
3091
3092
3094
3112
3116
3120
3160
3169
3183
3200
3208
3211
3217
3223
3227
3232
3233
3250
3254
3309
3322
3340
3350
3369
3403
3404
3413
3416
3435
3437
3450
3459
3461
3465
3477
3478
3479
3484
3510
3521
3529
3552
3554
3568
3594
3596
3604
3608
3650
3676
3689
3692
3701
3707
3722
3731
3737
3752
3766
3776
3796
3801
3813
3815
3824
3860
3863
3870
3874
3900
3919
3946
3958
3971
3999
4012
4018
4024
4033
4039
4069
4070
4077
4082
4088
4119
4120
4155
4157
4179
4200
4201
4220
4242
4250
4280
4303
4348
4358
4389
4405
4441
4487
4500
4501
4502
4510
4551
4600
4632
4635
4647
4654
4702
4715
4719
4734
4800
4828
4833
4840
4898
4902
4918
4920
4943
4996
5042
5045
5051
5064
5095
5096
5105
5110
5121
5135
5148
5153
5167
5247
5248
5254
5303
5310
5326
5330
5361
5369
5382
5458
5478
5480
5484
5491
5513
5515
5529
5549
5563
5567
5570
5581
5590
5595
5624
5652
5653
5697
5767
5778
5789
5840
5897
5901
5908
5917
5966
5987
6015
6037
6039
6041
6061
6093
6104
6156
6180
6202
6229
6267
6282
6321
6325
6329
6351
6353
6372
6386
6389
6391
6414
6416
6420
6435
6436
6439
6472
6482
6489
6491
6511
6560
6561
6580
6593
6610
6628
6654
6675
6687
6694
6713
6769
6772
6779
6801
6807
6836
6844
6859
6883
6890
6893
6894
6926
6967
6970
6973
6989
6995
7099
7104
7135
7140
7141
7142
7154
7178
7199
7203
7208
7221
7224
7244
7252
7276
7298
7340
7349
7385
7472
7478
7532
7542
7563
7580
7588
7626
7680
7682
7694
7708
7724
7746
7761
7793
7800
7804
7826
7834
7847
7852
7895
7897
7905
7912
7924
7926
7940
7958
7971
8041
8043
8049
8059
8071
8084
8105
8133
8161
8170
8194
8236
8249
8253
8279
8282
8315
8322
8335
8336
8338
8347
8370
8371
8373
8388
8396
8434
8487
8532
8576
8605
8612
8616
8652
8682
8684
8733
8797
8798
8808
8813
8828
8833
8856
8857
8862
8917
8977
8999
9028
9031
9058
9066
9089
9091
9110
9181
9222
9232
9236
9239
9373
9383
9422
9423
9445
9530
9535
9556
9567
9568
9579
9595
9598
9694
9717
9766
9797
9813
9847
9920
9922
10034
10035
10154
10163
10265
10343
10447
10485
10543
10562
10585
10622
10668
10702
10703
10761
10769
10790
10917
10936
11003
11014
11041
11086
11118
11181
11250
11299
11344
11351
11387
11405
11511
11512
11545
11558
11564
11574
11577
11744
11783
11826
11876
11961
11980
12010
12018
12060
12134
12140
12180
12181
12202
12224
12318
12366
12548
12621
12657
12659
12674
12682
12707
12775
12917
13103
13227
13265
13267
13290
13295
13335
13339
13488
13491
13506
13602
13663
13671
13713
13754
13783
13877
14096
14174
14413
14541
14553
14615
14669
14720
14749
14769
14793
14806
14884
14952
14989
15051
15082
15121
15222
15310
15319
15393
15421
15742
15870
15872
15877
16019
16099
16153
16196
16262
16340
16377
16405
16494
16520
16521
16949
17275
17286
17299
17412
17430
17464
17931
18020
18068
18078
18108
18126
18128
18149
18151
18185
18204
18275
18368
18381
18517
18703
18912
19136
