58
88
199
347
393
508
623
690
721
736
739
773
782
883
900
1077
1165
1190
1475
1576
1654
1692
1712
1792
1947
1957
2029
2308
2477
2493
2622
2624
2669
2733
2910
3033
3095
3116
3188
3228
3234
3270
3317
3361
3435
3466
3544
3608
3619
3630
3651
3839
3869
3898
3936
4118
4131
4185
4372
4439
4566
4677
4887
5382
5486
5796
5826
6007
6204
6218
7112
7179
7207
7386
7394
7466
7595
7641
7707
7750
7773
7971
8147
8185
8753
8787
8917
9277
9571
9742
10003
10154
10317
10354
10428
10765
10771
10824
11062
11382
12708
12773
12954
13281
14405
14776
14858
15000
15157
15408
16628
17609
17934
18114
18178
18433
18772
18920
18991
