3
5
8
9
15
16
17
18
22
23
24
28
29
31
32
36
37
39
40
41
42
43
48
50
53
54
55
57
58
60
62
67
68
69
70
71
74
75
77
82
85
87
88
90
91
92
93
94
97
98
99
101
103
107
108
110
112
113
114
115
116
118
119
120
123
124
125
126
127
128
130
132
134
136
138
140
142
146
150
152
154
155
156
164
167
168
170
172
178
179
180
181
182
183
185
189
190
191
193
194
197
199
200
202
204
206
207
209
212
214
215
217
218
219
222
224
226
229
230
234
236
237
239
241
247
248
253
254
255
256
257
258
261
264
267
270
271
272
273
275
279
280
282
283
287
288
290
291
293
295
296
297
298
299
300
302
303
304
308
310
312
313
319
320
321
322
323
328
334
336
337
344
345
346
347
349
350
351
352
356
362
363
366
369
370
371
372
374
375
376
377
379
381
383
384
386
387
388
393
394
402
403
407
408
409
411
415
417
418
423
425
427
428
431
432
438
439
441
442
445
446
448
449
450
451
453
454
455
457
458
459
460
463
464
469
471
473
474
476
477
479
481
483
490
491
492
501
503
504
506
508
510
511
513
514
515
517
518
519
521
525
526
527
529
531
532
534
538
540
541
542
546
548
549
550
552
553
554
555
558
559
563
564
567
573
575
576
577
582
583
584
585
587
588
590
594
595
596
601
602
603
604
606
607
608
609
610
611
612
615
616
617
619
627
633
635
636
637
638
646
648
650
652
656
662
663
664
665
668
671
672
673
675
679
680
683
684
685
687
690
692
693
694
696
703
707
708
709
710
712
714
718
722
724
725
727
728
734
735
736
737
739
741
743
750
751
752
754
755
756
759
765
768
770
772
773
774
775
777
780
781
782
787
788
790
792
793
794
795
796
798
801
805
806
810
811
815
817
820
822
823
826
827
830
832
834
839
841
846
847
850
853
855
857
858
859
860
861
863
867
869
870
872
876
877
878
879
880
883
884
886
887
888
891
892
894
896
900
901
903
905
909
911
913
918
919
920
921
928
929
930
931
932
934
936
938
940
941
943
944
946
948
953
955
956
957
961
966
967
973
974
975
976
979
980
983
984
987
988
994
1006
1007
1009
1011
1012
1013
1014
1015
1018
1022
1024
1025
1027
1029
1030
1031
1034
1036
1040
1041
1043
1044
1046
1049
1050
1051
1054
1056
1062
1065
1066
1067
1071
1073
1074
1076
1077
1082
1083
1084
1085
1086
1088
1091
1094
1097
1098
1103
1105
1106
1109
1110
1113
1120
1122
1124
1126
1127
1129
1130
1132
1133
1137
1143
1144
1145
1149
1150
1155
1156
1159
1162
1165
1169
1179
1181
1184
1186
1190
1196
1198
1200
1208
1209
1210
1213
1215
1216
1217
1219
1223
1226
1227
1231
1232
1234
1237
1241
1244
1245
1249
1250
1251
1253
1254
1255
1257
1258
1264
1265
1267
1268
1272
1274
1276
1279
1283
1286
1297
1300
1304
1308
1309
1312
1316
1320
1323
1328
1331
1337
1341
1348
1350
1352
1355
1368
1369
1370
1375
1377
1385
1386
1389
1390
1400
1402
1404
1406
1411
1416
1417
1418
1419
1422
1426
1429
1433
1436
1443
1444
1447
1449
1453
1454
1456
1458
1463
1465
1469
1472
1473
1474
1478
1480
1485
1487
1488
1491
1492
1495
1497
1498
1500
1502
1503
1504
1505
1514
1516
1518
1526
1527
1533
1535
1536
1541
1545
1548
1551
1552
1553
1556
1560
1562
1563
1566
1568
1572
1573
1580
1581
1589
1591
1592
1594
1596
1599
1600
1603
1610
1613
1620
1622
1623
1625
1627
1629
1630
1636
1642
1644
1652
1653
1654
1655
1665
1667
1668
1673
1674
1677
1678
1680
1682
1692
1693
1697
1705
1712
1714
1717
1720
1726
1729
1731
1733
1736
1739
1744
1745
1746
1748
1752
1757
1759
1760
1761
1764
1765
1769
1772
1773
1774
1777
1778
1783
1789
1791
1792
1795
1798
1799
1802
1805
1808
1809
1810
1811
1819
1820
1821
1828
1835
1841
1843
1848
1852
1855
1857
1860
1866
1867
1870
1875
1880
1881
1884
1885
1886
1887
1897
1900
1902
1904
1907
1908
1909
1912
1916
1918
1919
1925
1929
1935
1937
1939
1947
1949
1950
1954
1956
1957
1959
1960
1964
1965
1969
1972
1973
1974
1977
1982
1984
1989
1996
1998
1999
2000
2003
2004
2009
2012
2015
2016
2018
2019
2021
2027
2028
2032
2033
2035
2037
2040
2041
2046
2048
2052
2053
2054
2055
2064
2067
2070
2075
2076
2084
2085
2088
2089
2090
2092
2095
2097
2098
2099
2100
2101
2103
2107
2109
2112
2120
2123
2124
2130
2132
2133
2134
2136
2146
2149
2150
2154
2164
2165
2168
2169
2172
2174
2176
2177
2178
2185
2188
2190
2193
2194
2196
2197
2199
2200
2212
2219
2223
2224
2225
2229
2232
2237
2238
2246
2247
2248
2251
2253
2254
2256
2260
2264
2267
2271
2284
2290
2292
2293
2310
2312
2313
2316
2318
2319
2327
2329
2330
2335
2336
2337
2338
2341
2352
2354
2359
2364
2366
2368
2369
2380
2385
2389
2394
2397
2403
2404
2407
2410
2412
2418
2421
2424
2432
2434
2435
2436
2438
2443
2448
2450
2452
2455
2463
2464
2466
2472
2473
2477
2480
2482
2486
2489
2490
2491
2492
2493
2495
2498
2499
2501
2502
2503
2508
2509
2513
2517
2518
2521
2523
2524
2526
2528
2529
2531
2534
2536
2537
2538
2539
2540
2543
2545
2547
2548
2549
2550
2551
2552
2555
2557
2558
2559
2561
2562
2563
2566
2567
2568
2571
2574
2579
2581
2582
2583
2584
2586
2587
2590
2592
2593
2598
2600
2603
2604
2606
2608
2609
2610
2613
2615
2619
2622
2623
2625
2627
2628
2633
2636
2637
2640
2641
2642
2643
2644
2646
2647
2650
2651
2652
2653
2656
2657
2659
2661
2662
2664
2666
2669
2671
2676
2678
2679
2680
2681
2682
2684
2685
2687
2688
2691
2692
2694
2699
2703
2708
2710
2711
2713
2714
2715
2717
2718
2719
2721
2722
2724
2725
2727
2729
2732
2733
2736
2738
2746
2747
2754
2758
2759
2761
2762
2763
2765
2766
2770
2771
2772
2774
2775
2778
2781
2783
2784
2787
2792
2793
2795
2796
2798
2801
2807
2808
2809
2811
2814
2816
2818
2820
2821
2822
2823
2826
2829
2830
2832
2837
2838
2839
2840
2844
2845
2848
2850
2851
2852
2859
2861
2862
2863
2865
2867
2876
2880
2885
2889
2890
2892
2893
2894
2896
2898
2903
2906
2907
2910
2912
2914
2915
2918
2921
2922
2924
2927
2930
2931
2932
2933
2934
2937
2939
2940
2941
2945
2946
2947
2949
2950
2951
2953
2954
2959
2961
2962
2963
2971
2973
2976
2977
2978
2979
2980
2982
2983
2984
2987
2988
2989
2992
2994
2997
2999
3000
3003
3007
3008
3011
3016
3019
3021
3023
3028
3029
3035
3037
3046
3050
3051
3053
3055
3056
3058
3060
3061
3064
3065
3067
3069
3071
3076
3078
3082
3083
3084
3088
3090
3091
3092
3094
3095
3097
3098
3106
3107
3108
3110
3113
3115
3116
3124
3126
3128
3130
3132
3133
3134
3137
3140
3142
3144
3146
3150
3152
3153
3154
3156
3157
3158
3162
3163
3165
3166
3167
3168
3169
3170
3171
3172
3174
3176
3177
3180
3183
3185
3187
3188
3192
3194
3200
3203
3206
3207
3210
3213
3217
3218
3222
3223
3226
3232
3233
3239
3240
3242
3244
3245
3248
3250
3254
3256
3258
3259
3261
3262
3263
3264
3265
3266
3267
3270
3272
3277
3278
3279
3285
3288
3291
3296
3299
3301
3305
3308
3309
3311
3313
3314
3315
3316
3317
3319
3322
3323
3324
3325
3327
3328
3330
3331
3332
3334
3336
3337
3340
3342
3343
3346
3347
3350
3353
3354
3359
3361
3364
3365
3367
3368
3369
3370
3372
3373
3374
3376
3377
3382
3383
3384
3385
3394
3398
3400
3402
3403
3404
3405
3408
3410
3412
3413
3415
3416
3421
3423
3424
3426
3430
3432
3435
3436
3438
3439
3442
3443
3450
3453
3454
3457
3459
3461
3462
3463
3466
3470
3471
3472
3473
3477
3478
3479
3480
3482
3483
3484
3486
3487
3489
3491
3492
3495
3496
3504
3507
3509
3510
3511
3512
3513
3515
3518
3520
3521
3522
3525
3526
3527
3530
3532
3533
3534
3539
3541
3543
3546
3547
3549
3551
3552
3553
3554
3556
3560
3562
3564
3565
3566
3567
3571
3573
3574
3576
3577
3578
3580
3581
3582
3583
3584
3590
3592
3593
3596
3597
3599
3600
3601
3602
3603
3604
3605
3607
3609
3610
3611
3612
3613
3614
3618
3619
3620
3621
3623
3624
3625
3626
3632
3633
3637
3639
3645
3646
3647
3648
3651
3652
3654
3655
3656
3658
3665
3667
3676
3680
3682
3683
3689
3693
3697
3698
3699
3701
3702
3703
3704
3705
3706
3707
3708
3709
3710
3713
3715
3718
3719
3720
3721
3722
3723
3727
3729
3731
3732
3733
3734
3738
3740
3741
3742
3746
3749
3751
3752
3753
3756
3757
3759
3760
3761
3766
3767
3769
3772
3776
3777
3782
3785
3786
3788
3789
3791
3795
3799
3800
3803
3809
3813
3814
3815
3818
3819
3821
3823
3824
3826
3827
3828
3830
3831
3834
3837
3838
3840
3843
3845
3847
3849
3853
3857
3860
3863
3864
3865
3866
3867
3868
3869
3870
3879
3880
3881
3882
3887
3893
3897
3898
3899
3900
3901
3902
3906
3911
3913
3915
3923
3933
3940
3943
3944
3945
3958
3962
3963
3967
3968
3970
3972
3976
3981
3983
3985
3989
3993
3997
3998
4000
4005
4006
4007
4008
4013
4014
4016
4017
4018
4019
4020
4022
4023
4024
4032
4033
4035
4036
4042
4043
4045
4049
4053
4054
4056
4057
4060
4067
4070
4071
4073
4074
4076
4077
4079
4080
4084
4085
4087
4095
4098
4100
4101
4103
4104
4107
4108
4109
4110
4111
4112
4113
4116
4118
4119
4120
4122
4129
4131
4134
4136
4137
4141
4145
4146
4148
4153
4155
4156
4157
4159
4160
4162
4164
4167
4177
4178
4179
4183
4185
4186
4187
4192
4194
4197
4201
4205
4210
4215
4217
4218
4219
4220
4221
4229
4231
4232
4235
4238
4239
4242
4250
4253
4254
4255
4256
4264
4266
4267
4268
4269
4270
4275
4276
4280
4286
4290
4291
4292
4293
4294
4298
4299
4301
4305
4308
4309
4310
4311
4312
4316
4323
4324
4326
4334
4337
4340
4345
4347
4355
4358
4359
4364
4368
4371
4375
4376
4378
4382
4383
4384
4388
4389
4390
4391
4393
4396
4399
4402
4405
4406
4412
4413
4415
4423
4424
4425
4426
4428
4430
4434
4438
4441
4444
4455
4458
4466
4468
4469
4471
4473
4474
4475
4478
4479
4480
4483
4484
4486
4487
4489
4491
4492
4495
4496
4503
4506
4510
4511
4513
4519
4523
4528
4544
4545
4546
4548
4549
4555
4556
4557
4558
4559
4560
4561
4562
4563
4564
4567
4568
4569
4572
4574
4587
4591
4595
4596
4597
4601
4612
4618
4619
4620
4626
4630
4632
4634
4639
4649
4651
4652
4658
4660
4663
4666
4667
4669
4670
4671
4677
4688
4691
4694
4697
4699
4702
4703
4704
4710
4712
4715
4718
4722
4723
4726
4728
4740
4741
4742
4743
4746
4751
4753
4755
4759
4763
4765
4766
4768
4769
4774
4778
4779
4780
4784
4790
4799
4801
4802
4803
4807
4812
4814
4815
4816
4817
4820
4825
4826
4828
4831
4837
4840
4844
4846
4850
4851
4860
4863
4865
4866
4871
4872
4873
4875
4876
4878
4879
4881
4882
4883
4884
4886
4887
4890
4894
4896
4897
4899
4906
4907
4909
4910
4912
4914
4916
4918
4919
4920
4924
4927
4931
4932
4935
4939
4944
4946
4951
4955
4957
4961
4971
4972
4973
4979
4981
4993
4996
4997
5002
5003
5007
5011
5030
5033
5035
5036
5038
5040
5045
5052
5064
5065
5066
5072
5074
5076
5082
5084
5087
5088
5099
5105
5110
5111
5112
5114
5120
5140
5151
5152
5155
5158
5160
5166
5172
5176
5184
5187
5189
5193
5194
5197
5204
5205
5215
5218
5220
5222
5223
5228
5231
5235
5238
5243
5247
5249
5251
5254
5257
5259
5262
5263
5264
5265
5268
5269
5271
5272
5273
5277
5279
5282
5286
5292
5295
5297
5306
5309
5310
5311
5316
5317
5319
5322
5323
5326
5328
5330
5331
5332
5338
5339
5340
5342
5343
5347
5349
5351
5352
5356
5359
5361
5363
5366
5367
5369
5370
5372
5374
5375
5376
5377
5379
5382
5387
5390
5397
5399
5400
5401
5408
5409
5418
5422
5425
5428
5432
5433
5435
5437
5438
5447
5449
5452
5453
5456
5461
5463
5464
5466
5468
5470
5471
5472
5476
5477
5478
5479
5491
5497
5503
5504
5505
5511
5512
5513
5515
5516
5521
5523
5526
5529
5530
5531
5533
5534
5535
5549
5550
5551
5553
5559
5560
5563
5564
5565
5566
5567
5568
5570
5571
5572
5573
5574
5579
5580
5581
5582
5583
5584
5585
5589
5591
5593
5594
5595
5601
5603
5605
5615
5618
5621
5623
5625
5626
5629
5630
5641
5645
5648
5649
5654
5656
5658
5660
5661
5667
5668
5669
5674
5676
5678
5680
5684
5686
5688
5691
5697
5698
5700
5702
5705
5706
5708
5719
5720
5721
5723
5726
5734
5736
5745
5747
5754
5760
5762
5763
5764
5765
5766
5770
5773
5774
5776
5778
5780
5789
5791
5794
5795
5801
5805
5806
5817
5818
5826
5827
5829
5830
5833
5834
5835
5836
5837
5842
5843
5848
5851
5855
5856
5857
5858
5859
5860
5861
5862
5867
5868
5869
5875
5876
5880
5884
5885
5888
5890
5891
5894
5897
5908
5914
5917
5920
5927
5928
5930
5931
5936
5945
5946
5948
5949
5950
5953
5954
5956
5957
5959
5961
5970
5971
5974
5977
5981
5987
5994
5996
6008
6015
6028
6031
6033
6034
6037
6039
6041
6042
6044
6045
6046
6047
6049
6052
6054
6057
6063
6064
6066
6069
6070
6076
6077
6081
6088
6091
6092
6093
6099
6107
6110
6111
6112
6113
6114
6117
6125
6126
6133
6137
6138
6140
6145
6149
6150
6156
6157
6159
6161
6170
6171
6172
6179
6182
6191
6204
6205
6208
6210
6218
6220
6223
6224
6225
6227
6228
6234
6235
6241
6242
6243
6246
6252
6253
6254
6264
6272
6274
6276
6282
6283
6286
6290
6291
6297
6300
6302
6304
6309
6310
6314
6317
6322
6350
6353
6356
6357
6363
6366
6369
6370
6371
6372
6373
6374
6375
6376
6377
6381
6382
6384
6389
6390
6391
6392
6393
6409
6413
6415
6421
6425
6427
6430
6431
6432
6433
6435
6441
6455
6457
6458
6461
6463
6464
6465
6466
6467
6471
6479
6480
6481
6489
6493
6495
6503
6508
6514
6517
6518
6525
6531
6532
6538
6544
6545
6548
6551
6553
6555
6556
6558
6559
6564
6566
6574
6576
6577
6579
6585
6587
6596
6597
6601
6602
6610
6612
6619
6626
6629
6631
6634
6635
6637
6639
6640
6642
6645
6656
6661
6665
6666
6675
6680
6682
6684
6686
6687
6689
6690
6694
6701
6702
6704
6706
6709
6711
6713
6716
6718
6719
6720
6722
6723
6730
6736
6737
6738
6739
6741
6747
6749
6750
6751
6755
6756
6761
6762
6763
6765
6767
6770
6772
6778
6779
6780
6784
6786
6787
6790
6791
6794
6795
6796
6799
6800
6801
6807
6810
6812
6814
6825
6833
6834
6836
6837
6839
6842
6844
6850
6859
6869
6879
6880
6885
6886
6889
6891
6894
6903
6904
6906
6907
6908
6910
6911
6915
6917
6921
6922
6926
6927
6934
6935
6937
6943
6953
6965
6967
6973
6978
6979
6980
6981
6988
6991
6994
6995
6999
7002
7004
7008
7009
7010
7012
7018
7020
7031
7036
7037
7038
7044
7046
7047
7052
7053
7056
7066
7068
7072
7079
7080
7081
7082
7089
7090
7093
7097
7099
7102
7104
7115
7127
7130
7131
7132
7133
7134
7135
7136
7138
7141
7148
7154
7159
7162
7163
7165
7175
7176
7177
7179
7183
7191
7192
7194
7202
7203
7208
7209
7210
7211
7216
7219
7220
7222
7223
7224
7225
7226
7232
7235
7238
7239
7240
7241
7243
7244
7246
7248
7250
7253
7256
7257
7259
7270
7271
7273
7274
7275
7279
7284
7285
7286
7291
7292
7300
7303
7311
7314
7315
7320
7323
7325
7328
7333
7353
7357
7358
7359
7360
7362
7370
7377
7378
7379
7382
7383
7384
7393
7394
7397
7398
7403
7405
7408
7409
7412
7413
7420
7422
7426
7442
7443
7447
7448
7449
7451
7454
7460
7461
7462
7465
7470
7471
7472
7477
7478
7480
7483
7486
7489
7498
7503
7507
7508
7512
7517
7532
7533
7534
7538
7539
7547
7548
7550
7552
7553
7557
7560
7562
7565
7569
7570
7572
7574
7578
7580
7583
7586
7588
7592
7593
7595
7596
7601
7604
7605
7608
7618
7620
7623
7627
7629
7630
7633
7635
7636
7638
7641
7643
7645
7650
7655
7657
7661
7664
7666
7670
7683
7684
7686
7688
7691
7699
7700
7701
7702
7706
7707
7708
7714
7717
7721
7724
7725
7727
7729
7734
7737
7739
7740
7745
7749
7750
7751
7756
7758
7759
7765
7766
7773
7775
7777
7779
7780
7781
7783
7784
7787
7791
7792
7793
7794
7797
7803
7804
7807
7815
7817
7818
7824
7827
7828
7830
7831
7833
7834
7835
7837
7839
7852
7853
7856
7858
7861
7865
7868
7869
7870
7873
7874
7878
7880
7886
7887
7894
7895
7898
7900
7902
7906
7907
7908
7909
7913
7915
7916
7918
7923
7924
7925
7928
7930
7933
7934
7935
7940
7943
7944
7946
7949
7951
7954
7956
7958
7964
7967
7971
7976
7977
7979
7980
7981
7987
7992
7998
8001
8003
8007
8008
8009
8012
8016
8017
8034
8035
8042
8043
8049
8051
8054
8058
8060
8062
8064
8066
8068
8071
8072
8073
8074
8075
8077
8081
8084
8087
8092
8102
8104
8105
8113
8116
8117
8118
8119
8125
8129
8131
8133
8138
8141
8144
8145
8149
8152
8158
8160
8161
8164
8168
8169
8170
8174
8179
8188
8192
8194
8195
8200
8205
8206
8209
8213
8215
8223
8227
8228
8229
8232
8234
8236
8239
8240
8243
8245
8248
8251
8253
8257
8263
8266
8270
8275
8276
8279
8280
8287
8299
8306
8312
8314
8317
8318
8320
8327
8330
8331
8335
8338
8341
8342
8343
8346
8347
8348
8349
8353
8354
8356
8357
8365
8368
8372
8373
8375
8383
8384
8387
8392
8400
8403
8406
8409
8412
8418
8421
8424
8434
8437
8439
8440
8443
8448
8449
8450
8451
8455
8456
8462
8466
8469
8472
8473
8481
8482
8484
8485
8486
8491
8493
8499
8500
8507
8508
8510
8513
8514
8518
8524
8533
8544
8547
8557
8568
8572
8578
8579
8580
8583
8586
8587
8588
8589
8594
8599
8603
8605
8612
8613
8614
8616
8627
8633
8635
8638
8643
8645
8648
8650
8655
8660
8666
8680
8702
8705
8731
8732
8733
8739
8745
8746
8755
8760
8764
8773
8775
8782
8783
8785
8786
8789
8792
8796
8797
8800
8802
8806
8808
8809
8811
8818
8820
8822
8824
8826
8827
8828
8834
8836
8842
8847
8849
8856
8863
8864
8865
8866
8868
8869
8870
8875
8877
8892
8896
8903
8904
8907
8914
8916
8917
8927
8928
8939
8940
8944
8947
8958
8964
8965
8968
8969
8970
8973
8974
8977
8978
8980
8985
8986
8991
8992
8995
8999
9003
9028
9029
9030
9039
9040
9049
9053
9062
9066
9078
9081
9083
9089
9092
9095
9096
9097
9099
9108
9109
9111
9131
9143
9148
9150
9163
9169
9177
9178
9179
9180
9184
9198
9204
9206
9207
9208
9210
9211
9214
9217
9218
9219
9220
9227
9229
9232
9233
9236
9238
9239
9240
9242
9248
9250
9255
9258
9262
9263
9265
9267
9269
9270
9271
9272
9273
9274
9275
9276
9277
9280
9283
9286
9287
9288
9289
9295
9296
9297
9300
9305
9309
9312
9315
9320
9325
9326
9328
9335
9337
9338
9340
9343
9348
9351
9352
9355
9359
9367
9374
9382
9384
9388
9390
9391
9393
9403
9405
9410
9412
9415
9417
9423
9430
9432
9445
9446
9447
9452
9453
9459
9460
9461
9463
9467
9476
9481
9489
9491
9494
9499
9508
9513
9515
9520
9521
9525
9526
9528
9529
9530
9532
9536
9537
9540
9550
9556
9560
9561
9562
9565
9573
9582
9594
9599
9604
9611
9618
9619
9621
9623
9632
9649
9660
9670
9672
9673
9677
9684
9689
9693
9695
9699
9717
9718
9719
9721
9722
9724
9727
9728
9732
9736
9737
9740
9742
9749
9758
9759
9764
9765
9767
9771
9776
9781
9790
9802
9810
9813
9815
9816
9827
9830
9832
9833
9835
9845
9847
9848
9849
9850
9862
9874
9877
9881
9882
9883
9884
9888
9898
9899
9903
9906
9909
9911
9920
9921
9931
9942
9943
9946
9953
9955
9959
9964
9975
9987
9990
9991
9995
10008
10009
10012
10017
10025
10032
10035
10037
10038
10043
10046
10050
10056
10060
10061
10063
10064
10065
10079
10080
10084
10088
10091
10102
10106
10113
10127
10130
10132
10139
10154
10155
10157
10159
10163
10164
10167
10169
10178
10179
10185
10192
10193
10195
10201
10210
10218
10225
10230
10232
10237
10241
10244
10245
10249
10254
10263
10266
10267
10268
10269
10275
10281
10296
10304
10305
10306
10312
10317
10336
10339
10342
10348
10356
10358
10364
10381
10388
10390
10391
10399
10410
10413
10424
10434
10437
10445
10447
10449
10462
10474
10480
10485
10488
10495
10497
10508
10513
10516
10523
10532
10533
10538
10543
10558
10559
10565
10571
10573
10591
10595
10599
10600
10605
10607
10614
10627
10640
10644
10647
10656
10669
10670
10672
10674
10675
10684
10686
10690
10695
10701
10721
10725
10727
10728
10731
10742
10743
10751
10757
10759
10764
10767
10771
10772
10774
10775
10777
10779
10784
10790
10791
10794
10804
10806
10809
10810
10815
10819
10824
10827
10833
10840
10845
10846
10847
10849
10853
10857
10860
10864
10868
10871
10872
10874
10877
10881
10889
10892
10912
10917
10920
10936
10941
10943
10944
10945
10951
10953
10962
10964
10969
10973
11004
11013
11016
11019
11021
11032
11036
11040
11043
11044
11053
11059
11064
11068
11069
11075
11082
11090
11101
11108
11115
11120
11123
11126
11127
11131
11138
11147
11151
11154
11159
11160
11163
11181
11182
11194
11195
11213
11218
11241
11248
11260
11270
11287
11294
11299
11308
11313
11314
11316
11323
11343
11348
11353
11371
11383
11387
11388
11389
11403
11406
11410
11413
11414
11417
11426
11427
11448
11453
11455
11460
11464
11469
11482
11483
11492
11500
11512
11513
11517
11527
11533
11535
11538
11541
11552
11553
11554
11561
11563
11568
11569
11570
11572
11574
11577
11578
11603
11606
11614
11619
11627
11630
11631
11632
11643
11652
11661
11662
11682
11685
11713
11716
11726
11732
11734
11743
11747
11751
11762
11763
11769
11780
11795
11813
11822
11829
11837
11855
11858
11884
11890
11908
11910
11925
11940
11941
11955
11960
11963
11968
11978
11993
11995
12000
12003
12007
12013
12027
12047
12055
12057
12061
12069
12074
12079
12096
12104
12111
12121
12123
12124
12130
12138
12139
12140
12141
12144
12146
12149
12150
12151
12158
12166
12169
12179
12180
12182
12186
12189
12191
12196
12208
12227
12246
12247
12252
12271
12276
12279
12280
12281
12282
12288
12293
12315
12316
12319
12321
12341
12343
12345
12349
12351
12358
12374
12386
12390
12405
12413
12415
12419
12428
12431
12444
12448
12482
12505
12515
12532
12548
12554
12557
12558
12568
12579
12587
12594
12632
12638
12639
12643
12654
12657
12659
12660
12665
12674
12676
12677
12682
12699
12701
12705
12707
12714
12715
12732
12738
12739
12742
12745
12761
12786
12788
12793
12799
12800
12826
12828
12856
12858
12861
12863
12864
12879
12881
12887
12898
12914
12915
12927
12948
12950
12952
12954
12956
12969
12976
12989
12994
13014
13019
13028
13041
13059
13062
13064
13068
13069
13070
13077
13119
13133
13134
13137
13143
13150
13152
13158
13160
13167
13168
13170
13203
13209
13224
13227
13230
13238
13246
13250
13253
13255
13262
13263
13267
13279
13284
13291
13297
13301
13306
13313
13343
13350
13369
13382
13399
13409
13423
13424
13430
13432
13433
13442
13477
13506
13507
13512
13517
13527
13528
13556
13559
13562
13564
13567
13570
13578
13584
13586
13587
13602
13608
13611
13617
13623
13630
13637
13647
13655
13656
13661
13673
13674
13676
13679
13680
13684
13685
13688
13690
13691
13705
13707
13716
13718
13733
13745
13747
13748
13750
13770
13776
13806
13813
13833
13836
13851
13854
13856
13858
13865
13873
13881
13893
13906
13909
13915
13920
13927
13934
13942
13945
13960
13977
13981
13989
14000
14016
14017
14020
14030
14033
14035
14038
14041
14055
14065
14066
14089
14100
14105
14117
14121
14123
14132
14133
14140
14150
14159
14161
14168
14173
14174
14192
14193
14200
14203
14223
14239
14248
14282
14297
14308
14312
14322
14324
14329
14332
14337
14349
14361
14362
14370
14386
14405
14410
14416
14452
14454
14463
14467
14471
14490
14535
14536
14557
14564
14570
14592
14611
14619
14621
14626
14646
14648
14659
14664
14665
14679
14708
14709
14720
14725
14726
14734
14736
14741
14747
14750
14752
14754
14766
14772
14776
14780
14794
14800
14804
14834
14845
14848
14850
14857
14858
14864
14866
14868
14871
14877
14881
14889
14901
14904
14914
14915
14921
14927
14929
14944
14949
14955
14968
14974
14982
14984
14987
14991
15000
15015
15050
15051
15054
15072
15086
15087
15097
15102
15106
15107
15117
15121
15128
15134
15140
15145
15153
15155
15157
15159
15164
15170
15179
15180
15191
15196
15210
15214
15219
15222
15223
15242
15257
15278
15279
15298
15312
15323
15333
15340
15366
15367
15373
15388
15392
15405
15419
15434
15464
15478
15507
15514
15515
15518
15524
15528
15534
15559
15571
15595
15596
15627
15651
15657
15663
15677
15680
15681
15682
15730
15737
15742
15745
15764
15771
15839
15847
15865
15870
15879
15881
15885
15893
15898
15904
15920
15936
15939
15943
15960
15981
15983
15997
16008
16041
16062
16071
16089
16099
16108
16109
16112
16115
16131
16154
16167
16181
16195
16206
16220
16227
16243
16292
16300
16309
16340
16346
16350
16352
16355
16373
16377
16397
16407
16412
16423
16438
16439
16449
16454
16469
16478
16489
16504
16510
16516
16520
16524
16551
16554
16572
16578
16597
16605
16609
16623
16624
16638
16639
16646
16684
16685
16765
16768
16785
16791
16792
16949
16971
17090
17097
17122
17125
17141
17153
17169
17173
17249
17250
17251
17253
17255
17258
17259
17261
17262
17266
17271
17273
17284
17287
17288
17289
17290
17291
17292
17293
17298
17301
17303
17306
17309
17405
17406
17412
17425
17429
17455
17472
17493
17497
17506
17536
17554
17558
17566
17570
17574
17575
17654
17691
17749
17769
17777
17787
17820
17826
17844
17857
17858
17877
17897
17901
17905
17926
17929
17931
17934
17945
18002
18010
18017
18055
18057
18060
18062
18063
18064
18066
18068
18071
18074
18077
18080
18088
18096
18103
18104
18105
18106
18108
18110
18111
18114
18115
18116
18121
18127
18128
18129
18130
18132
18133
18135
18137
18138
18139
18141
18142
18143
18144
18145
18146
18156
18164
18167
18168
18173
18175
18176
18177
18178
18181
18201
18204
18205
18208
18210
18212
18214
18216
18218
18219
18221
18222
18223
18224
18225
18229
18230
18239
18240
18243
18244
18247
18262
18282
18293
18298
18301
18337
18339
18345
18349
18351
18366
18383
18398
18412
18433
18451
18454
18464
18490
18497
18516
18520
18537
18543
18557
18595
18623
18644
18650
18685
18690
18700
18710
18723
18726
18730
18738
18755
18767
18771
18772
18795
18804
18818
18821
18827
18863
18886
18892
18900
18921
18927
18938
18956
18979
18980
18981
18983
18985
19010
19035
19042
19138
19180
19268
19375
19383
19410
19445
19529
19639
19665
19671
19709
19780
19842
19891
