5
8
17
21
23
24
26
35
39
42
51
53
55
59
60
68
71
72
74
86
89
93
98
99
101
107
108
131
137
141
146
149
156
165
167
170
181
200
201
203
204
205
206
217
219
230
237
241
259
262
272
273
280
288
289
295
297
299
301
303
307
316
322
323
334
339
342
347
349
359
366
371
376
377
410
412
416
417
421
424
425
428
431
433
446
448
450
457
463
465
477
482
494
505
506
513
521
523
529
536
550
553
555
557
566
587
601
610
612
631
636
651
654
655
665
673
681
685
690
692
696
702
725
727
733
735
736
737
739
750
752
754
782
787
789
792
798
800
801
805
806
815
824
830
850
855
857
871
874
878
884
900
911
918
919
920
921
926
927
943
946
956
960
963
973
975
976
978
980
992
997
999
1011
1019
1036
1042
1043
1049
1062
1066
1071
1074
1078
1084
1086
1098
1103
1104
1106
1108
1116
1145
1158
1159
1161
1169
1179
1191
1199
1200
1209
1210
1213
1214
1215
1220
1227
1231
1233
1250
1253
1254
1256
1277
1279
1294
1306
1309
1312
1314
1328
1329
1331
1333
1348
1353
1356
1373
1386
1404
1410
1427
1429
1432
1436
1451
1455
1463
1479
1485
1492
1495
1516
1549
1552
1580
1596
1606
1610
1623
1638
1668
1669
1693
1697
1704
1716
1720
1726
1739
1742
1748
1761
1766
1768
1771
1774
1792
1794
1795
1809
1811
1850
1869
1871
1881
1890
1918
1925
1929
1947
1950
1951
1959
1997
2003
2009
2025
2027
2041
2052
2054
2064
2092
2137
2146
2151
2154
2155
2167
2168
2170
2190
2232
2238
2240
2268
2300
2328
2355
2361
2362
2364
2367
2376
2384
2392
2402
2403
2422
2435
2448
2450
2452
2457
2493
2499
2500
2508
2511
2514
2521
2530
2545
2548
2552
2554
2557
2567
2578
2582
2584
2591
2595
2609
2622
2643
2644
2645
2647
2658
2660
2661
2662
2663
2666
2669
2670
2675
2678
2682
2683
2692
2694
2696
2722
2725
2738
2746
2757
2766
2772
2774
2775
2789
2792
2793
2798
2807
2810
2814
2818
2840
2848
2853
2856
2858
2885
2904
2906
2921
2933
2941
2943
2947
2950
2967
2971
2973
2976
2983
2989
2994
3002
3011
3013
3016
3051
3053
3061
3064
3077
3084
3085
3091
3094
3095
3116
3119
3126
3127
3128
3131
3132
3133
3144
3153
3155
3157
3162
3164
3169
3171
3174
3195
3201
3206
3208
3209
3217
3223
3232
3234
3235
3250
3253
3259
3264
3269
3282
3285
3287
3298
3309
3314
3315
3325
3327
3330
3334
3336
3347
3348
3349
3363
3367
3373
3378
3385
3387
3389
3402
3415
3416
3418
3435
3439
3450
3453
3457
3459
3462
3472
3476
3483
3485
3493
3495
3497
3502
3504
3506
3510
3518
3520
3522
3527
3529
3545
3549
3552
3556
3562
3573
3579
3581
3582
3583
3584
3594
3595
3599
3605
3606
3620
3621
3623
3625
3646
3652
3658
3679
3683
3692
3703
3706
3708
3713
3727
3729
3733
3734
3737
3742
3752
3764
3766
3777
3789
3810
3826
3831
3839
3844
3861
3866
3874
3879
3881
3898
3911
3924
3944
3947
3953
3960
3961
3963
3968
3969
3987
3989
4006
4012
4019
4023
4031
4046
4054
4070
4078
4079
4083
4098
4108
4120
4122
4136
4149
4153
4165
4179
4183
4186
4188
4209
4222
4235
4237
4238
4239
4241
4242
4253
4267
4276
4280
4302
4308
4323
4337
4339
4347
4353
4358
4359
4383
4389
4390
4421
4424
4443
4444
4446
4451
4456
4477
4480
4482
4490
4492
4502
4510
4516
4525
4533
4542
4544
4546
4555
4559
4561
4576
4585
4586
4591
4593
4594
4605
4611
4618
4635
4652
4660
4666
4668
4691
4692
4693
4694
4696
4697
4703
4707
4708
4714
4726
4755
4788
4797
4802
4813
4816
4828
4834
4845
4869
4873
4891
4893
4894
4909
4914
4918
4919
4943
4953
4955
4959
4960
4993
5005
5008
5052
5065
5072
5097
5110
5114
5116
5120
5131
5148
5158
5160
5184
5187
5205
5254
5255
5304
5307
5310
5326
5331
5356
5358
5369
5379
5382
5416
5423
5432
5440
5473
5481
5482
5493
5497
5499
5500
5515
5519
5530
5534
5549
5551
5566
5571
5580
5581
5583
5591
5606
5638
5653
5662
5681
5686
5709
5710
5726
5730
5749
5755
5778
5779
5805
5811
5818
5827
5829
5834
5836
5837
5843
5851
5859
5861
5867
5868
5871
5893
5898
5920
5941
5952
5956
5959
5971
5987
5999
6013
6057
6092
6093
6104
6106
6122
6138
6202
6208
6211
6212
6232
6235
6246
6248
6255
6274
6283
6297
6317
6319
6320
6342
6343
6361
6369
6371
6382
6388
6389
6400
6416
6418
6420
6431
6435
6461
6470
6481
6490
6511
6514
6530
6556
6560
6561
6564
6565
6574
6578
6580
6585
6587
6593
6612
6621
6640
6653
6673
6687
6703
6706
6713
6718
6729
6731
6736
6772
6779
6800
6814
6852
6871
6894
6906
6915
6925
6950
6977
6989
7005
7010
7029
7030
7042
7046
7049
7053
7057
7101
7104
7124
7135
7140
7143
7167
7175
7176
7179
7188
7194
7203
7208
7209
7222
7235
7238
7240
7247
7248
7268
7289
7290
7307
7319
7340
7343
7366
7379
7382
7395
7401
7402
7403
7413
7422
7439
7453
7458
7461
7473
7486
7488
7492
7513
7517
7559
7565
7571
7573
7578
7588
7604
7617
7622
7634
7635
7637
7648
7657
7680
7703
7712
7726
7749
7755
7756
7765
7770
7773
7774
7785
7800
7804
7806
7821
7826
7847
7855
7874
7878
7894
7898
7901
7907
7915
7917
7939
7944
7955
7964
7979
7984
7993
8008
8011
8014
8024
8039
8047
8056
8058
8062
8071
8081
8092
8125
8150
8159
8161
8175
8206
8208
8228
8234
8235
8243
8252
8266
8272
8281
8287
8296
8307
8314
8317
8324
8325
8338
8385
8418
8423
8449
8471
8472
8498
8532
8533
8567
8572
8578
8597
8605
8614
8655
8684
8733
8736
8740
8753
8764
8769
8772
8786
8791
8792
8801
8802
8827
8848
8868
8870
8877
8889
8917
8928
8942
8968
8973
8989
9008
9044
9065
9095
9109
9115
9137
9157
9211
9236
9239
9252
9253
9257
9265
9268
9269
9277
9289
9291
9338
9352
9383
9412
9426
9460
9461
9468
9476
9477
9488
9510
9514
9521
9530
9535
9540
9561
9571
9573
9615
9626
9629
9636
9642
9677
9728
9759
9761
9764
9768
9776
9788
9789
9802
9816
9835
9846
9847
9868
9884
9888
9907
9935
9959
10054
10063
10066
10181
10184
10285
10326
10390
10434
10437
10467
10494
10505
10509
10528
10565
10622
10764
10792
10799
10801
10824
10836
10864
10871
10873
10912
10934
10937
10941
10967
10994
11039
11041
11044
11053
11094
11099
11132
11139
11159
11162
11167
11170
11171
11181
11195
11222
11244
11285
11299
11323
11351
11414
11474
11477
11503
11512
11527
11547
11554
11577
11583
11618
11619
11654
11659
11683
11702
11714
11716
11729
11798
11890
11903
11914
11941
11998
12036
12112
12122
12138
12139
12175
12194
12207
12218
12246
12252
12263
12290
12315
12318
12351
12355
12384
12385
12387
12419
12450
12518
12525
12532
12550
12554
12564
12594
12622
12645
12677
12682
12693
12714
12736
12746
12844
12908
12914
12966
12989
13017
13043
13068
13077
13113
13123
13150
13202
13258
13265
13281
13291
13327
13341
13357
13447
13483
13520
13535
13574
13579
13584
13596
13655
13663
13666
13701
13718
13760
13778
13793
13811
13854
13869
13880
13893
13969
13978
13980
14000
14021
14035
14052
14053
14087
14105
14117
14203
14207
14265
14275
14337
14512
14546
14609
14614
14665
14773
14776
14797
14855
14864
14878
14903
14951
14968
15000
15020
15056
15097
15125
15153
15156
15159
15180
15214
15226
15229
15257
15271
15275
15278
15294
15341
15347
15403
15439
15599
15626
15629
15648
15661
15667
15689
15916
15925
16032
16117
16180
16357
16372
16429
16434
16449
16454
16494
16568
16602
16604
16685
16808
16819
17033
17254
17280
17283
17301
17343
17425
17795
17813
17821
17852
17878
17887
17931
17934
17992
17993
18051
18069
18082
18084
18090
18110
18114
18120
18121
18128
18130
18135
18136
18138
18139
18140
18143
18164
18174
18176
18186
18199
18208
18213
18216
18217
18219
18220
18223
18225
18243
18260
18282
18294
18298
18318
18444
18460
18487
18514
18563
18565
18595
18611
18639
18737
18878
19727
