0
4
6
7
8
9
17
22
23
24
29
30
32
35
36
39
40
41
42
45
54
55
57
58
60
67
68
70
72
76
77
78
87
88
89
91
92
93
94
97
101
102
103
108
109
110
118
119
121
123
124
126
130
131
136
137
138
147
152
155
157
162
169
170
179
180
182
183
185
188
191
193
194
195
198
199
203
204
205
207
208
210
215
219
224
229
230
233
236
237
239
240
241
242
244
251
260
262
263
271
278
279
282
285
287
288
290
295
296
297
303
304
305
307
313
320
321
322
323
336
339
340
344
347
349
352
354
370
371
372
373
386
387
388
389
399
400
401
406
410
417
420
421
423
424
425
426
427
428
431
432
438
439
442
445
451
454
457
458
459
463
468
470
479
504
508
513
514
517
529
536
540
549
550
553
554
555
559
563
564
570
582
586
590
591
594
596
597
599
601
607
609
613
619
625
628
639
641
642
644
648
654
660
661
663
664
665
666
673
675
677
679
680
684
685
688
699
718
719
721
722
736
737
738
739
743
751
767
768
770
778
779
794
795
797
798
805
806
807
822
832
839
849
850
855
856
857
858
859
860
862
864
870
884
889
898
908
909
918
919
927
929
942
943
944
945
963
969
972
973
975
978
1003
1004
1013
1020
1024
1025
1030
1036
1043
1051
1052
1062
1064
1120
1122
1123
1129
1149
1156
1161
1162
1165
1166
1167
1181
1184
1196
1206
1209
1213
1215
1219
1220
1223
1227
1235
1260
1261
1267
1314
1321
1324
1331
1338
1351
1364
1373
1375
1378
1392
1400
1404
1409
1458
1474
1475
1494
1495
1500
1506
1507
1528
1563
1580
1581
1600
1601
1611
1619
1635
1640
1646
1653
1659
1667
1674
1677
1679
1696
1710
1733
1739
1744
1745
1746
1750
1759
1762
1774
1777
1788
1792
1795
1809
1811
1819
1820
1830
1835
1836
1841
1852
1853
1868
1881
1907
1909
1939
1947
1948
1950
1957
1969
1979
1982
1983
1984
1996
2009
2019
2026
2027
2043
2046
2048
2054
2057
2062
2064
2076
2079
2098
2105
2109
2113
2124
2138
2150
2159
2162
2209
2213
2220
2229
2238
2239
2283
2284
2292
2296
2301
2327
2333
2344
2364
2365
2368
2372
2386
2399
2407
2408
2412
2423
2432
2446
2455
2460
2466
2486
2493
2494
2501
2508
2511
2513
2517
2518
2526
2528
2529
2539
2546
2548
2549
2551
2552
2556
2558
2559
2560
2561
2568
2574
2581
2582
2583
2587
2590
2593
2608
2610
2615
2616
2622
2624
2625
2634
2647
2648
2649
2650
2652
2660
2661
2662
2666
2669
2673
2683
2687
2688
2705
2708
2713
2715
2717
2722
2725
2727
2745
2747
2761
2762
2774
2775
2777
2780
2783
2787
2790
2793
2807
2810
2811
2819
2822
2830
2840
2843
2844
2845
2846
2848
2852
2857
2864
2874
2875
2885
2899
2902
2907
2914
2918
2937
2939
2940
2945
2950
2954
2962
2969
2970
2971
2980
2983
2987
2989
2994
3003
3007
3010
3016
3029
3033
3053
3058
3059
3069
3086
3094
3097
3112
3116
3126
3132
3135
3140
3150
3158
3165
3170
3172
3177
3185
3197
3204
3205
3207
3211
3214
3217
3222
3232
3248
3256
3261
3264
3265
3282
3285
3286
3292
3296
3313
3319
3324
3330
3334
3335
3340
3344
3346
3347
3357
3369
3370
3371
3379
3383
3390
3407
3412
3422
3426
3429
3432
3446
3450
3452
3456
3457
3461
3462
3463
3466
3470
3473
3474
3475
3476
3482
3483
3484
3489
3496
3506
3507
3526
3527
3529
3530
3532
3536
3545
3547
3548
3549
3552
3553
3556
3563
3565
3566
3570
3571
3576
3577
3578
3579
3580
3581
3582
3583
3584
3589
3590
3591
3593
3594
3596
3597
3598
3599
3600
3601
3604
3607
3608
3609
3610
3611
3612
3613
3614
3619
3620
3623
3624
3625
3626
3632
3633
3635
3639
3646
3647
3650
3651
3655
3669
3679
3680
3681
3682
3683
3687
3689
3691
3695
3699
3700
3702
3703
3704
3705
3706
3707
3708
3709
3713
3714
3716
3717
3718
3721
3723
3724
3725
3731
3732
3733
3734
3743
3746
3753
3756
3757
3759
3760
3766
3767
3776
3782
3783
3800
3801
3804
3808
3809
3810
3815
3819
3820
3821
3822
3823
3826
3828
3829
3831
3834
3860
3864
3865
3866
3867
3868
3869
3870
3879
3881
3907
3920
3923
3953
3961
3982
3983
3993
4001
4005
4006
4007
4017
4019
4024
4036
4039
4061
4067
4082
4084
4096
4101
4106
4111
4113
4118
4119
4120
4124
4127
4134
4141
4142
4143
4145
4146
4153
4156
4157
4179
4184
4192
4200
4201
4205
4215
4216
4217
4220
4221
4226
4231
4234
4240
4241
4242
4243
4254
4260
4266
4270
4273
4276
4278
4293
4299
4300
4301
4303
4304
4308
4311
4313
4314
4316
4334
4340
4359
4364
4368
4382
4383
4384
4389
4390
4405
4420
4430
4437
4438
4444
4453
4455
4470
4471
4474
4477
4478
4486
4487
4491
4538
4543
4545
4549
4555
4559
4561
4563
4568
4582
4590
4591
4596
4603
4605
4618
4622
4623
4625
4626
4632
4633
4635
4650
4652
4655
4660
4663
4666
4677
4679
4702
4703
4704
4710
4727
4744
4748
4757
4763
4766
4778
4780
4781
4798
4810
4812
4813
4815
4817
4827
4830
4831
4834
4835
4841
4843
4846
4850
4851
4857
4859
4869
4871
4876
4878
4882
4883
4884
4886
4887
4894
4898
4900
4905
4906
4907
4908
4909
4912
4915
4918
4923
4927
4930
4931
4932
4937
4943
4953
4964
4973
4979
4981
4997
4998
5007
5010
5013
5024
5035
5036
5038
5061
5069
5082
5097
5102
5114
5116
5120
5123
5152
5153
5160
5172
5176
5189
5222
5238
5247
5254
5268
5272
5273
5282
5298
5302
5317
5323
5326
5330
5331
5334
5356
5361
5369
5428
5438
5476
5488
5491
5511
5513
5521
5526
5528
5550
5560
5564
5566
5570
5573
5574
5577
5579
5580
5581
5583
5591
5592
5594
5606
5611
5613
5625
5626
5631
5656
5657
5662
5679
5687
5688
5697
5702
5724
5728
5731
5767
5783
5786
5793
5797
5804
5834
5840
5841
5848
5850
5861
5866
5868
5872
5875
5876
5882
5888
5903
5904
5911
5912
5915
5918
5920
5928
5933
5950
5952
5960
5968
5972
5973
5974
5980
5985
5988
5989
5990
5991
5993
5994
6000
6003
6005
6015
6016
6038
6039
6040
6041
6060
6061
6067
6070
6076
6089
6092
6093
6113
6122
6124
6140
6148
6159
6161
6170
6172
6186
6191
6194
6203
6219
6220
6241
6251
6253
6254
6256
6272
6276
6283
6289
6298
6317
6329
6343
6353
6354
6358
6366
6367
6368
6369
6372
6389
6403
6425
6428
6430
6432
6441
6444
6445
6461
6463
6465
6467
6475
6479
6491
6492
6512
6530
6535
6543
6544
6545
6548
6551
6559
6561
6564
6567
6571
6576
6592
6594
6603
6619
6645
6652
6653
6654
6661
6665
6676
6683
6684
6687
6689
6710
6720
6738
6743
6761
6767
6772
6784
6791
6792
6793
6800
6801
6807
6810
6811
6825
6844
6903
6907
6935
6937
6939
6944
6945
6960
6962
6965
6966
6969
6970
6981
6984
6999
7004
7005
7025
7037
7040
7042
7055
7074
7086
7104
7132
7150
7157
7175
7198
7203
7211
7229
7231
7247
7249
7250
7254
7268
7273
7290
7311
7315
7322
7326
7340
7344
7345
7375
7409
7422
7428
7451
7454
7475
7477
7480
7481
7501
7512
7528
7530
7532
7553
7555
7563
7572
7573
7579
7588
7593
7602
7610
7617
7620
7621
7626
7627
7631
7641
7657
7665
7686
7689
7690
7691
7724
7761
7774
7777
7785
7787
7797
7804
7808
7837
7849
7861
7874
7955
7956
7971
8009
8030
8034
8039
8051
8056
8063
8074
8116
8117
8133
8150
8153
8161
8166
8168
8169
8170
8174
8186
8194
8198
8216
8239
8276
8307
8331
8370
8371
8400
8417
8421
8424
8428
8434
8439
8454
8455
8466
8471
8472
8486
8488
8499
8502
8505
8513
8529
8542
8552
8576
8577
8597
8598
8603
8609
8615
8616
8623
8629
8630
8631
8640
8648
8652
8660
8698
8705
8733
8755
8758
8768
8773
8780
8790
8792
8811
8816
8818
8827
8828
8848
8864
8865
8866
8894
8897
8914
8917
8923
8930
8949
8955
8960
8965
8970
8973
8978
8988
9006
9066
9079
9086
9095
9098
9109
9131
9135
9174
9178
9198
9207
9208
9281
9309
9316
9317
9325
9326
9337
9352
9354
9404
9417
9429
9444
9449
9453
9461
9476
9508
9544
9547
9549
9555
9665
9685
9724
9740
9759
9776
9780
9798
9812
9833
9847
9857
9884
9887
9907
9908
9915
10020
10031
10036
10052
10064
10068
10124
10127
10144
10154
10181
10242
10245
10282
10320
10334
10428
10436
10486
10550
10585
10587
10588
10591
10640
10699
10758
10786
10802
10804
10852
10873
10889
10892
10903
10968
11035
11040
11075
11116
11134
11141
11157
11160
11181
11214
11371
11390
11399
11490
11500
11529
11590
11619
11654
11730
11747
11886
11890
11939
11978
11983
12003
12027
12069
12100
12104
12115
12133
12140
12144
12180
12227
12523
12558
12573
12591
12615
12634
12723
12730
12752
12894
12898
12908
12919
12921
12954
12982
12983
12984
12986
13085
13168
13267
13289
13320
13391
13426
13460
13491
13625
13632
13643
13644
13655
13656
13663
13803
13806
13832
13850
13917
13938
14001
14117
14332
14334
14367
14614
14916
14968
14983
15001
15066
15097
15243
15271
15274
15287
15427
15430
15557
15865
16029
16041
16057
16120
16121
16122
16154
16173
16220
16370
16375
16422
16446
16494
16504
16508
16522
16525
16605
16625
16709
16829
17108
17405
17454
17472
17877
17878
18107
18134
18167
18199
18204
18205
18206
18274
18275
18328
18374
18396
18410
18482
18562
18592
