3
5
7
9
16
17
18
23
26
29
31
36
39
41
44
45
47
51
54
55
58
60
62
66
67
68
69
70
73
74
77
82
87
88
89
95
97
99
100
101
103
109
110
112
113
116
119
124
125
130
131
132
136
137
139
143
147
149
152
155
157
159
160
162
166
168
170
172
176
177
178
179
182
189
191
193
194
195
197
200
203
204
205
207
210
215
217
218
221
227
230
232
233
237
238
239
242
243
244
247
258
262
268
271
272
278
285
297
305
307
310
320
321
322
323
333
337
341
346
360
366
367
369
370
371
381
383
387
388
394
395
396
402
403
404
412
418
419
423
424
425
426
427
428
431
432
434
438
439
441
442
448
450
451
452
458
463
466
474
475
476
482
488
498
500
502
504
510
512
513
516
519
527
529
537
538
546
553
555
563
564
567
569
572
576
579
580
585
587
588
589
590
593
595
597
599
601
604
609
614
616
619
622
623
625
631
632
634
635
636
640
641
650
658
659
660
664
665
667
672
673
674
679
680
683
685
691
692
694
695
698
701
707
708
709
711
714
717
718
720
721
724
735
736
738
739
745
750
751
753
754
758
761
779
782
789
792
794
795
796
804
805
806
810
815
820
821
822
824
825
827
832
849
850
855
856
858
863
864
867
877
884
889
895
901
903
912
920
921
929
938
940
942
944
950
956
958
963
969
973
977
980
987
999
1002
1006
1013
1015
1016
1019
1020
1022
1025
1030
1034
1036
1037
1038
1040
1043
1050
1055
1067
1073
1076
1077
1079
1080
1083
1084
1085
1086
1095
1098
1099
1103
1122
1124
1129
1133
1146
1149
1150
1152
1155
1156
1158
1159
1165
1166
1167
1169
1172
1180
1181
1184
1190
1198
1209
1213
1220
1223
1225
1234
1235
1237
1245
1248
1249
1250
1259
1260
1261
1271
1272
1276
1277
1279
1280
1303
1312
1323
1325
1328
1331
1334
1347
1349
1354
1356
1359
1362
1363
1387
1392
1400
1404
1443
1447
1451
1463
1465
1472
1473
1475
1479
1483
1498
1503
1508
1512
1513
1514
1520
1524
1527
1541
1545
1551
1554
1561
1562
1563
1566
1570
1572
1580
1589
1596
1603
1606
1610
1616
1622
1637
1641
1642
1647
1652
1655
1656
1665
1669
1676
1679
1680
1685
1692
1693
1696
1699
1705
1707
1709
1710
1712
1726
1729
1739
1740
1744
1746
1749
1755
1762
1764
1771
1772
1773
1774
1788
1792
1795
1798
1808
1809
1810
1819
1828
1834
1835
1852
1867
1870
1874
1881
1894
1896
1902
1907
1912
1922
1929
1930
1937
1947
1950
1959
1960
1965
1969
1972
1973
1977
1980
1991
1994
2004
2009
2016
2019
2036
2037
2041
2050
2052
2054
2059
2068
2073
2076
2079
2087
2090
2098
2099
2100
2109
2119
2124
2129
2130
2133
2134
2140
2144
2155
2158
2160
2162
2167
2168
2174
2176
2196
2197
2200
2201
2205
2213
2220
2221
2225
2227
2229
2238
2240
2242
2246
2249
2251
2260
2261
2262
2264
2269
2273
2277
2278
2279
2300
2311
2322
2330
2343
2344
2352
2354
2358
2359
2370
2371
2376
2377
2394
2401
2407
2408
2416
2418
2422
2432
2436
2448
2455
2462
2464
2473
2474
2492
2497
2501
2504
2508
2517
2518
2521
2523
2533
2538
2543
2546
2557
2559
2561
2577
2581
2582
2591
2593
2600
2602
2606
2609
2615
2622
2623
2625
2629
2635
2640
2643
2644
2645
2646
2647
2648
2657
2658
2660
2662
2669
2674
2677
2679
2680
2682
2686
2687
2692
2693
2694
2702
2703
2704
2707
2715
2716
2717
2719
2723
2726
2732
2738
2747
2755
2759
2760
2762
2763
2766
2770
2774
2775
2777
2778
2783
2787
2790
2792
2793
2798
2799
2800
2807
2808
2821
2824
2826
2828
2830
2835
2840
2843
2844
2850
2852
2853
2855
2861
2862
2866
2868
2869
2882
2885
2892
2898
2901
2904
2907
2910
2912
2915
2920
2922
2932
2933
2941
2944
2947
2952
2953
2954
2962
2965
2968
2971
2973
2976
2977
2988
2989
2994
2997
3003
3008
3010
3012
3031
3033
3036
3037
3040
3046
3049
3050
3054
3058
3061
3066
3086
3094
3095
3099
3100
3102
3108
3110
3112
3113
3115
3116
3118
3124
3125
3131
3133
3139
3140
3146
3150
3152
3155
3156
3160
3162
3163
3165
3168
3173
3174
3176
3182
3184
3185
3187
3190
3205
3209
3217
3218
3223
3224
3232
3234
3239
3242
3249
3250
3253
3255
3257
3259
3262
3263
3264
3265
3275
3276
3278
3279
3286
3287
3289
3301
3309
3311
3313
3315
3316
3319
3322
3323
3324
3328
3330
3331
3334
3340
3341
3343
3344
3345
3359
3378
3383
3391
3394
3398
3401
3402
3404
3405
3407
3410
3415
3423
3432
3433
3434
3438
3440
3443
3448
3450
3455
3457
3461
3462
3463
3466
3470
3484
3488
3493
3495
3500
3503
3505
3506
3509
3512
3514
3515
3524
3525
3526
3533
3534
3538
3549
3550
3552
3553
3554
3556
3564
3566
3568
3572
3573
3578
3580
3582
3584
3590
3593
3595
3597
3598
3599
3604
3606
3609
3610
3612
3615
3620
3623
3624
3632
3634
3635
3636
3637
3638
3642
3644
3646
3647
3648
3651
3657
3661
3662
3676
3679
3680
3682
3683
3684
3692
3697
3698
3699
3701
3702
3703
3704
3705
3706
3708
3712
3713
3716
3718
3729
3733
3741
3746
3748
3753
3755
3757
3759
3763
3764
3766
3776
3777
3779
3782
3790
3791
3792
3801
3811
3813
3814
3815
3818
3821
3822
3827
3829
3830
3834
3838
3841
3849
3853
3855
3860
3865
3866
3868
3869
3871
3874
3880
3881
3886
3887
3892
3895
3896
3897
3899
3912
3913
3933
3943
3946
3947
3960
3961
3962
3963
3968
3969
3979
3982
3984
3985
3997
4000
4001
4006
4009
4010
4013
4015
4018
4023
4033
4034
4043
4049
4052
4059
4066
4067
4070
4071
4092
4094
4096
4098
4104
4111
4113
4118
4119
4120
4124
4125
4147
4148
4152
4153
4154
4155
4156
4157
4159
4160
4165
4169
4172
4173
4176
4178
4179
4185
4186
4193
4196
4197
4215
4217
4225
4229
4231
4235
4237
4238
4242
4250
4253
4258
4264
4265
4270
4275
4290
4292
4293
4300
4303
4309
4313
4323
4330
4340
4341
4353
4368
4382
4388
4389
4390
4391
4401
4403
4405
4408
4415
4430
4438
4444
4446
4448
4455
4458
4470
4474
4476
4477
4479
4480
4484
4485
4490
4492
4493
4495
4510
4514
4531
4536
4539
4543
4544
4545
4555
4556
4559
4560
4566
4568
4572
4576
4577
4581
4588
4591
4592
4595
4597
4603
4611
4623
4624
4625
4632
4633
4635
4636
4637
4640
4651
4660
4674
4683
4690
4691
4694
4699
4703
4708
4710
4715
4718
4726
4734
4742
4765
4766
4767
4769
4774
4790
4791
4796
4799
4805
4807
4810
4811
4812
4828
4829
4837
4860
4861
4869
4873
4876
4878
4880
4881
4883
4886
4887
4892
4900
4906
4912
4917
4919
4920
4927
4931
4938
4941
4943
4952
4955
4969
4971
4974
4976
4982
4993
4997
4998
5008
5032
5036
5045
5051
5055
5076
5084
5090
5102
5119
5124
5125
5126
5134
5135
5148
5153
5154
5156
5160
5169
5172
5179
5193
5196
5200
5205
5220
5222
5227
5235
5240
5243
5247
5251
5253
5255
5264
5268
5272
5273
5276
5282
5309
5310
5311
5315
5326
5330
5331
5333
5340
5349
5356
5360
5365
5369
5380
5382
5387
5392
5399
5400
5408
5413
5419
5421
5422
5423
5425
5443
5457
5461
5462
5466
5473
5480
5488
5489
5491
5494
5503
5504
5511
5515
5521
5536
5550
5551
5557
5559
5563
5564
5574
5575
5579
5586
5588
5589
5593
5596
5601
5605
5618
5628
5630
5631
5638
5646
5648
5649
5651
5654
5660
5661
5669
5672
5681
5682
5684
5704
5705
5712
5719
5723
5724
5726
5736
5737
5745
5754
5765
5773
5776
5778
5779
5782
5795
5798
5805
5813
5820
5822
5835
5838
5840
5848
5853
5855
5859
5867
5868
5871
5873
5874
5875
5882
5884
5888
5896
5905
5908
5914
5918
5921
5923
5930
5952
5959
5961
5971
5974
5999
6000
6022
6023
6028
6031
6033
6036
6037
6038
6039
6041
6044
6052
6053
6064
6072
6073
6074
6079
6085
6088
6089
6092
6093
6094
6096
6112
6114
6118
6121
6122
6125
6126
6133
6143
6145
6157
6158
6159
6162
6175
6179
6186
6201
6202
6204
6205
6209
6213
6214
6218
6221
6224
6230
6234
6236
6241
6248
6253
6254
6267
6292
6298
6303
6306
6314
6321
6322
6328
6336
6343
6344
6357
6359
6360
6365
6367
6371
6373
6378
6381
6383
6389
6392
6401
6403
6411
6412
6416
6418
6420
6432
6439
6450
6458
6463
6464
6485
6486
6489
6490
6493
6496
6519
6522
6531
6545
6548
6549
6564
6585
6586
6588
6593
6597
6602
6609
6612
6615
6627
6628
6640
6646
6658
6668
6670
6671
6672
6675
6687
6689
6691
6696
6701
6703
6704
6706
6713
6718
6719
6723
6729
6731
6735
6737
6751
6753
6754
6755
6757
6765
6768
6780
6791
6792
6798
6800
6807
6813
6836
6863
6872
6886
6893
6895
6901
6902
6903
6913
6915
6918
6922
6926
6935
6938
6945
6948
6957
6966
6970
6981
6984
6994
7005
7009
7035
7038
7039
7041
7044
7046
7052
7060
7064
7065
7069
7072
7102
7104
7126
7131
7133
7140
7143
7148
7171
7176
7177
7178
7179
7194
7199
7203
7211
7216
7222
7224
7230
7232
7235
7240
7242
7243
7245
7247
7273
7282
7285
7292
7296
7299
7302
7308
7312
7315
7319
7321
7322
7326
7328
7341
7366
7377
7379
7385
7390
7398
7399
7406
7409
7411
7413
7422
7424
7437
7439
7442
7451
7454
7459
7460
7462
7470
7478
7488
7490
7491
7492
7512
7514
7515
7517
7519
7528
7535
7550
7557
7558
7562
7570
7571
7573
7574
7578
7581
7588
7604
7614
7615
7621
7627
7630
7641
7643
7644
7650
7654
7657
7658
7661
7671
7672
7679
7680
7688
7694
7700
7702
7706
7707
7715
7717
7725
7727
7730
7732
7736
7739
7748
7754
7760
7761
7762
7770
7777
7787
7793
7794
7795
7797
7814
7817
7818
7824
7825
7830
7835
7839
7852
7854
7856
7858
7870
7874
7882
7883
7886
7894
7898
7909
7916
7925
7932
7934
7935
7939
7946
7959
7960
7961
7971
7972
7984
7991
7992
7998
8003
8010
8016
8017
8023
8039
8049
8051
8062
8065
8066
8071
8074
8078
8080
8084
8086
8090
8105
8106
8119
8126
8137
8139
8143
8153
8161
8165
8170
8175
8225
8227
8229
8235
8236
8242
8243
8249
8251
8271
8279
8282
8297
8314
8317
8318
8319
8343
8346
8347
8354
8360
8366
8368
8369
8379
8400
8454
8455
8458
8461
8463
8467
8468
8471
8472
8481
8482
8486
8488
8514
8518
8529
8533
8535
8536
8543
8578
8580
8586
8587
8594
8607
8612
8616
8635
8636
8654
8660
8676
8684
8699
8705
8732
8733
8736
8737
8739
8740
8758
8760
8761
8775
8779
8785
8790
8798
8816
8817
8823
8827
8828
8837
8849
8856
8860
8865
8866
8870
8879
8886
8901
8902
8914
8917
8920
8933
8944
8945
8947
8949
8960
8964
8965
8970
8973
8988
8998
8999
9006
9008
9011
9013
9035
9045
9049
9062
9063
9066
9078
9081
9091
9094
9096
9099
9106
9109
9113
9131
9150
9155
9163
9175
9179
9184
9185
9191
9194
9206
9213
9216
9220
9224
9227
9238
9242
9248
9255
9261
9265
9268
9272
9273
9282
9283
9288
9293
9295
9296
9299
9316
9325
9334
9340
9346
9357
9366
9377
9380
9382
9389
9428
9430
9445
9465
9476
9477
9484
9494
9498
9499
9503
9521
9529
9530
9532
9533
9540
9549
9554
9568
9569
9595
9601
9605
9607
9613
9621
9625
9639
9652
9655
9657
9667
9693
9695
9699
9703
9709
9715
9716
9721
9728
9747
9759
9762
9766
9769
9770
9783
9788
9798
9800
9802
9820
9831
9833
9835
9884
9886
9888
9906
9911
9931
9941
9975
9981
9982
10018
10029
10034
10044
10050
10061
10063
10064
10065
10074
10114
10124
10129
10131
10132
10145
10151
10154
10155
10156
10180
10181
10209
10218
10219
10225
10235
10244
10245
10249
10277
10297
10302
10308
10312
10315
10317
10342
10371
10399
10414
10426
10434
10439
10445
10446
10450
10472
10482
10488
10494
10499
10501
10509
10519
10523
10538
10543
10544
10551
10553
10556
10558
10572
10578
10595
10626
10640
10654
10664
10670
10672
10695
10702
10710
10731
10733
10748
10761
10762
10764
10771
10774
10779
10781
10782
10783
10786
10791
10799
10805
10807
10810
10831
10849
10887
10889
10892
10915
10920
10944
10950
10982
10987
10998
11005
11019
11029
11031
11035
11040
11075
11089
11093
11115
11132
11139
11144
11159
11160
11166
11181
11194
11210
11212
11218
11221
11271
11292
11293
11320
11323
11328
11343
11383
11387
11398
11403
11420
11439
11485
11500
11502
11533
11538
11540
11541
11543
11549
11554
11561
11564
11566
11609
11619
11621
11632
11648
11670
11697
11704
11716
11723
11762
11769
11790
11813
11826
11831
11836
11851
11858
11870
11874
11899
11940
11964
11994
11998
11999
12007
12025
12079
12080
12081
12100
12104
12111
12123
12124
12136
12140
12141
12147
12161
12175
12195
12198
12209
12211
12216
12225
12242
12243
12247
12261
12275
12320
12325
12335
12344
12353
12355
12358
12402
12405
12406
12418
12440
12458
12507
12531
12534
12538
12539
12555
12568
12585
12586
12587
12630
12632
12648
12653
12655
12665
12687
12705
12708
12730
12764
12769
12798
12804
12832
12833
12856
12881
12919
12923
12945
12950
12954
12963
12971
12995
13020
13034
13039
13053
13061
13113
13131
13134
13138
13161
13163
13200
13203
13209
13224
13227
13245
13260
13267
13278
13288
13291
13315
13325
13354
13356
13403
13455
13462
13469
13472
13484
13488
13494
13503
13517
13518
13519
13520
13529
13530
13538
13581
13588
13599
13651
13663
13683
13685
13687
13689
13691
13792
13800
13807
13812
13821
13825
13850
13856
13858
13899
13912
13927
13942
13947
13977
13980
13997
14042
14055
14105
14117
14121
14124
14145
14193
14257
14261
14312
14344
14383
14400
14410
14411
14451
14474
14535
14563
14581
14614
14619
14642
14650
14651
14657
14663
14664
14669
14685
14714
14754
14765
14781
14783
14785
14804
14807
14812
14832
14847
14858
14867
14901
14905
14914
14927
14967
14982
14986
15000
15007
15014
15024
15031
15051
15056
15066
15072
15084
15087
15092
15098
15117
15121
15153
15159
15180
15185
15191
15232
15257
15277
15278
15284
15286
15288
15294
15322
15329
15349
15370
15384
15397
15455
15500
15509
15515
15518
15519
15525
15535
15557
15558
15597
15634
15651
15664
15665
15691
15696
15702
15722
15737
15754
15867
15904
15906
15919
15925
15935
15981
16071
16108
16148
16170
16201
16225
16320
16354
16357
16373
16408
16449
16499
16504
16524
16546
16555
16562
16568
16572
16579
16591
16609
16635
16646
16674
16678
16687
16768
16799
16805
16808
16818
16949
17097
17134
17141
17152
17249
17252
17267
17268
17269
17286
17288
17300
17303
17307
17308
17311
17313
17320
17322
17405
17412
17428
17479
17486
17493
17508
17514
17570
17575
17640
17720
17787
17795
17801
17820
17821
17841
17869
17877
17921
17928
17930
17945
17955
17968
17972
18058
18062
18065
18071
18096
18105
18106
18107
18110
18111
18115
18120
18127
18129
18133
18134
18136
18137
18138
18141
18143
18144
18146
18170
18178
18181
18201
18214
18218
18219
18221
18237
18238
18246
18294
18304
18319
18345
18349
18350
18351
18357
18383
18395
18410
18448
18469
18481
18504
18517
18530
18532
18557
18581
18607
18617
18648
18674
18722
18732
18737
18739
18771
18890
18992
18996
19007
19009
19211
19253
19636
