205
125
74
288
160
140
203
194
138
130
92
178
351
152
244
192
252
274
82
249
226
78
237
105
191
112
76
286
142
116
108
258
149
196
193
95
102
242
176
46
637
289
104
132
152
95
189
185
253
270
291
128
304
150
275
246
143
118
170
58
105
220
200
55
132
307
228
72
210
135
221
99
388
80
113
89
108
180
72
108
117
83
257
234
215
51
133
164
119
142
254
190
139
234
280
86
159
86
113
185
89
172
512
122
228
125
357
270
180
211
126
236
110
259
236
195
149
113
449
74
94
144
158
73
112
111
196
111
78
226
94
140
111
103
84
95
239
92
159
258
249
103
109
178
118
297
165
372
110
84
269
33
140
168
177
202
9
73
110
65
264
253
205
90
216
231
122
165
106
54
135
55
129
129
93
119
96
106
169
152
106
214
330
74
59
218
337
108
273
116
124
333
236
57
249
237
75
176
355
62
67
53
208
89
203
176
44
33
75
88
264
58
428
190
226
130
52
168
109
251
146
211
282
46
206
115
63
333
88
103
178
92
168
68
102
313
248
136
134
211
273
235
99
277
103
129
269
288
103
256
146
100
187
117
82
269
304
49
96
80
