236
248
140
232
130
109
502
160
261
287
426
248
242
158
201
421
163
430
274
223
356
160
321
250
329
315
207
342
259
106
249
230
431
258
166
113
84
237
162
163
265
184
294
362
153
143
331
216
256
299
266
394
336
243
323
110
198
263
215
195
350
273
274
110
97
142
211
386
282
299
140
281
92
497
243
40
226
165
233
206
211
290
170
336
131
232
282
231
585
291
163
95
351
348
280
419
358
254
296
148
232
131
200
178
103
281
311
53
55
389
124
218
114
201
169
201
111
232
100
372
214
281
259
219
265
135
151
292
87
213
98
65
305
251
207
250
326
199
217
258
231
202
339
402
194
108
302
184
434
234
229
343
216
274
147
127
137
122
265
96
321
361
155
267
182
332
262
248
273
332
221
416
359
184
114
202
310
238
346
304
634
264
235
227
257
379
337
228
310
177
47
412
434
282
147
274
471
297
376
174
261
183
293
185
130
329
215
283
110
479
256
65
66
121
223
246
415
298
301
472
263
193
123
370
176
463
193
132
268
166
432
296
417
134
126
263
189
239
340
397
442
309
237
196
217
218
200
213
93
312
247
260
114
277
288
133
229
249
410
92
