187
173
284
324
393
235
359
306
144
220
403
244
347
179
87
215
227
277
507
262
310
324
176
312
84
249
195
308
440
391
246
194
438
350
108
236
142
231
154
291
458
161
304
279
311
463
179
466
392
260
371
214
184
281
261
302
551
437
84
250
389
157
217
406
289
340
395
328
378
294
365
284
184
141
339
306
219
294
206
413
292
499
418
189
227
380
406
447
353
379
296
281
407
502
277
396
422
321
253
283
373
274
375
377
179
252
466
369
361
186
134
243
256
250
148
354
365
307
13
325
340
84
273
229
286
288
209
251
1397
369
132
297
319
119
272
380
222
366
227
307
354
537
402
340
233
265
386
234
347
209
188
349
431
233
214
300
286
373
501
413
259
363
446
26
228
318
386
730
492
320
208
207
228
438
420
175
497
333
430
352
263
342
89
136
268
243
230
228
385
382
109
202
251
322
377
261
311
135
334
216
232
309
490
439
370
423
167
369
319
435
296
339
215
384
242
151
192
311
409
385
350
364
297
118
360
304
408
454
335
299
330
344
136
366
482
250
444
364
367
401
341
295
262
507
380
472
266
490
371
316
418
348
88
368
318
190
370
106
309
