394
539
338
218
322
337
368
437
435
644
487
451
284
315
237
319
348
411
129
283
533
272
382
257
355
332
400
228
430
260
393
283
261
539
217
301
463
276
488
346
562
276
420
332
428
309
297
402
359
274
517
205
370
405
446
377
341
403
470
448
335
391
404
495
370
549
375
433
369
575
352
300
291
297
488
502
290
367
440
374
398
425
270
295
582
393
438
328
441
483
415
457
378
490
499
436
377
312
322
521
233
438
235
287
209
376
356
409
342
263
235
226
514
555
319
265
450
235
300
491
295
349
558
374
463
469
471
309
273
393
443
426
282
351
430
312
208
341
372
182
348
420
290
278
582
276
375
335
287
242
358
266
258
358
473
408
435
329
355
220
396
325
190
209
342
507
368
299
332
454
283
417
383
400
420
375
420
309
267
358
371
247
383
489
477
406
420
231
357
339
390
383
234
541
335
554
264
433
214
346
332
347
397
436
267
473
484
253
241
309
324
632
234
383
328
398
334
143
388
260
244
383
509
230
479
281
259
257
375
492
351
527
510
370
431
419
255
304
330
464
427
278
564
397
386
450
367
672
248
263
312
311
667
456
367
460
269
399
375
