6
8
9
15
17
20
23
29
36
37
39
42
52
59
60
63
65
67
68
69
72
74
77
82
85
91
93
98
101
107
108
110
113
117
119
123
125
126
130
132
138
139
144
152
155
162
165
166
167
169
176
177
181
183
189
190
191
193
200
201
204
205
206
207
209
212
214
217
227
230
244
250
253
255
262
264
272
273
280
282
284
287
288
295
298
300
303
307
312
313
320
322
331
344
347
351
360
363
371
376
378
379
384
386
388
389
394
399
400
402
409
415
419
421
423
424
427
428
431
432
437
438
439
441
442
445
450
451
463
465
470
477
479
485
492
494
500
503
504
505
511
513
514
516
518
519
523
525
529
532
533
541
546
548
552
553
554
555
563
565
567
569
575
579
582
585
596
599
601
602
619
620
621
631
635
636
640
648
650
652
658
672
673
680
681
685
690
692
696
701
710
719
721
727
733
734
736
739
744
751
754
759
765
768
773
774
777
778
779
782
788
790
792
795
796
801
805
806
808
810
815
817
824
825
830
837
843
855
856
860
869
870
878
884
887
889
891
900
902
903
906
909
911
912
918
919
920
927
930
937
940
944
955
961
964
973
974
975
980
987
990
999
1006
1012
1013
1016
1019
1024
1025
1029
1030
1031
1037
1041
1043
1044
1060
1062
1064
1067
1071
1073
1075
1077
1082
1084
1092
1096
1098
1103
1109
1122
1124
1127
1129
1143
1149
1150
1156
1158
1159
1161
1162
1165
1184
1191
1200
1204
1208
1209
1220
1223
1231
1232
1245
1258
1264
1271
1279
1285
1286
1293
1297
1304
1312
1328
1331
1337
1341
1343
1349
1350
1352
1355
1356
1369
1372
1378
1385
1389
1403
1409
1419
1426
1429
1430
1436
1444
1447
1450
1451
1463
1465
1466
1468
1472
1475
1479
1480
1483
1487
1488
1490
1494
1503
1507
1514
1520
1523
1536
1545
1548
1563
1570
1579
1589
1590
1599
1624
1627
1644
1665
1679
1683
1687
1694
1697
1705
1726
1731
1736
1744
1758
1760
1762
1764
1766
1777
1789
1791
1792
1799
1813
1828
1830
1841
1850
1853
1866
1867
1887
1897
1900
1904
1909
1915
1919
1920
1925
1935
1937
1945
1947
1950
1956
1957
1969
1974
1977
1981
1982
1985
1990
1995
1996
2005
2009
2011
2015
2019
2021
2027
2028
2032
2033
2041
2044
2047
2052
2053
2064
2075
2076
2088
2089
2090
2092
2096
2098
2105
2109
2112
2116
2124
2133
2134
2140
2150
2154
2157
2159
2166
2167
2174
2176
2183
2188
2190
2194
2196
2197
2199
2201
2202
2212
2219
2238
2250
2256
2293
2300
2311
2316
2317
2322
2329
2336
2338
2341
2359
2364
2366
2367
2368
2369
2393
2394
2403
2412
2413
2434
2436
2440
2444
2450
2466
2473
2480
2489
2494
2501
2503
2514
2521
2526
2531
2548
2549
2550
2552
2567
2568
2571
2572
2581
2582
2587
2590
2593
2604
2605
2606
2608
2615
2616
2622
2634
2637
2641
2645
2646
2647
2648
2650
2660
2662
2666
2669
2670
2674
2678
2680
2684
2688
2690
2692
2695
2696
2699
2701
2710
2713
2719
2720
2724
2725
2726
2732
2738
2747
2749
2753
2754
2755
2762
2763
2765
2769
2771
2774
2775
2781
2783
2784
2787
2792
2795
2802
2811
2816
2822
2829
2832
2835
2845
2848
2854
2858
2859
2861
2865
2882
2885
2888
2893
2894
2897
2898
2901
2903
2907
2910
2911
2912
2917
2918
2922
2926
2931
2933
2939
2943
2945
2946
2951
2954
2958
2963
2967
2970
2976
2977
2978
2988
2994
3002
3007
3008
3011
3030
3039
3044
3049
3052
3053
3073
3091
3094
3095
3098
3100
3105
3106
3108
3115
3116
3120
3128
3139
3140
3150
3152
3156
3157
3159
3163
3168
3170
3171
3193
3205
3206
3207
3208
3209
3213
3216
3217
3232
3237
3243
3244
3249
3250
3251
3256
3259
3264
3265
3266
3275
3279
3292
3295
3296
3297
3299
3301
3306
3325
3330
3331
3341
3343
3344
3354
3357
3359
3363
3368
3369
3375
3376
3387
3398
3403
3410
3412
3418
3421
3424
3435
3441
3450
3451
3452
3453
3459
3462
3463
3465
3466
3470
3473
3476
3479
3483
3485
3488
3489
3491
3502
3505
3506
3509
3511
3512
3517
3520
3523
3524
3525
3529
3533
3543
3544
3547
3551
3553
3556
3558
3560
3565
3567
3570
3571
3578
3579
3580
3583
3584
3590
3592
3596
3603
3604
3605
3606
3608
3609
3610
3611
3612
3613
3614
3618
3619
3623
3624
3625
3626
3632
3637
3641
3646
3651
3652
3662
3682
3683
3693
3702
3703
3705
3706
3707
3708
3710
3713
3719
3720
3721
3730
3731
3733
3752
3753
3755
3756
3757
3763
3764
3766
3773
3775
3779
3782
3786
3795
3799
3802
3803
3815
3818
3819
3823
3828
3833
3834
3838
3839
3844
3848
3852
3853
3856
3857
3859
3860
3865
3867
3868
3870
3871
3887
3888
3896
3898
3901
3907
3916
3922
3923
3924
3927
3929
3932
3943
3945
3961
3968
3970
3972
3983
3994
3997
4000
4006
4008
4009
4012
4016
4023
4032
4036
4045
4046
4050
4054
4071
4080
4084
4103
4107
4111
4115
4118
4119
4120
4122
4145
4146
4148
4159
4162
4179
4184
4186
4188
4194
4195
4217
4229
4232
4242
4250
4253
4256
4266
4275
4290
4292
4293
4294
4304
4308
4311
4316
4323
4329
4340
4347
4350
4352
4355
4358
4359
4362
4373
4376
4383
4384
4389
4390
4397
4399
4405
4406
4412
4421
4425
4430
4432
4446
4451
4454
4470
4475
4477
4486
4488
4491
4495
4510
4513
4518
4534
4539
4543
4545
4555
4556
4558
4560
4561
4566
4587
4596
4610
4615
4622
4626
4629
4632
4633
4634
4635
4636
4651
4657
4660
4671
4679
4681
4683
4685
4695
4699
4702
4703
4706
4707
4708
4718
4724
4726
4728
4740
4759
4763
4766
4787
4790
4794
4803
4812
4813
4816
4817
4830
4840
4841
4846
4855
4859
4866
4869
4881
4882
4883
4886
4891
4894
4909
4910
4924
4930
4931
4937
4944
4959
4961
4962
4969
4970
4972
4980
4981
4988
4997
4998
5001
5005
5009
5013
5017
5019
5030
5036
5040
5045
5051
5062
5074
5082
5111
5115
5120
5123
5129
5152
5156
5158
5160
5176
5187
5193
5195
5205
5238
5247
5251
5262
5264
5268
5270
5272
5280
5282
5299
5309
5326
5331
5336
5354
5359
5361
5366
5369
5376
5390
5408
5432
5435
5437
5444
5449
5457
5464
5471
5476
5478
5489
5491
5498
5500
5519
5521
5523
5530
5536
5549
5550
5560
5561
5564
5565
5566
5567
5571
5579
5583
5588
5590
5592
5609
5621
5624
5625
5626
5628
5630
5638
5653
5654
5656
5662
5675
5688
5697
5699
5702
5706
5707
5708
5709
5715
5750
5755
5760
5764
5766
5767
5774
5778
5779
5784
5791
5793
5794
5805
5811
5812
5817
5836
5837
5840
5844
5848
5861
5883
5884
5888
5889
5903
5917
5922
5927
5944
5947
5953
5956
5957
5966
5967
5971
5984
5985
5990
5992
5996
6007
6013
6015
6028
6031
6033
6034
6035
6037
6039
6047
6056
6063
6079
6080
6081
6093
6094
6095
6096
6103
6107
6112
6113
6114
6121
6125
6126
6139
6140
6142
6144
6146
6150
6186
6206
6212
6213
6217
6219
6221
6224
6230
6234
6246
6253
6272
6274
6276
6317
6321
6322
6336
6356
6370
6371
6375
6382
6383
6389
6391
6393
6395
6404
6409
6421
6425
6427
6432
6444
6466
6473
6480
6495
6496
6500
6509
6515
6517
6550
6566
6586
6590
6592
6597
6612
6618
6624
6626
6629
6631
6637
6649
6653
6665
6675
6684
6687
6696
6697
6706
6713
6716
6718
6719
6720
6722
6723
6728
6730
6731
6741
6747
6757
6767
6770
6772
6794
6799
6809
6810
6817
6822
6823
6825
6836
6844
6857
6859
6865
6869
6871
6883
6884
6886
6900
6907
6911
6913
6915
6916
6918
6921
6922
6926
6927
6934
6935
6943
6944
6956
6970
6977
6981
6995
7006
7012
7023
7035
7038
7046
7049
7068
7070
7073
7093
7097
7116
7132
7133
7134
7148
7167
7176
7177
7178
7198
7202
7203
7208
7209
7211
7216
7223
7232
7241
7242
7243
7244
7245
7256
7259
7275
7282
7291
7293
7298
7300
7325
7338
7342
7343
7346
7353
7358
7362
7366
7370
7377
7393
7394
7403
7406
7409
7414
7416
7422
7442
7451
7460
7461
7465
7466
7475
7480
7487
7517
7532
7534
7547
7557
7570
7583
7592
7593
7594
7601
7602
7628
7630
7635
7640
7641
7643
7645
7654
7657
7666
7670
7686
7687
7700
7707
7708
7712
7718
7720
7729
7739
7749
7762
7765
7770
7772
7773
7794
7804
7813
7816
7827
7830
7833
7837
7840
7849
7851
7858
7861
7865
7867
7868
7874
7877
7881
7886
7888
7898
7902
7903
7906
7913
7919
7924
7925
7929
7931
7934
7940
7943
7944
7947
7949
7972
7981
7983
7992
8001
8003
8009
8014
8015
8047
8049
8051
8059
8062
8071
8074
8075
8078
8081
8083
8084
8087
8099
8102
8104
8118
8119
8141
8145
8149
8150
8153
8156
8161
8164
8165
8169
8192
8195
8200
8234
8246
8260
8262
8270
8271
8276
8279
8287
8314
8315
8317
8327
8341
8343
8348
8353
8354
8365
8394
8404
8418
8449
8455
8458
8461
8471
8472
8481
8507
8513
8514
8557
8567
8580
8588
8603
8605
8612
8613
8645
8648
8655
8660
8698
8700
8702
8705
8726
8729
8732
8733
8736
8737
8745
8749
8780
8785
8824
8827
8834
8842
8849
8856
8862
8865
8874
8893
8913
8917
8924
8968
8973
8977
8978
8980
9003
9006
9011
9028
9030
9033
9035
9048
9052
9057
9061
9066
9069
9078
9081
9090
9092
9096
9106
9108
9109
9135
9139
9140
9145
9146
9149
9157
9174
9185
9206
9207
9211
9212
9216
9223
9236
9238
9240
9242
9250
9259
9265
9267
9276
9277
9278
9282
9283
9295
9298
9299
9303
9306
9325
9326
9338
9346
9352
9383
9384
9420
9438
9445
9461
9476
9490
9499
9510
9513
9515
9528
9530
9532
9536
9557
9561
9569
9591
9594
9598
9611
9616
9626
9647
9669
9672
9689
9693
9695
9719
9728
9740
9747
9751
9768
9771
9776
9790
9802
9813
9824
9841
9847
9860
9861
9911
9920
9964
9978
9980
10047
10063
10064
10084
10100
10114
10139
10144
10151
10154
10158
10181
10189
10209
10218
10235
10237
10245
10268
10285
10299
10336
10339
10358
10390
10399
10404
10434
10459
10474
10480
10485
10513
10528
10532
10538
10552
10578
10585
10608
10609
10610
10682
10728
10730
10743
10747
10771
10774
10775
10786
10790
10791
10794
10796
10799
10804
10833
10841
10846
10847
10859
10863
10864
10881
10889
10912
10914
10944
10962
10964
10977
10983
11004
11005
11008
11033
11051
11059
11082
11093
11094
11115
11127
11141
11146
11154
11159
11181
11194
11212
11218
11225
11257
11266
11270
11276
11305
11317
11343
11358
11386
11403
11413
11425
11439
11448
11453
11468
11507
11510
11512
11542
11545
11548
11561
11566
11572
11573
11574
11581
11583
11590
11609
11619
11632
11640
11707
11728
11731
11826
11849
11903
11910
11951
11963
11971
11973
11980
12007
12062
12074
12090
12096
12123
12127
12135
12138
12139
12141
12142
12179
12182
12220
12239
12242
12247
12295
12315
12323
12325
12358
12382
12386
12413
12419
12444
12501
12513
12518
12537
12538
12554
12559
12579
12587
12594
12606
12632
12664
12667
12677
12680
12699
12708
12716
12720
12737
12748
12786
12800
12803
12876
12892
12915
12925
12934
12994
13017
13019
13020
13028
13068
13070
13097
13112
13134
13143
13150
13190
13216
13227
13248
13254
13263
13267
13282
13306
13314
13318
13320
13343
13351
13389
13429
13492
13514
13517
13528
13529
13538
13566
13584
13587
13611
13637
13647
13654
13663
13685
13688
13689
13691
13718
13748
13754
13770
13775
13848
13854
13880
13940
13997
14001
14006
14033
14117
14123
14150
14153
14169
14173
14174
14297
14344
14370
14378
14419
14447
14485
14557
14594
14646
14664
14665
14680
14690
14725
14734
14752
14766
14793
14812
14841
14878
14888
14901
14909
14920
14978
15011
15014
15035
15051
15059
15072
15086
15121
15135
15172
15180
15223
15243
15246
15249
15278
15311
15332
15341
15348
15366
15383
15405
15419
15421
15422
15423
15434
15436
15463
15479
15507
15557
15584
15597
15661
15668
15670
15714
15763
15782
15864
15882
15888
15914
15927
16010
16046
16056
16071
16112
16181
16217
16220
16276
16320
16372
16391
16407
16449
16458
16471
16495
16500
16520
16523
16534
16577
16609
16623
16646
16695
16726
16740
16765
16792
16812
16818
16835
16949
17097
17122
17152
17250
17254
17266
17267
17271
17272
17273
17292
17299
17300
17366
17429
17432
17514
17566
17569
17575
17661
17822
17852
17887
17926
17934
17949
18017
18052
18055
18059
18061
18063
18068
18071
18077
18079
18085
18088
18102
18106
18116
18121
18122
18129
18130
18132
18137
18141
18144
18153
18168
18186
18188
18195
18200
18206
18215
18217
18218
18219
18220
18223
18226
18230
18261
18266
18287
18293
18338
18339
18342
18343
18351
18361
18364
18383
18404
18429
18454
18503
18507
18510
18657
18666
18680
18734
18767
18771
18801
18839
18927
18984
18990
19016
19058
19094
19102
19207
19225
19470
