101
109
134
295
352
366
427
549
555
673
736
739
810
918
946
973
1077
1422
1671
1959
1986
2024
2067
2418
2423
2443
2582
2644
2746
2850
3002
3091
3157
3177
3415
3421
3431
3544
3559
3726
3795
4212
4251
4315
4413
4495
4607
4718
4726
4890
4961
4993
5019
5045
5056
5228
5334
5382
5584
5595
5623
5739
6020
6057
6711
6720
6727
7362
7462
7529
7532
7573
7689
7812
8463
8753
8786
8857
8917
9085
9848
9902
9964
10139
10297
10298
10413
10558
11040
11352
11527
11541
11609
11640
12081
12144
12320
12419
12914
12963
12966
13227
13263
13455
13538
13587
13664
13721
14226
14246
14552
14735
14925
15026
15737
16316
16421
16819
18017
