1
4
9
14
17
18
19
20
23
29
36
37
38
39
41
42
46
47
48
54
55
56
60
64
67
68
70
71
72
74
75
77
78
82
84
88
90
93
94
97
98
101
103
107
108
109
112
113
114
115
116
118
119
122
123
124
126
128
130
131
132
136
137
138
140
141
142
145
146
147
152
155
159
160
162
163
164
165
167
168
169
170
175
177
178
179
182
183
185
189
191
193
194
204
206
207
208
210
211
213
215
216
217
229
230
233
236
237
239
240
241
242
243
244
247
248
250
253
256
257
258
260
262
263
264
267
269
270
271
272
278
279
285
287
288
293
295
297
299
303
308
312
313
321
322
326
334
336
337
344
345
347
351
355
357
359
363
370
371
374
375
376
377
379
383
387
388
393
394
400
402
403
405
409
413
418
419
420
421
423
424
425
426
427
428
431
432
438
441
446
448
449
450
451
454
457
463
466
468
470
471
474
477
480
482
483
490
503
504
505
507
510
513
514
517
519
525
526
533
534
536
538
540
542
544
546
548
551
552
553
555
558
561
564
566
567
573
575
582
594
599
600
601
606
609
610
616
619
620
626
628
634
636
638
639
645
650
651
656
662
663
664
670
671
672
673
682
684
685
689
692
697
707
708
710
720
721
731
732
734
735
736
737
739
743
745
749
750
752
754
755
756
758
759
768
773
774
777
778
779
780
782
785
789
790
792
793
795
796
797
798
799
800
801
804
805
806
810
811
814
815
824
826
836
839
842
843
844
846
850
851
857
860
862
867
870
872
878
882
884
887
888
889
895
898
900
901
903
908
912
913
917
918
919
920
921
922
927
928
929
932
936
940
941
943
944
946
950
952
960
961
964
969
971
973
974
976
980
984
992
993
994
996
1002
1014
1018
1020
1022
1024
1027
1028
1033
1034
1043
1049
1052
1053
1055
1062
1069
1071
1075
1076
1077
1082
1083
1084
1085
1086
1089
1090
1091
1092
1098
1104
1106
1109
1122
1126
1129
1132
1133
1134
1138
1143
1145
1146
1150
1159
1167
1179
1180
1184
1186
1190
1194
1209
1210
1213
1216
1218
1220
1223
1227
1230
1232
1235
1237
1241
1245
1246
1249
1250
1251
1253
1261
1265
1269
1274
1276
1279
1280
1286
1291
1304
1307
1312
1320
1323
1327
1331
1338
1347
1349
1350
1351
1353
1361
1365
1369
1373
1378
1391
1400
1401
1402
1403
1406
1409
1417
1425
1431
1432
1436
1439
1441
1442
1446
1447
1451
1456
1457
1458
1463
1464
1465
1466
1467
1468
1469
1470
1473
1474
1475
1479
1484
1485
1493
1495
1500
1503
1504
1512
1514
1516
1518
1521
1522
1526
1530
1536
1541
1542
1548
1552
1559
1560
1563
1573
1580
1581
1583
1589
1590
1595
1596
1598
1599
1600
1606
1610
1616
1622
1623
1625
1626
1633
1640
1644
1647
1658
1659
1667
1668
1670
1671
1673
1676
1679
1680
1683
1685
1687
1693
1697
1705
1708
1712
1716
1722
1723
1726
1729
1744
1745
1752
1756
1758
1761
1764
1766
1769
1772
1774
1778
1788
1789
1791
1792
1797
1798
1801
1805
1810
1811
1830
1833
1835
1841
1845
1848
1850
1852
1853
1859
1860
1865
1867
1868
1870
1881
1883
1884
1904
1917
1920
1922
1923
1924
1925
1935
1945
1947
1950
1951
1957
1958
1959
1960
1961
1967
1969
1971
1972
1973
1976
1981
1982
1988
1996
2005
2016
2019
2023
2027
2028
2032
2037
2039
2040
2041
2047
2049
2054
2056
2064
2067
2068
2076
2089
2092
2099
2105
2108
2109
2124
2127
2133
2144
2151
2155
2160
2163
2165
2167
2168
2174
2176
2193
2194
2197
2200
2208
2209
2212
2214
2224
2228
2232
2238
2246
2247
2254
2256
2260
2263
2267
2268
2273
2276
2279
2293
2296
2301
2308
2321
2322
2328
2330
2333
2337
2338
2343
2344
2355
2359
2363
2365
2366
2369
2379
2386
2392
2393
2403
2406
2408
2417
2423
2432
2434
2435
2446
2450
2453
2455
2464
2466
2467
2477
2484
2486
2487
2489
2491
2498
2501
2504
2511
2515
2518
2519
2521
2523
2539
2540
2543
2546
2547
2548
2549
2550
2552
2556
2558
2559
2562
2568
2571
2579
2581
2582
2587
2588
2590
2592
2593
2594
2598
2599
2600
2601
2602
2604
2606
2607
2608
2610
2615
2616
2622
2623
2624
2625
2629
2634
2641
2645
2646
2647
2648
2658
2659
2662
2663
2666
2667
2669
2671
2674
2679
2681
2682
2686
2688
2692
2702
2704
2705
2706
2714
2715
2717
2719
2725
2727
2729
2732
2735
2739
2746
2747
2748
2749
2755
2758
2761
2762
2763
2765
2766
2770
2771
2775
2777
2780
2787
2790
2791
2796
2802
2809
2811
2813
2815
2816
2819
2822
2826
2832
2833
2835
2837
2838
2840
2844
2848
2851
2852
2859
2861
2867
2868
2869
2873
2874
2879
2885
2887
2889
2893
2896
2901
2902
2904
2907
2910
2914
2916
2919
2922
2933
2934
2939
2941
2946
2947
2948
2951
2952
2953
2956
2970
2973
2975
2976
2987
2988
2992
2994
3002
3003
3011
3018
3020
3027
3029
3033
3037
3042
3044
3046
3049
3053
3058
3063
3069
3077
3083
3084
3087
3093
3094
3095
3099
3100
3105
3108
3110
3116
3118
3123
3126
3127
3132
3133
3136
3138
3139
3141
3142
3144
3150
3152
3155
3156
3158
3159
3163
3165
3168
3169
3170
3171
3174
3183
3184
3185
3186
3188
3193
3195
3200
3203
3206
3207
3212
3214
3215
3216
3217
3219
3228
3232
3236
3239
3240
3242
3244
3249
3250
3253
3254
3261
3262
3264
3265
3270
3275
3278
3281
3282
3285
3286
3287
3292
3293
3296
3298
3301
3302
3308
3309
3310
3313
3314
3315
3322
3323
3325
3330
3331
3332
3334
3337
3344
3346
3347
3348
3353
3357
3361
3365
3367
3369
3371
3372
3375
3376
3377
3380
3383
3385
3386
3390
3391
3398
3404
3405
3408
3411
3412
3413
3423
3424
3426
3429
3434
3437
3439
3443
3445
3450
3453
3455
3456
3458
3459
3461
3462
3463
3465
3466
3470
3472
3474
3475
3476
3477
3480
3482
3483
3489
3495
3503
3507
3519
3520
3525
3529
3532
3533
3534
3535
3537
3538
3539
3541
3544
3545
3549
3552
3553
3554
3555
3559
3562
3564
3565
3567
3568
3570
3573
3574
3576
3578
3579
3581
3582
3583
3591
3594
3595
3599
3603
3604
3605
3608
3610
3611
3612
3620
3622
3624
3625
3626
3630
3632
3639
3646
3647
3648
3651
3654
3658
3665
3670
3674
3680
3681
3682
3683
3693
3694
3702
3703
3704
3705
3706
3707
3708
3709
3712
3714
3715
3716
3717
3718
3720
3722
3723
3726
3729
3731
3732
3733
3735
3739
3746
3748
3752
3759
3760
3763
3764
3766
3767
3776
3777
3791
3793
3796
3800
3801
3813
3815
3817
3823
3827
3831
3833
3834
3838
3839
3840
3842
3845
3846
3847
3853
3854
3856
3857
3860
3864
3865
3866
3868
3869
3870
3874
3879
3880
3881
3882
3887
3892
3898
3900
3902
3919
3920
3922
3931
3939
3941
3942
3945
3954
3957
3958
3961
3963
3964
3967
3970
3972
3983
3988
3989
3993
3995
3997
4000
4001
4005
4006
4009
4011
4012
4013
4020
4022
4023
4027
4030
4033
4034
4042
4053
4059
4062
4071
4082
4086
4087
4088
4089
4090
4095
4098
4103
4104
4108
4109
4111
4113
4118
4120
4123
4129
4131
4132
4134
4135
4136
4137
4147
4149
4154
4155
4160
4161
4163
4169
4172
4179
4185
4186
4188
4191
4197
4199
4201
4204
4205
4215
4219
4220
4221
4228
4229
4237
4239
4240
4242
4250
4258
4264
4266
4269
4274
4299
4316
4317
4323
4324
4325
4328
4329
4334
4336
4337
4340
4347
4349
4352
4354
4358
4359
4382
4388
4389
4390
4392
4396
4405
4411
4413
4418
4420
4425
4430
4434
4444
4445
4448
4454
4455
4456
4459
4465
4469
4472
4476
4481
4484
4490
4491
4495
4502
4504
4510
4532
4539
4543
4544
4545
4546
4555
4556
4559
4560
4561
4563
4566
4572
4574
4587
4607
4614
4623
4625
4626
4635
4645
4647
4649
4650
4657
4660
4668
4679
4680
4682
4697
4699
4702
4703
4704
4710
4711
4712
4718
4724
4734
4742
4743
4751
4757
4759
4763
4765
4766
4771
4774
4775
4787
4790
4796
4800
4805
4806
4810
4812
4813
4816
4817
4828
4833
4834
4836
4837
4839
4840
4846
4847
4859
4861
4864
4869
4873
4878
4881
4883
4886
4887
4894
4900
4901
4904
4906
4912
4914
4917
4923
4927
4929
4931
4940
4941
4942
4943
4952
4955
4957
4958
4959
4960
4961
4969
4971
4975
4976
4992
4993
4994
4996
4998
5006
5007
5010
5013
5016
5019
5022
5025
5030
5031
5032
5036
5041
5045
5051
5052
5053
5055
5056
5060
5068
5069
5071
5074
5075
5076
5082
5087
5090
5091
5093
5097
5101
5110
5111
5116
5124
5125
5130
5133
5136
5145
5148
5151
5154
5157
5160
5167
5176
5179
5193
5204
5214
5231
5235
5247
5257
5261
5262
5263
5264
5265
5272
5273
5277
5282
5294
5305
5312
5318
5321
5325
5326
5330
5332
5335
5338
5352
5360
5361
5366
5369
5371
5376
5378
5382
5388
5390
5395
5409
5413
5416
5425
5428
5431
5438
5442
5446
5448
5461
5465
5466
5474
5476
5478
5486
5491
5494
5497
5505
5511
5513
5515
5521
5523
5526
5531
5534
5536
5544
5549
5551
5553
5555
5556
5560
5563
5564
5566
5567
5571
5574
5579
5580
5586
5588
5595
5596
5601
5603
5606
5612
5630
5634
5636
5642
5651
5654
5657
5658
5660
5673
5675
5679
5681
5684
5688
5692
5695
5699
5702
5705
5706
5708
5710
5718
5719
5720
5726
5731
5734
5736
5743
5746
5747
5755
5756
5773
5774
5778
5782
5784
5794
5797
5803
5806
5812
5814
5817
5818
5827
5829
5833
5834
5840
5842
5848
5850
5851
5853
5854
5858
5859
5861
5865
5869
5875
5876
5880
5884
5891
5897
5906
5918
5920
5923
5926
5929
5938
5940
5942
5945
5946
5947
5950
5954
5956
5959
5961
5962
5967
5970
5987
5989
5993
6013
6018
6022
6024
6026
6027
6032
6039
6043
6050
6052
6055
6056
6057
6063
6064
6067
6074
6076
6083
6088
6092
6093
6094
6095
6096
6097
6103
6111
6112
6125
6126
6128
6139
6140
6145
6150
6161
6162
6163
6167
6171
6178
6182
6185
6186
6201
6212
6214
6221
6222
6235
6245
6246
6253
6258
6261
6271
6272
6276
6283
6287
6291
6292
6298
6300
6304
6307
6329
6337
6341
6343
6349
6353
6357
6361
6362
6364
6370
6371
6373
6379
6383
6389
6393
6394
6403
6410
6412
6413
6414
6418
6421
6423
6424
6427
6432
6455
6457
6458
6460
6461
6469
6473
6481
6482
6485
6489
6491
6513
6514
6518
6522
6528
6532
6542
6544
6548
6553
6555
6557
6565
6576
6577
6586
6589
6596
6597
6610
6612
6613
6619
6626
6628
6629
6633
6637
6640
6649
6651
6653
6660
6665
6667
6668
6669
6671
6673
6675
6679
6680
6684
6687
6694
6697
6702
6705
6713
6717
6718
6719
6722
6735
6736
6747
6751
6752
6762
6767
6772
6781
6783
6784
6786
6790
6792
6793
6795
6799
6800
6801
6802
6807
6811
6812
6813
6815
6820
6828
6836
6841
6844
6850
6851
6857
6858
6863
6867
6869
6871
6878
6879
6883
6885
6886
6894
6900
6906
6914
6915
6923
6926
6927
6928
6934
6956
6960
6965
6967
6970
6984
6988
7007
7014
7018
7020
7036
7037
7040
7044
7046
7060
7064
7065
7068
7074
7079
7082
7089
7093
7108
7110
7116
7127
7131
7132
7136
7140
7142
7148
7152
7153
7155
7167
7175
7176
7178
7186
7192
7194
7208
7209
7211
7212
7213
7221
7224
7225
7226
7231
7232
7236
7240
7241
7243
7257
7261
7268
7273
7274
7279
7284
7285
7291
7302
7303
7314
7317
7319
7320
7321
7323
7342
7347
7357
7358
7367
7375
7378
7379
7382
7383
7385
7394
7395
7403
7405
7416
7419
7430
7449
7451
7452
7461
7462
7463
7465
7471
7472
7477
7480
7488
7492
7507
7508
7509
7514
7520
7523
7532
7533
7534
7537
7538
7542
7552
7557
7558
7562
7566
7567
7570
7572
7574
7578
7579
7580
7581
7587
7588
7589
7592
7595
7596
7598
7607
7608
7615
7617
7622
7629
7631
7635
7637
7638
7641
7650
7657
7658
7665
7669
7670
7675
7680
7683
7687
7691
7694
7699
7700
7701
7707
7718
7723
7724
7725
7728
7739
7745
7746
7748
7749
7759
7761
7765
7770
7780
7781
7783
7785
7786
7787
7793
7797
7802
7804
7811
7814
7816
7817
7819
7822
7825
7826
7833
7834
7838
7841
7844
7847
7852
7855
7856
7857
7868
7870
7876
7877
7881
7886
7893
7896
7898
7899
7907
7918
7926
7928
7933
7935
7936
7938
7940
7944
7946
7954
7964
7969
7970
7971
7972
7981
7982
7984
7994
8007
8008
8013
8024
8034
8035
8041
8042
8049
8058
8059
8060
8062
8064
8065
8066
8071
8074
8075
8078
8080
8081
8088
8119
8128
8130
8131
8146
8147
8154
8161
8169
8170
8192
8194
8195
8198
8215
8227
8228
8229
8234
8249
8251
8253
8276
8278
8281
8282
8287
8306
8312
8314
8317
8330
8333
8343
8345
8348
8349
8350
8354
8355
8357
8364
8366
8372
8376
8383
8392
8399
8405
8410
8418
8428
8437
8443
8448
8458
8459
8460
8461
8462
8471
8472
8476
8478
8481
8484
8508
8513
8515
8531
8541
8545
8547
8549
8557
8567
8572
8591
8600
8603
8608
8612
8613
8614
8619
8622
8628
8629
8630
8635
8640
8652
8660
8662
8676
8684
8705
8711
8719
8732
8733
8737
8742
8752
8769
8772
8773
8774
8780
8787
8797
8799
8802
8803
8804
8805
8813
8814
8816
8820
8824
8827
8828
8834
8836
8837
8843
8856
8857
8862
8863
8864
8866
8867
8874
8877
8889
8899
8912
8914
8917
8920
8922
8923
8946
8952
8968
8973
8974
8977
8979
8981
8988
8992
8999
9007
9013
9021
9037
9049
9050
9052
9054
9066
9078
9081
9083
9090
9092
9095
9101
9109
9110
9116
9122
9128
9137
9142
9148
9149
9150
9158
9169
9177
9179
9192
9199
9203
9204
9207
9208
9210
9212
9213
9216
9218
9219
9239
9240
9242
9250
9252
9255
9258
9260
9262
9263
9269
9270
9271
9272
9274
9275
9280
9282
9283
9285
9286
9290
9291
9297
9298
9299
9304
9315
9325
9326
9330
9337
9338
9343
9352
9355
9360
9373
9374
9378
9382
9383
9384
9385
9388
9392
9396
9417
9432
9442
9445
9453
9460
9461
9462
9468
9477
9485
9496
9499
9501
9507
9510
9513
9523
9525
9530
9536
9537
9544
9549
9550
9556
9560
9561
9562
9563
9564
9565
9568
9569
9575
9576
9579
9593
9595
9600
9609
9610
9613
9615
9616
9618
9625
9633
9637
9640
9646
9649
9661
9662
9668
9670
9671
9672
9681
9682
9684
9685
9693
9695
9702
9705
9708
9722
9727
9728
9731
9733
9756
9759
9764
9766
9768
9779
9784
9801
9802
9810
9811
9815
9824
9827
9828
9833
9840
9841
9847
9860
9863
9868
9876
9886
9888
9903
9911
9920
9936
9946
9952
9955
9964
9970
9975
10018
10020
10023
10029
10032
10034
10044
10046
10056
10062
10063
10095
10096
10111
10117
10124
10132
10140
10148
10151
10154
10156
10165
10173
10174
10178
10180
10184
10187
10188
10190
10214
10227
10231
10232
10233
10236
10237
10244
10254
10268
10282
10290
10293
10308
10332
10334
10349
10352
10358
10384
10404
10434
10471
10479
10495
10499
10529
10532
10543
10548
10550
10558
10562
10573
10580
10585
10600
10609
10610
10613
10618
10626
10670
10677
10715
10721
10733
10743
10749
10751
10753
10757
10759
10761
10771
10774
10775
10776
10778
10779
10782
10788
10797
10799
10807
10809
10814
10821
10833
10846
10857
10861
10862
10869
10881
10889
10912
10915
10916
10920
10938
10942
10945
10946
10947
10950
10959
10962
10964
10972
10979
11021
11036
11044
11046
11051
11053
11058
11061
11063
11075
11077
11090
11092
11107
11115
11116
11126
11127
11134
11141
11144
11153
11154
11157
11159
11165
11170
11181
11194
11195
11212
11218
11242
11244
11251
11256
11266
11275
11285
11287
11299
11314
11326
11343
11344
11356
11371
11377
11380
11383
11387
11395
11396
11400
11401
11406
11410
11413
11414
11417
11418
11426
11439
11448
11469
11485
11497
11503
11512
11518
11526
11528
11535
11538
11547
11553
11557
11562
11563
11570
11574
11577
11587
11593
11597
11607
11613
11619
11629
11632
11640
11643
11644
11662
11683
11685
11702
11716
11731
11734
11739
11761
11765
11769
11783
11844
11845
11849
11850
11860
11899
11908
11940
11941
11955
11980
11983
12009
12014
12015
12018
12027
12045
12047
12060
12061
12074
12086
12093
12096
12100
12117
12121
12124
12132
12133
12137
12139
12141
12146
12151
12152
12153
12158
12179
12190
12211
12225
12231
12244
12246
12247
12252
12254
12259
12269
12275
12276
12282
12293
12297
12303
12310
12316
12325
12358
12367
12385
12387
12392
12405
12406
12415
12419
12427
12431
12445
12451
12458
12470
12478
12483
12497
12505
12522
12526
12538
12548
12550
12554
12555
12556
12558
12562
12564
12587
12594
12606
12632
12635
12638
12659
12667
12676
12677
12680
12682
12705
12709
12716
12738
12739
12793
12797
12800
12806
12833
12881
12893
12894
12920
12934
12950
12952
12953
12954
12962
12975
12989
12995
13019
13028
13051
13103
13107
13113
13117
13121
13130
13134
13141
13143
13155
13158
13193
13196
13202
13203
13216
13217
13227
13250
13263
13267
13269
13282
13286
13290
13295
13298
13301
13306
13309
13313
13317
13332
13333
13354
13357
13362
13363
13378
13382
13389
13400
13414
13415
13419
13426
13441
13447
13483
13486
13503
13508
13517
13533
13556
13559
13567
13574
13584
13587
13644
13648
13651
13655
13658
13663
13673
13684
13685
13687
13691
13718
13724
13757
13763
13770
13778
13807
13811
13832
13841
13842
13848
13854
13857
13858
13869
13884
13915
13917
13929
13938
13942
13997
14001
14029
14038
14047
14049
14056
14117
14133
14159
14173
14174
14192
14193
14200
14207
14220
14241
14244
14246
14261
14265
14275
14337
14355
14383
14447
14474
14535
14550
14554
14557
14564
14575
14589
14592
14593
14594
14602
14614
14615
14619
14626
14627
14646
14648
14659
14663
14667
14670
14679
14682
14703
14714
14717
14720
14726
14729
14746
14754
14765
14766
14776
14781
14798
14802
14812
14831
14838
14853
14878
14889
14901
14905
14925
14929
14964
14968
14980
14990
15000
15001
15005
15010
15019
15051
15056
15066
15072
15086
15087
15093
15097
15101
15117
15119
15127
15131
15141
15153
15157
15163
15167
15188
15191
15192
15202
15243
15270
15278
15280
15292
15313
15340
15341
15373
15382
15393
15420
15421
15425
15436
15439
15463
15464
15492
15559
15581
15596
15605
15629
15663
15714
15731
15735
15747
15765
15783
15847
15850
15854
15881
15916
15929
15935
15946
15948
15959
15981
15983
16035
16037
16049
16063
16089
16090
16108
16117
16154
16300
16339
16347
16350
16355
16357
16359
16367
16373
16406
16407
16422
16423
16430
16464
16494
16496
16498
16504
16520
16523
16524
16525
16536
16568
16590
16596
16605
16609
16638
16662
16685
16762
16792
16814
16816
16823
16939
16995
17030
17081
17097
17155
17169
17189
17249
17257
17264
17265
17266
17271
17276
17278
17279
17280
17282
17283
17287
17288
17289
17290
17296
17297
17307
17362
17384
17401
17405
17410
17430
17438
17446
17447
17464
17493
17495
17497
17541
17542
17555
17558
17559
17568
17576
17581
17720
17748
17787
17795
17820
17821
17824
17857
17858
17945
17983
17988
18018
18056
18058
18060
18064
18065
18078
18079
18080
18082
18087
18090
18091
18092
18093
18106
18107
18109
18110
18112
18115
18118
18120
18122
18124
18128
18130
18131
18139
18140
18142
18145
18146
18148
18156
18174
18176
18177
18178
18181
18184
18187
18194
18203
18204
18208
18213
18216
18217
18219
18223
18227
18228
18232
18240
18259
18262
18263
18270
18293
18321
18322
18328
18332
18334
18339
18347
18349
18350
18351
18355
18373
18377
18380
18398
18405
18410
18411
18433
18437
18460
18518
18532
18536
18627
18629
18678
18696
18709
18776
18785
18843
18909
18911
18987
18993
19009
19022
19115
19166
19181
19342
19377
19488
19584
19616
19842
