0.26730
0.38811
0.33629
0.26819
0.35931
0.38079
0.26771
0.30146
0.41846
0.27330
0.38291
0.27241
0.34728
0.33089
0.37231
0.38992
0.26760
0.29086
0.57073
0.26577
0.27132
0.56057
0.23158
0.34612
0.22297
0.44756
0.48580
0.27023
0.51415
0.43962
0.41235
0.28381
0.33911
0.41311
0.26707
0.42922
0.40310
0.23515
0.38509
0.71297
0.43284
0.26039
0.43760
0.34946
0.38961
0.42555
0.32718
0.22209
0.23612
0.30765
0.33111
0.36932
0.26714
0.37350
0.20671
0.33614
0.37409
0.43595
0.45263
0.30819
0.25787
0.33194
0.43216
0.30551
0.26379
0.22465
0.37169
0.28717
0.44147
0.24959
0.48302
0.40582
0.50671
0.19827
0.34882
0.56277
0.39459
0.34404
0.41441
0.36982
0.45122
0.23856
0.35575
0.28641
0.52378
0.43651
0.43966
0.25233
0.82496
0.32765
0.40531
0.35826
0.34872
0.23216
0.40556
0.21178
0.38699
0.29927
0.41255
0.43183
0.44976
0.27754
0.40666
0.24004
0.33746
0.25724
0.26247
0.28822
0.32996
0.34870
0.38724
0.41262
0.25676
0.39148
0.25565
0.21790
0.36908
0.18997
0.40484
0.41289
0.34744
0.36296
0.39534
0.37144
0.43908
0.37339
0.38429
0.40564
0.24405
0.15508
0.35149
0.55678
0.17625
0.41639
0.31252
0.26734
0.38703
0.33146
0.38654
0.23643
0.23506
0.19392
0.28386
0.40104
0.45064
0.28108
0.28870
0.22974
0.51964
0.25573
0.37775
0.31741
0.38355
0.40845
0.28378
0.85489
0.43724
0.34372
0.42259
0.24216
0.33452
0.28028
0.27521
0.25022
0.23449
0.45570
0.42513
0.38424
0.54177
0.23544
0.52551
0.33745
0.36975
0.44613
0.34006
0.23541
0.19304
0.40116
0.43927
0.19414
0.26712
0.22331
0.60656
0.46730
0.24996
0.26744
0.41216
0.28928
0.35962
0.40056
0.27706
0.27608
0.36916
0.24184
0.31968
0.40901
0.36123
0.26077
0.70283
0.31636
0.29658
0.26252
0.44803
0.47704
0.40668
0.62241
0.78768
0.50258
0.38257
0.45509
0.35351
0.29842
0.22486
0.34729
0.38243
0.45600
0.22498
0.30325
0.26205
0.39171
0.29185
0.30207
0.54786
0.42460
0.64454
0.58875
0.31606
0.45399
0.27636
0.43282
0.41825
0.38022
0.51145
0.28433
0.34792
0.47066
0.42745
0.31420
0.28136
0.24521
0.25852
0.36094
0.27753
0.31995
0.47419
0.40314
0.26422
0.50873
0.23969
0.24211
0.43199
0.29571
0.39475
0.47419
0.26461
0.27631
0.37738
0.47411
0.38075
0.43769
0.24586
0.35843
0.35834
0.81856
0.25332
0.20397
0.39384
0.37970
0.24929
0.70433
0.38595
0.34233
0.26731
0.49839
0.40996
0.39594
0.44181
0.38337
0.34699
0.30599
0.39693
0.42049
0.44527
0.35290
0.31780
0.26543
0.42044
0.23196
0.24792
0.53824
0.45383
0.46921
0.35106
0.26638
0.34274
0.25768
0.23244
0.37939
0.42879
0.43743
0.48990
0.70204
0.39715
0.23860
0.25356
0.24282
0.31038
0.50947
0.50701
0.39377
0.52924
0.39822
0.27941
0.35736
0.50360
0.24146
0.37438
0.36986
0.21797
0.41144
0.26234
0.36615
0.26856
0.27768
0.56589
0.41869
0.23676
0.45250
0.35701
0.40379
0.52248
0.33383
0.26423
0.25698
0.37248
0.44813
0.37483
0.32948
0.23742
0.48452
0.36737
0.38230
0.31391
0.32568
0.33008
0.25100
0.33976
0.37319
0.35243
0.47088
0.44572
0.23905
0.35658
0.36681
0.32177
0.30109
0.35174
0.54111
0.88961
0.40252
0.38926
0.38807
0.24276
0.28946
0.23567
0.50082
0.38316
0.36945
0.27916
0.27977
0.62319
0.39350
0.52904
0.15493
0.44694
0.72585
0.25277
0.43542
0.20270
0.32899
0.27505
0.43202
0.44146
0.24340
0.40582
0.58617
0.37660
0.49447
0.42330
0.51524
0.41139
0.28690
0.36988
0.40219
0.38910
0.24717
0.43426
0.38670
0.36619
0.37527
0.40369
0.41185
0.38854
0.37934
0.43964
0.20893
0.29064
0.29329
0.29193
0.25632
0.27072
0.32449
0.33700
0.43045
0.37965
0.46028
0.31734
0.37087
0.41314
0.25598
0.37933
0.38358
0.27846
0.23106
0.36760
0.33816
0.23500
0.39273
0.35674
0.40130
0.22301
0.23592
0.25728
0.45720
0.40816
0.25548
0.49784
0.27561
0.68928
0.29251
0.27501
0.33844
0.28612
0.25884
0.34394
0.38254
0.45943
0.40072
0.63069
0.32878
0.37333
0.28909
0.25194
0.40169
0.25740
0.40211
0.30895
0.50872
0.25714
0.39211
0.24473
0.44916
0.24013
0.28003
0.20617
0.38884
0.36468
0.31748
0.28397
0.50694
0.29760
0.39399
0.43439
0.46802
0.40284
0.48599
0.51746
0.27872
0.40179
0.39610
0.36315
0.36063
0.40189
0.21182
0.39132
0.36270
0.87794
0.38069
0.29832
0.26364
0.40502
0.27375
0.30593
0.32263
0.25429
0.24064
0.37642
0.40746
0.22747
0.48076
0.53561
0.42285
0.40136
0.40138
0.24024
0.72269
0.42835
0.36660
0.33811
0.33090
0.33453
0.42998
0.39227
0.40000
0.30943
0.25172
0.32160
0.51190
0.45738
0.26471
0.36408
0.34867
0.60917
0.41230
0.37508
0.35563
0.32794
0.23435
0.30846
0.68219
0.42382
0.50470
0.33723
0.22621
0.35663
0.53833
0.25712
0.53452
0.25022
0.27839
0.30085
0.45766
0.37170
0.42082
0.26658
0.41342
0.26154
0.42817
0.40911
0.21477
0.39129
0.22437
0.76971
0.37326
0.36016
0.67543
0.38678
0.28233
0.25345
0.28293
0.28608
0.39665
0.41227
0.23421
0.42571
0.68218
0.27593
0.28718
0.45042
0.29619
0.29477
0.39975
0.35622
0.23582
0.35351
0.19942
0.25422
0.33166
0.44378
0.40980
0.34336
0.26626
0.43048
0.45248
0.26704
0.58790
0.52255
0.25223
0.23415
0.41479
0.45484
0.23032
0.54342
0.30158
0.40106
0.24645
0.32494
0.37166
0.34178
0.36766
0.22456
0.24059
0.65358
0.34711
0.22859
0.32818
0.26489
0.67493
0.25816
0.22611
0.25040
0.48699
0.43925
0.48600
0.35135
0.36898
0.32056
0.28062
0.42373
0.27239
0.48117
0.86016
0.37034
0.34881
0.25228
0.45621
0.43166
0.45164
0.40543
0.26214
0.53478
0.36920
0.53829
0.42982
0.46350
0.38063
0.67703
0.37786
0.39411
0.32511
0.26459
0.35652
0.79710
0.41024
0.29675
0.28625
0.36333
0.42288
0.48865
0.32081
0.42643
0.25383
0.23686
0.37780
0.37759
0.26394
0.22521
0.26585
0.27381
0.41626
0.41485
0.22445
0.43284
0.38241
0.38606
0.40472
0.38482
0.61044
0.46164
0.54005
0.29291
0.25693
0.22786
0.42718
0.27646
0.20176
0.41374
0.29091
0.29086
0.39816
0.28339
0.31821
0.69756
0.22201
0.33762
0.25983
0.40497
0.32619
0.23744
0.31827
0.22598
0.26600
0.45747
0.38953
0.22789
0.60535
0.30945
0.43973
0.25435
0.20685
0.25772
0.40848
0.38017
0.29114
0.37082
0.38532
0.42378
0.55801
0.41036
0.35477
0.66652
0.48954
0.32232
0.50523
0.42242
0.32831
0.32980
0.27183
0.41310
0.32137
0.31520
0.29191
0.39553
0.22337
0.25298
0.33771
0.22945
0.26139
0.39617
0.34081
0.30148
0.35799
0.34852
0.26115
0.41233
0.25766
0.24268
0.24111
0.40509
0.31017
0.37991
0.39574
0.45152
0.49701
0.23557
0.37173
0.25624
0.30485
0.29080
0.23263
0.26922
0.39742
0.26663
0.49581
0.25125
0.38261
0.37824
0.35373
0.38293
0.36452
0.53247
0.34296
0.35022
0.33589
0.38279
0.29571
0.44736
0.23125
0.43386
0.26199
0.42892
0.51219
0.22818
0.34286
0.25847
0.39381
0.25169
0.42275
0.37882
0.27095
0.29164
0.35955
0.26549
0.23717
0.29619
0.30336
0.38051
0.33921
0.23353
0.48423
0.57037
0.28889
0.41723
0.30539
0.36149
0.42265
0.50737
0.43389
0.39035
0.26910
0.21861
0.25146
0.34121
0.42188
0.37057
0.27606
0.43705
0.76818
0.33093
0.52172
0.31906
0.49091
0.34650
0.34004
0.32657
0.26934
0.46229
0.50687
0.31142
0.21027
0.30183
0.38902
0.31697
0.35139
0.40187
0.25626
0.31569
0.26612
0.40138
0.24513
0.27606
0.37132
0.43915
0.38195
0.39238
0.36453
0.24356
0.22554
0.36557
0.40373
0.44444
0.26623
0.69701
0.22346
0.35632
0.31909
0.33109
0.25705
0.31285
0.39238
0.55900
0.28603
0.28101
0.23245
0.39063
0.34694
0.36266
0.39859
0.38967
0.35790
0.39219
0.43462
0.22869
0.26288
0.42394
0.44698
0.49805
0.95259
0.29624
0.27071
0.44927
0.48092
0.42294
0.30320
0.43412
0.22932
0.27710
0.37707
0.26393
0.31083
0.38902
0.22873
0.23287
0.38678
0.33317
0.27746
0.39357
0.26702
0.36968
0.42623
0.35212
0.43145
0.37037
0.39640
0.40679
0.22600
0.30302
0.44144
0.33801
0.46668
0.33907
0.23334
0.39447
0.33798
0.32050
0.30568
0.73701
0.47888
0.38549
0.43629
0.24383
0.23376
0.22066
0.25376
0.47772
0.25937
0.19392
0.25278
0.39779
0.45149
0.36338
0.23933
0.36594
0.39962
0.39446
0.33430
0.45151
0.23296
0.48424
0.34011
0.44726
0.39541
0.24822
0.55735
0.23464
0.17266
0.34775
0.28818
0.42679
0.31041
0.61351
0.28258
0.30497
0.46107
0.28783
0.44716
0.35765
0.28763
0.48716
0.32248
0.35803
0.34118
0.34943
0.44444
0.43225
0.28005
0.22309
0.30193
0.35921
0.53727
0.34729
0.20083
0.43810
0.26715
0.26867
0.24698
0.34701
0.50930
0.20306
0.84477
0.38219
0.43114
0.28479
0.39209
0.31201
0.37253
0.33507
0.56732
0.34798
0.30840
0.40611
0.37909
0.37758
0.23395
0.49770
0.33679
0.33578
0.31296
0.23442
0.37658
0.32653
0.23784
0.48150
0.22499
0.49916
0.38594
0.43154
0.24402
0.52651
0.35216
