0.27401
0.26763
0.19837
0.23127
0.24530
0.49211
0.23953
0.29108
0.24092
0.24102
0.32408
0.31093
0.39573
0.74020
0.38441
0.29832
0.38675
0.26132
0.34988
0.24248
0.27266
0.67425
0.25367
0.34291
0.38185
0.24683
0.23709
0.23019
0.48111
0.22691
0.36461
0.38763
0.28870
0.23731
0.23331
0.35661
0.34962
0.24095
0.25402
0.24612
0.23420
0.25628
0.38135
0.32582
0.23711
0.33546
0.22337
0.25677
0.34702
0.35675
0.33759
0.28306
0.25619
0.38917
0.44627
0.24477
0.27521
0.40033
0.45186
0.30577
0.23881
0.22803
0.38172
0.23136
0.23445
0.24749
0.29329
0.21490
0.21241
0.26939
0.33000
0.26586
0.26005
0.34177
0.27043
0.34282
0.48938
0.36421
0.26990
0.22522
0.27173
0.44614
0.27303
0.26120
0.70314
0.40829
0.70703
0.28132
0.23627
0.23604
0.21389
0.36712
0.27175
0.38233
0.29365
0.26838
0.21943
0.38460
0.23592
0.23856
0.39899
0.25523
0.28804
0.36555
0.28189
0.22648
0.59527
0.34903
0.28232
0.18518
0.27301
0.33729
0.24483
0.35205
0.22844
0.34215
0.37099
0.24614
0.29586
0.28022
0.40724
0.25437
0.37759
0.61020
0.22653
0.24668
0.27284
0.22713
0.21825
0.24319
0.26386
0.33780
0.27451
0.23809
0.22985
0.28468
0.25243
0.23434
0.23076
0.23281
0.36256
0.27555
0.30782
0.26111
0.32697
0.36316
0.32591
0.28222
0.22322
0.24910
0.29176
0.60749
0.32717
0.25952
0.24621
0.35969
0.36635
0.32975
0.42608
0.31952
0.28248
0.21628
0.22557
0.25920
0.31166
0.31600
0.46774
0.36922
0.24784
0.41699
0.26617
0.26609
0.35498
0.34589
0.40877
0.33283
0.24782
0.27952
0.42695
0.44203
0.25593
0.23914
0.23298
0.24561
0.25313
0.24098
0.34553
0.28372
0.22321
0.83210
0.27337
0.27679
0.34797
0.33854
0.24864
0.29403
0.23610
0.25745
0.25531
0.34632
0.39977
0.27796
0.26797
0.24505
0.18733
0.27208
0.25996
0.27017
0.22799
0.93243
0.37683
0.38316
0.44227
0.22660
0.35235
0.22997
0.31850
0.27196
0.22957
0.37802
0.38006
0.18634
0.21058
0.23430
0.23453
0.24944
0.24236
0.23784
0.23047
0.25622
0.35089
0.25976
0.23525
0.37875
0.22508
0.49563
0.35499
0.27097
0.24015
0.25168
0.26208
0.34823
0.22610
0.25329
0.26199
0.43601
0.23159
0.24778
0.26668
0.34510
0.21575
0.27358
0.21792
0.24912
0.40823
0.45066
0.61924
0.27718
0.22550
0.38016
0.22681
0.21336
0.37794
0.23392
0.32667
0.39081
0.24897
0.51887
0.26789
0.22866
0.23116
0.26780
0.19358
0.34332
0.24376
0.19658
0.24586
0.20157
0.31488
0.25920
0.20299
0.35894
0.26013
0.22907
0.21725
0.36745
0.27501
0.35802
0.27763
0.24924
0.33521
0.24692
0.25084
0.23312
0.68697
0.31078
0.77506
0.39768
0.51159
0.33424
0.23682
0.25070
0.19176
0.64630
0.22804
0.26671
0.25791
0.23958
0.23968
0.22834
0.23410
0.24059
0.33357
0.25725
0.37013
0.24577
0.34041
0.21345
0.26576
0.24800
0.26421
0.24563
0.27497
0.36397
0.35711
0.23408
0.23886
0.26974
0.29577
0.26757
0.36102
0.31467
0.23299
0.20635
0.24543
0.35063
0.36732
0.36166
0.24622
0.26159
0.27623
0.26387
0.43508
0.29622
0.30063
0.28390
0.31728
0.20937
0.25414
0.34805
0.37618
0.21505
0.49051
0.26634
0.25264
0.36911
0.20677
0.30631
0.21768
0.27084
0.35233
0.22192
0.35841
0.28285
0.29925
0.35092
0.28015
0.28682
0.38500
0.24221
0.24590
0.37339
0.33300
0.35178
0.71965
0.34015
0.29034
0.41745
0.23659
0.24155
0.39525
0.26280
0.33212
0.36585
0.22626
0.24174
0.34245
0.27744
0.26885
0.32949
0.24533
0.32657
0.28814
0.28886
0.24180
0.22670
0.26365
0.25988
0.37197
0.23409
0.24605
0.23115
0.28701
0.26801
0.48673
0.27263
0.25060
0.35863
0.24621
0.30471
0.41312
0.44979
0.32353
0.25903
0.24053
0.21315
0.25255
0.25921
0.39160
0.40661
0.26847
0.23808
0.34367
0.25407
0.35100
0.27565
0.20913
0.25405
0.32600
0.23168
0.21801
0.25422
0.38689
0.42768
0.24602
0.52748
0.20174
0.27055
0.20600
0.39189
0.26719
0.35824
0.24437
0.25005
0.25417
0.23022
0.45219
0.20892
0.26910
0.19641
0.22677
0.42553
0.42473
0.23070
0.24917
0.21755
0.60532
0.23631
0.25240
0.24702
0.23745
0.29785
0.21969
0.26275
0.22458
0.38240
0.23884
0.45267
0.19167
0.37317
0.25389
0.25910
0.39278
0.26883
0.22550
0.22491
0.25822
0.25871
0.25240
0.40136
0.20768
0.36477
0.24769
0.58187
0.41966
0.29017
0.37089
0.28693
0.24266
0.36650
0.21993
0.39264
0.24738
0.20164
0.20868
0.26348
0.28446
0.30857
0.23856
0.29651
0.33345
0.25800
0.28565
0.43387
0.25128
0.25496
0.27246
0.22016
0.21095
0.40947
0.39031
0.23951
0.34843
0.21586
0.23001
0.23185
0.22859
0.24364
0.25467
0.26821
0.23041
0.22416
0.37106
0.23523
0.20825
0.74356
0.37365
0.23881
0.25389
0.43306
0.35858
0.67340
0.26041
0.28378
0.38041
0.32864
0.21774
0.28560
0.33620
0.27137
0.24622
0.47651
0.22562
0.22348
0.21789
0.37477
0.44178
0.24839
0.27767
0.22309
0.41273
0.36596
0.34992
0.26130
0.22773
0.27298
0.24990
0.31281
0.36524
0.23387
0.31605
0.25969
0.23769
0.28098
0.25191
0.23204
0.24917
0.28147
0.26509
0.22640
0.25975
0.25430
0.22522
0.22363
0.28129
0.36632
0.34067
0.39542
0.18071
0.31825
0.37423
0.29517
0.21471
0.38445
0.26984
0.36402
0.32144
0.26574
0.27087
0.20586
0.52572
0.33464
0.28391
0.35793
0.27444
0.26655
0.24230
0.25143
0.28555
0.34647
0.27822
0.22064
0.41629
0.25072
0.25150
0.26066
0.23639
0.24376
0.53260
0.23769
0.37526
0.41308
0.25798
0.23965
0.37128
0.25524
0.35443
0.68092
0.28132
0.34954
0.23839
0.21914
0.24435
0.21562
0.36948
0.37497
0.41032
0.24666
0.22836
0.28211
0.43278
0.38836
0.26565
0.25711
0.36944
0.33907
0.21901
0.24280
0.26501
0.49607
0.23778
0.37946
0.30031
0.29559
0.25267
0.23172
0.39976
0.49243
0.42162
0.23354
0.33939
0.30487
0.50800
0.24648
0.28407
0.23156
0.32408
0.23164
0.26644
0.25862
0.36191
0.46797
0.24763
0.37435
0.23878
0.23428
0.25029
0.37987
0.26063
0.20780
0.24739
0.34594
0.23992
0.39878
0.25647
0.26948
0.24407
0.22457
0.32691
0.32869
0.41956
0.23995
0.32985
0.75612
0.23345
0.23115
0.27798
0.87979
0.24522
0.26176
0.50083
0.37000
0.27133
0.25056
0.27568
0.28271
0.23049
0.25620
0.40906
0.25047
0.31314
0.39684
0.20683
0.29309
0.24764
0.33241
0.23721
0.36536
0.42879
0.26869
0.42969
0.29545
0.20852
0.40966
0.25311
0.29663
0.26438
0.26997
0.22192
0.42964
0.22345
0.20134
0.25531
0.26375
0.35303
0.26742
0.24514
0.27736
0.24222
0.40438
0.34710
0.24408
0.25596
0.34358
0.25827
0.24735
0.26649
0.33836
0.28022
0.37840
0.31840
0.26639
0.30656
0.21021
0.23642
0.25852
0.29049
0.24337
0.25170
0.21564
0.48222
0.36493
0.44299
0.28864
0.27951
0.29566
0.23279
0.25209
0.26712
0.36683
0.36897
0.32727
0.29076
0.22795
0.49848
0.25995
0.40663
0.28460
0.22256
0.25639
0.31500
0.24155
0.32693
0.39048
0.38157
0.61015
0.21709
0.28948
0.25383
0.20870
0.26054
0.28377
0.37962
0.38513
0.19038
0.35622
0.22645
0.21126
0.32706
0.27065
0.31743
0.28579
0.33084
0.73418
0.25382
0.35708
0.21627
0.31453
0.26541
0.24130
0.24901
0.30907
0.18545
0.34049
0.23434
0.29331
0.22926
0.49047
0.36035
0.18363
0.35282
0.23263
0.24032
0.50953
0.23987
0.43542
0.25195
0.26816
0.22523
0.38529
0.40000
0.41824
0.25388
0.25536
0.23501
0.40798
0.35363
0.23032
0.23596
0.38915
0.39177
0.39141
0.35355
0.22651
0.25463
0.33685
0.25502
0.28476
0.26104
0.58679
0.27124
0.33289
0.24654
0.26432
0.41024
0.38158
0.24062
0.35949
0.28021
0.46402
0.33328
0.19416
0.41195
0.24669
0.28675
0.22574
0.47419
0.37754
0.26157
0.25946
0.21017
0.32867
0.32458
0.22826
0.22933
0.20723
0.45244
0.26418
0.27051
0.45455
0.34877
0.23014
0.32093
0.34416
0.21560
0.36964
0.24776
0.22039
0.20861
0.26726
0.22970
0.23578
0.17837
0.24753
0.26735
0.26976
0.26771
0.39743
0.30321
0.22376
0.38988
0.38450
0.40398
0.19336
0.43300
0.25992
0.26047
0.38764
0.21927
0.21302
0.41928
0.34807
0.40130
0.36171
0.32692
0.32830
0.29732
0.26560
0.28545
0.21974
0.23518
0.38933
0.43017
0.35595
0.23492
0.33287
0.24622
0.32188
0.51157
0.37211
0.22884
0.18289
0.41879
0.38225
0.24390
0.34805
0.23208
0.28948
0.22140
0.23742
0.23801
0.34261
0.32705
0.24574
0.37542
0.27374
0.25661
0.45173
0.20243
0.23526
0.31034
0.23962
0.23288
0.21544
0.34963
0.53759
0.28327
0.38684
0.23852
0.24752
0.27254
0.21588
0.34601
0.26965
0.22254
0.23154
0.24849
0.36685
0.25538
0.46313
0.37131
0.30500
0.42422
0.37517
0.26679
0.34011
0.19158
0.21571
0.26903
0.28470
0.21790
0.27815
0.42389
0.31751
0.33113
0.41203
0.24310
0.24194
0.34961
0.24555
0.25555
0.33527
0.34250
0.36267
0.34578
0.25349
0.35658
0.22752
0.23006
0.23125
0.69497
0.43658
0.22515
0.32395
0.25723
0.80175
0.35830
0.35725
0.26445
0.26395
