0.24894
0.21152
0.23380
0.24867
0.30042
0.19533
0.37628
0.25199
0.27662
0.22552
0.23361
0.24365
0.26846
0.23366
0.24483
0.23009
0.23739
0.23646
0.27791
0.49646
0.22802
0.20359
0.23478
0.26569
0.23116
0.26093
0.22899
0.24097
0.45095
0.26696
0.23324
0.19454
0.27571
0.23955
0.24178
0.19173
0.18774
0.26072
0.36839
0.21047
0.24075
0.24357
0.19423
0.22862
0.21120
0.28617
0.24768
0.22801
0.23158
0.23188
0.21982
0.38232
0.25545
0.21357
0.25413
0.25494
0.22887
0.45963
0.23604
0.35183
0.30812
0.46994
0.38313
0.20409
0.40085
0.71862
0.33612
0.20890
0.26512
0.27363
0.26391
0.79330
0.25865
0.25268
0.25033
0.28744
0.23627
0.21865
0.31752
0.24636
0.21096
0.27585
0.26901
0.28749
0.18055
0.28126
0.25506
0.25042
0.24010
0.21352
0.23739
0.24822
0.23431
0.23393
0.24008
0.35461
0.22969
0.25601
0.25199
0.24643
0.22675
0.31568
0.21081
0.24685
0.23944
0.19029
0.18420
0.32489
0.22983
0.25814
0.27191
0.27376
0.24667
0.39379
0.34321
0.32580
0.23675
0.38442
0.40735
0.27990
0.26666
0.24025
0.24496
0.25713
0.22013
0.26392
0.22948
0.36412
0.24989
0.24310
0.47256
0.27263
0.24332
0.43213
0.23584
0.22721
0.36078
0.32355
0.21914
0.20548
0.27333
0.25254
0.25423
0.22809
0.23117
0.34847
0.26948
0.25603
0.29593
0.48061
0.22863
0.43444
0.25987
0.24673
0.21058
0.25680
0.26148
0.33272
0.42303
0.20104
0.20777
0.24482
0.84486
0.20513
0.33641
0.38626
0.42957
0.23747
0.23584
0.26733
0.32456
0.39207
0.25989
0.41146
0.24605
0.29433
0.18691
0.40333
0.38254
0.23534
0.31294
0.27385
0.23713
0.25678
0.25422
0.19196
0.36338
0.28753
0.41552
0.34427
0.24634
0.24162
0.22594
0.42774
0.21904
0.23036
0.23837
0.21650
0.21362
0.25898
0.26357
0.30567
0.20207
0.25353
0.30366
0.23190
0.33447
0.22011
0.31309
0.34923
0.28600
0.23084
0.20303
0.27115
0.23796
0.24519
0.25688
0.23712
0.23103
0.22241
0.21595
0.21066
0.25908
0.22013
0.28958
0.23902
0.21056
0.27160
0.25605
0.24103
0.25036
0.26460
0.23789
0.25171
0.22146
0.28928
0.24946
0.19630
0.23573
0.23621
0.22158
0.24963
0.21592
0.21469
0.26468
0.24207
0.28392
0.14562
0.22749
0.22476
0.23641
0.22365
0.23660
0.28447
0.23598
0.27542
0.24214
0.25712
0.20790
0.25868
0.25708
0.35719
0.21681
0.33339
0.35371
0.26773
0.20891
0.22901
0.34164
0.23111
0.20995
0.26628
0.23595
0.21510
0.26102
0.22250
0.25079
0.23666
0.25353
0.25744
0.24363
0.26965
0.23701
0.22730
0.34344
0.27439
0.27694
0.39481
0.24070
0.26211
0.75740
0.32129
0.24422
0.24123
0.23715
0.22316
0.21090
0.22675
0.22406
0.24053
0.35965
0.39435
0.23178
0.25779
0.28640
0.24941
0.23922
0.22164
0.28320
0.22268
0.22354
0.20402
0.24106
0.23168
0.19378
0.25268
0.25819
0.30956
0.25858
0.22951
0.25475
0.33130
0.23941
0.24970
0.21335
0.33714
0.21820
0.22188
0.24195
0.33760
0.36722
0.33982
0.35083
0.28190
0.23626
0.32280
0.21396
0.42132
0.29111
0.19411
0.18822
0.26174
0.29630
0.26818
0.25702
0.40104
0.26386
0.20037
0.21578
0.30918
0.26395
0.31106
0.24034
0.23717
0.23715
0.25112
0.19802
0.21547
0.20207
0.26130
0.22125
0.22073
0.46753
0.34514
0.20960
0.22709
0.24997
0.24091
0.39165
0.21558
0.34687
0.23802
0.19010
0.34883
0.29231
0.32280
0.18376
0.34663
0.26205
0.25806
0.17522
0.27805
0.20809
0.31866
0.39654
0.24094
0.27255
0.23971
0.48222
0.26780
0.23697
0.23629
0.25214
0.34428
0.26423
0.26554
0.20138
0.23660
0.20557
0.24642
0.33347
0.34917
0.24784
0.24365
0.33670
0.24864
0.25168
0.26105
0.34624
0.27611
0.23850
0.24833
0.28182
0.26504
0.26586
0.37897
0.28002
0.20634
0.28203
0.22691
0.29174
0.27500
0.21852
0.22991
0.22750
0.28753
0.22794
0.24604
0.21990
0.25947
0.36796
0.21634
0.23017
0.24899
0.24771
0.26954
0.24178
0.24651
0.27644
0.27697
0.44007
0.25709
0.30408
0.20813
0.45658
0.31084
0.26800
0.26329
0.23980
0.34329
0.26349
0.24821
0.24515
0.43455
0.21504
0.25731
0.26193
0.23993
0.24280
0.24989
0.23695
0.24058
0.22847
0.25641
0.27550
0.39901
0.21934
0.19578
0.23062
0.31418
0.20903
0.39256
0.27732
0.20086
0.23216
0.23690
0.25562
0.38846
0.32873
0.22008
0.24228
0.23863
0.21960
0.40756
0.22409
0.20505
0.26427
0.24633
0.22953
0.21723
0.27164
0.30760
0.21767
0.24789
0.23331
0.24341
0.42093
0.18026
0.23135
0.26213
0.21056
0.22002
0.24356
0.25820
0.27497
0.20797
0.28271
0.22125
0.20096
0.36496
0.19837
0.23569
0.25322
0.28643
0.30382
0.34871
0.26795
0.35976
0.24040
0.23680
0.18586
0.25542
0.38776
0.30562
0.28466
0.27575
0.38592
0.23114
0.26231
0.39109
0.23985
0.24386
0.23846
0.21243
0.21442
0.22803
0.25749
0.40275
0.33534
0.23662
0.20160
0.24357
0.23588
0.19602
0.25180
0.21676
0.25908
0.22793
0.27368
0.22721
0.42275
0.35444
0.20365
0.23392
0.27983
0.17297
0.35763
0.23422
0.25366
0.30350
0.23530
0.27560
0.25669
0.17262
0.23333
0.24795
0.26940
0.22305
0.20314
0.25141
0.26789
0.23703
0.44331
0.28676
0.38476
0.24053
0.21852
0.20417
0.43652
0.30662
0.23029
0.26689
0.27146
0.30267
0.26259
0.24947
0.26876
0.25869
0.23791
0.24629
0.27469
0.24615
0.23939
0.44156
0.23842
0.19932
0.26571
0.34988
0.26859
0.17723
0.26020
0.24360
0.28583
0.24238
0.26063
0.27007
0.21011
0.35067
0.28343
0.40909
0.26355
0.27607
0.26512
0.21450
0.23351
0.37940
0.42391
0.21004
0.21998
0.41165
0.25975
0.35642
0.23569
0.72365
0.26026
0.26778
0.30835
0.19098
0.19457
0.28680
0.24073
0.22045
0.21410
0.23876
0.28058
0.40302
0.34559
0.17875
0.35514
0.22415
0.21724
0.25172
0.23621
0.24133
0.22006
0.24617
0.20096
0.24206
0.23724
0.38656
0.20142
0.21357
0.27678
0.28909
0.43277
0.89183
0.22730
0.69966
0.22918
0.37891
0.29368
0.69954
0.25736
0.20271
0.26339
0.28486
0.32082
0.35634
0.22750
0.32316
0.36647
0.24962
0.25699
0.24894
0.47030
0.27750
0.19531
0.26980
0.26484
0.91740
0.24454
0.65381
0.24609
0.21965
0.24091
0.21958
0.24258
0.40345
0.37877
0.32827
0.32331
0.26248
0.19869
0.22061
0.25712
0.27407
0.36915
0.20343
0.25620
0.23377
0.34437
0.19963
0.24017
0.21783
0.26525
0.28998
0.23017
0.18249
0.27951
0.29307
0.20807
0.26420
0.20525
0.25769
0.21757
0.35824
0.34447
0.34529
0.21866
0.27064
0.21625
0.27325
0.35701
0.33280
0.45497
0.23161
0.40807
0.27151
0.35122
0.20209
0.23793
0.24745
0.23428
0.22881
0.28343
0.32349
0.21767
0.22124
0.23482
0.20066
0.23537
0.18691
0.25728
0.27941
0.29113
0.36619
0.21313
0.58025
0.22455
0.28079
0.23964
0.35427
0.35563
0.22972
0.33109
0.27106
0.23754
0.20057
0.24040
0.19461
0.24824
0.23964
0.22592
0.35902
0.21135
0.22612
0.24819
0.34720
0.22802
0.25593
0.35306
0.22620
0.24921
0.26687
0.31307
0.26762
0.29467
0.30756
0.21959
0.20094
0.24037
0.34119
0.32682
0.24578
0.22906
0.32663
0.27550
0.38469
0.24303
0.50338
0.28610
0.21573
0.40718
0.23141
0.23882
0.28752
0.23656
0.21234
0.24538
0.34147
0.34184
0.24771
0.27407
0.20834
0.35139
0.22903
0.37580
0.24215
0.23834
0.18648
0.23708
0.25294
0.21491
0.23654
0.26664
0.27611
0.21789
0.25905
0.25648
0.41802
0.23831
0.24764
0.25908
0.28510
0.25757
0.23352
0.22983
0.25892
0.28652
0.45424
0.22241
0.25698
0.27520
0.21442
0.24501
0.25134
0.31027
0.26837
0.21762
0.26803
0.24235
0.24450
0.24216
0.36594
0.45706
0.24246
0.18082
0.36044
0.23278
0.24311
0.26459
0.21695
0.42209
0.30526
0.27236
0.24323
0.25147
0.19239
0.21666
0.29156
0.30131
0.25682
0.34189
0.20631
0.38894
0.23897
0.22753
0.18881
0.23746
0.26385
0.24467
0.24647
0.36655
0.21505
0.29154
0.22631
0.24104
0.23338
0.35179
0.28860
0.25759
0.36445
0.27682
0.68884
0.27603
0.25113
0.33342
0.30660
0.25504
0.39547
0.23645
0.22065
0.26731
0.27585
0.23373
0.18888
0.21341
0.20108
0.25878
0.22941
0.26325
0.27864
0.33387
0.34146
0.20581
0.28278
0.23735
0.31181
0.27720
0.25045
0.22362
0.22264
0.18335
0.26697
0.23938
0.31302
0.26362
0.23417
0.23341
0.20507
0.24201
0.23406
0.24930
0.21879
0.28751
0.28941
0.24100
0.24069
0.26027
0.19827
0.23808
0.22837
0.20477
0.23066
0.20264
0.27374
0.27743
0.21969
0.40825
0.22357
0.24884
0.23712
0.20433
0.27346
0.26996
0.20358
0.26262
0.25485
0.24916
0.27768
0.20785
0.37096
0.34790
0.22851
0.23905
0.18955
0.34180
0.19061
0.22076
0.22978
0.35943
0.37939
0.21197
0.22461
0.51211
0.24868
0.25328
0.35181
0.25080
0.27269
0.20843
0.25242
0.24396
0.23382
0.26880
0.23002
0.41027
0.21986
0.26755
0.26533
0.37383
0.22986
0.34613
0.22767
0.41083
0.31727
0.20126
0.24413
0.24525
0.19666
0.26330
0.35222
0.18246
0.24286
0.36025
0.24922
0.29799
0.22941
0.20600
0.19806
