0.25906
0.24227
0.26668
0.30094
0.24383
0.30434
0.25016
0.24950
0.26133
0.23861
0.20034
0.30849
0.24240
0.26880
0.25479
0.26372
0.25874
0.31177
0.22573
0.42917
0.19773
0.20696
0.23760
0.21380
0.18562
0.26709
0.26606
0.26375
0.33708
0.20661
0.22562
0.24271
0.23385
0.25914
0.19277
0.20214
0.19809
0.25614
0.34313
0.27300
0.38535
0.19597
0.25580
0.19824
0.21151
0.25887
0.25608
0.19108
0.24170
0.25580
0.23576
0.19138
0.24147
0.23469
0.24166
0.25894
0.20684
0.23377
0.25666
0.24162
0.24240
0.25909
0.23024
0.25667
0.24554
0.25820
0.24014
0.23576
0.23563
0.19182
0.17532
0.30052
0.25667
0.21681
0.19626
0.24875
0.20682
0.19533
0.18390
0.21287
0.21827
0.22034
0.26248
0.34985
0.24328
0.26889
0.42356
0.21647
0.24234
0.24020
0.21916
0.22152
0.21657
0.18644
0.23746
0.21686
0.20320
0.25071
0.25658
0.27255
0.24208
0.24240
0.17655
0.24060
0.25750
0.30434
0.18413
0.32348
0.20012
0.24132
0.25493
0.21246
0.20237
0.23597
0.25931
0.24258
0.21258
0.21689
0.18218
0.24239
0.26883
0.24139
0.21902
0.25580
0.25213
0.27777
0.24141
0.23523
0.23773
0.25679
0.25798
0.42917
0.28061
0.26318
0.21980
0.21649
0.23280
0.19944
0.24357
0.22815
0.23633
0.24395
0.26750
0.23180
0.18486
0.25671
0.21673
0.26114
0.25052
0.24181
0.34468
0.21666
0.24486
0.21700
0.19756
0.24117
0.22151
0.22530
0.21819
0.32308
0.22147
0.23259
0.23007
0.23300
0.28314
0.23984
0.24894
0.27510
0.25191
0.22556
0.23004
0.18831
0.23719
0.24675
0.21608
0.24190
0.23282
0.29002
0.37500
0.24293
0.19063
0.29647
0.24080
0.18152
0.24017
0.24160
0.25003
0.25906
0.21937
0.23718
0.24077
0.23685
0.26563
0.23259
0.18628
0.24107
0.38252
0.22291
0.22420
0.24905
0.26400
0.24989
0.20879
0.17668
0.24160
0.26668
0.26465
0.25914
0.41396
0.26625
0.24192
0.24878
0.24251
0.23709
0.22887
0.24227
0.24925
0.20716
0.18964
0.27399
0.19294
0.23656
0.25553
0.21536
0.31446
0.25451
0.21777
0.25095
0.40353
0.24124
0.32424
0.28674
0.26441
0.20903
0.19467
0.30621
0.23656
0.26626
0.19219
0.21523
0.22714
0.29655
0.26284
0.26550
0.23617
0.23238
0.18457
0.28379
0.21069
0.25946
0.23017
0.25891
0.22053
0.28766
0.25207
0.19365
0.24362
0.25842
0.25191
0.30409
0.19058
0.23126
0.23605
0.18226
0.20682
0.20651
0.23489
0.22386
0.22918
0.26123
0.22655
0.20957
0.19716
0.25927
0.25337
0.23279
0.25198
0.20315
0.24830
0.17510
0.28650
0.23820
0.26419
0.24210
0.23470
0.19084
0.43288
0.23021
0.18491
0.22362
0.23530
0.22573
0.25696
0.23256
0.21859
0.24482
0.23048
0.27729
0.18890
0.25479
0.25183
0.20682
0.25584
0.18973
0.23179
0.21465
0.28169
0.25189
0.25766
0.22248
0.23973
0.24283
0.23276
0.24473
0.21233
0.26961
0.28519
0.20806
0.24531
0.21337
0.23648
0.21650
0.31952
0.19194
0.24169
0.31626
0.22240
0.26568
0.25954
0.26540
0.26431
0.20661
0.18452
0.19108
0.23045
0.33562
0.30734
0.22361
0.19437
0.19764
0.33344
0.21400
0.20584
0.24782
0.22891
0.19812
0.33708
0.24003
0.24018
0.21442
0.24237
0.22341
0.25908
0.28760
0.25914
0.25890
0.25890
0.25132
0.23043
0.29558
0.25917
0.24809
0.23190
0.21687
0.28412
0.22180
0.25079
0.20661
0.21687
0.19063
0.26885
0.19422
0.25772
0.25949
0.21667
0.23879
0.25773
0.23757
0.26830
0.18576
0.24202
0.22745
0.25825
0.36525
0.21295
0.24365
0.22927
0.22502
0.25014
0.22773
0.19246
0.23781
0.23332
0.32535
0.27533
0.25774
0.22095
0.21464
0.25774
0.27203
0.26885
0.19773
0.26716
0.29723
0.25656
0.23041
0.23979
0.21658
0.23568
0.21435
0.24378
0.23088
0.27523
0.25011
0.20384
0.24047
0.22449
0.25830
0.23032
0.22397
0.21664
0.25444
0.25400
0.26788
0.22975
0.63389
0.21676
0.22149
0.25793
0.24781
0.23967
0.22462
0.21654
0.19939
0.26562
0.25661
0.18539
0.23287
0.23479
0.21506
0.21671
0.26606
0.34932
0.23226
0.24210
0.24765
0.23613
0.20093
0.23880
0.25597
0.25390
0.23198
0.25443
0.17884
0.25093
0.22856
0.23861
0.24160
0.22884
0.21676
0.24829
0.27644
0.24846
0.20633
0.25064
0.34840
0.18439
0.19239
0.21270
0.24194
0.22603
0.21655
0.25679
0.27857
0.25887
0.28138
0.22798
0.23370
0.21324
0.33475
0.24053
0.26655
0.20587
0.24096
0.22959
0.25591
0.22432
0.22058
0.26611
0.34389
0.26045
0.32793
0.24455
0.24520
0.24794
0.19766
0.26285
0.23624
0.23275
0.18484
0.21262
0.24203
0.21666
0.28061
0.24959
0.24059
0.21916
0.25635
0.22451
0.26520
0.21992
0.25875
0.31750
0.24304
0.25334
0.28673
0.23742
0.24831
0.20026
0.21634
0.23403
0.22363
0.17771
0.25299
0.22770
0.24694
0.23388
0.29135
0.24933
0.25933
0.22194
0.23223
0.34490
0.23202
0.23206
0.21027
0.27542
0.26133
0.19656
0.23592
0.22452
0.18814
0.22474
0.27587
0.28342
0.22419
0.26422
0.22012
0.24962
0.19781
0.25230
0.40758
0.22417
0.26050
0.21151
0.27501
0.24368
0.24957
0.31783
0.23243
0.25776
0.24225
0.25617
0.27113
0.23431
0.22997
0.25694
0.27533
0.27377
0.27405
0.23474
0.26992
0.29716
0.29493
0.35561
0.20069
0.24892
0.22386
0.24474
0.23514
0.26194
0.25450
0.24285
0.23644
0.23621
0.21900
0.21581
0.24627
0.23220
0.24321
0.19820
0.21631
0.17524
0.26542
0.23332
0.19232
0.27540
0.26562
0.23448
0.23653
0.27967
0.26275
0.26057
0.18681
0.25804
0.24481
0.20315
0.21222
0.23773
0.39421
0.25012
0.26747
0.19153
0.25167
0.25011
0.24911
0.25813
0.20328
0.23674
0.40747
0.26226
0.34778
0.24675
0.33680
0.21973
0.25056
0.25607
0.22448
0.23034
0.28777
0.25928
0.20203
0.26062
0.22923
0.21351
0.23358
0.23657
0.24659
0.22011
0.22858
0.27333
0.24339
0.24273
0.23063
0.23728
0.24049
0.23215
0.26217
0.25371
0.22652
0.24324
0.23385
0.25709
0.29076
0.23390
0.23505
0.19913
0.25310
0.26816
0.25117
0.18490
0.26813
0.28225
0.22429
0.23983
0.24499
0.25880
0.36665
0.21836
0.17524
0.24791
0.22858
0.22822
0.21614
0.26573
0.22530
0.23612
0.24822
0.20090
0.26585
0.23302
0.29718
0.23795
0.23716
0.21062
0.23223
0.23592
0.22507
0.24058
0.19307
0.24164
0.24649
0.24082
0.23972
0.25952
0.25937
0.25052
0.21727
0.17503
0.25944
0.26632
0.23195
0.21994
0.29023
0.27321
0.24893
0.22948
0.23648
0.25510
0.23648
0.27378
0.21613
0.19190
0.23682
0.25818
0.27698
0.26527
0.25720
0.21183
0.19014
0.26632
0.17884
0.18936
0.24787
0.23325
0.25703
0.21648
0.23334
0.23999
0.28335
0.23172
0.27524
0.25689
0.21597
0.23005
0.21320
0.22697
0.21733
0.24069
0.41641
0.25501
0.21861
0.22194
0.25107
0.21039
0.29721
0.23204
0.23974
0.23190
0.22015
0.20688
0.23719
0.25427
0.25984
0.26863
0.26372
0.24866
0.24865
0.26675
0.25185
0.24261
0.21382
0.18831
0.24359
0.27437
0.23203
0.31783
0.23197
0.23014
0.29141
0.24132
0.26580
0.23198
0.29002
0.24694
0.39023
0.23425
0.18624
0.23442
0.22573
0.26367
0.22551
0.33402
0.24049
0.24314
0.25171
0.24820
0.25268
0.18539
0.20952
0.25562
0.23330
0.41480
0.21990
0.24397
0.26440
0.23727
0.19147
0.25796
0.23987
0.22738
0.25909
0.25337
0.19803
0.25325
0.25463
0.20562
0.23607
0.23999
0.26723
0.26634
0.23833
0.20219
0.21995
0.22478
0.18562
0.24683
0.23858
0.24018
0.24257
0.26066
0.21295
0.26668
0.29966
0.25819
0.25536
0.24095
0.21586
0.18790
0.29408
0.27961
0.23685
0.23661
0.21364
0.25941
0.19190
0.39490
0.23348
0.19642
0.24356
0.22982
0.22915
0.21243
0.26520
0.21218
0.22240
0.22071
0.29723
0.20704
0.24177
0.20796
0.25779
0.25894
0.24412
0.22575
0.24180
0.26904
0.27784
0.25266
0.26791
0.22452
0.25408
0.24512
0.25004
0.22401
0.21853
0.26203
0.23260
0.24275
0.26124
0.25117
0.24775
0.25417
0.23110
0.22031
0.24486
0.24297
0.29657
0.19857
0.18539
0.31401
0.23780
0.18713
0.39098
0.24395
0.22111
0.24681
0.23984
0.26809
0.22530
0.22495
0.25834
0.22886
0.39127
0.24250
0.24375
0.25924
0.23248
0.22530
0.29716
0.19226
0.25597
0.22718
0.20139
0.20727
0.19036
0.25928
0.40260
0.26954
0.21640
0.21569
0.22265
0.24229
0.27946
0.24213
0.23782
0.25234
0.21601
0.23105
0.27498
0.25726
0.21527
0.23723
0.29423
0.22492
0.23111
0.23647
0.26431
0.22577
0.24119
0.23697
0.25186
0.21728
0.28587
0.37090
0.20744
0.25591
0.23878
0.25257
0.25655
0.24738
0.24306
0.25559
0.31083
0.24470
0.20214
0.23216
0.33273
0.25057
0.22599
0.26078
0.25680
0.21238
0.27544
0.25335
0.21652
0.22561
0.25836
0.19226
0.22683
0.20744
0.21589
0.19277
0.21814
0.25052
0.24140
0.25899
0.23259
0.25125
0.25126
0.21664
0.20931
0.31200
0.34753
0.24245
0.22384
0.22673
0.32668
0.25836
0.21377
0.24597
0.24872
0.25054
0.23093
0.26843
0.26363
0.26774
0.23012
0.29809
0.24644
0.23151
0.22050
0.19716
0.20367
0.22443
0.25629
0.26606
0.22019
0.26582
0.25329
