0.25250
0.26874
0.26594
0.26887
0.26713
0.28038
0.22171
0.22399
0.23229
0.22472
0.22537
0.22243
0.21592
0.21372
0.22159
0.27039
0.21619
0.21706
0.21437
0.25463
0.25701
0.26739
0.25973
0.25663
0.23405
0.23733
0.24028
0.25489
0.23274
0.22864
0.23832
0.20709
0.20331
0.22598
0.23373
0.25000
0.24161
0.24244
0.25065
0.18748
0.18812
0.21828
0.18506
0.18703
0.19199
0.22564
0.22564
0.25872
0.25635
0.25087
0.25248
0.24204
0.23890
0.24391
0.27803
0.25074
0.25239
0.25481
0.26611
0.25963
0.25089
0.19822
0.28372
0.29675
0.21652
0.25673
0.26252
0.26601
0.21282
0.23300
