17
27
55
82
85
92
101
128
138
152
157
207
224
229
230
247
278
287
313
344
349
374
418
425
432
436
438
441
454
483
536
561
569
573
576
616
628
672
680
709
721
744
755
768
770
832
838
863
869
870
880
890
891
894
895
897
898
917
1062
1063
1077
1106
1227
1238
1265
1327
1341
1495
1560
1576
1596
1749
1792
1822
2009
2154
2284
2393
2434
2456
2508
2511
2548
2574
2582
2587
2634
2661
2688
2825
2838
2877
2918
2936
2962
2969
2983
2987
3040
3077
3215
3407
3483
3524
3526
3539
3576
3581
3593
3594
3595
3596
3604
3623
3624
3634
3647
3650
3683
3713
3737
3767
3778
3789
3926
3929
3931
3956
3957
3965
4017
4049
4184
4359
4388
4424
4445
4466
4467
4468
4548
4763
4943
4994
5034
5082
5205
5354
5396
5418
5466
5508
5524
5671
5736
5742
5745
5750
5755
5902
5928
6002
6073
6093
6144
6169
6230
6355
6452
6718
6744
6747
6842
6853
6938
6993
7018
7033
7167
7254
7290
7473
7513
7532
7533
7593
7741
7762
7839
8176
8254
8343
8357
8513
8574
8622
8745
8905
8926
9054
9078
9669
9694
9944
9982
10075
10423
10562
10729
10807
11225
11305
11383
11485
11529
12000
12951
12952
12971
13117
13309
13372
14105
14653
14993
15296
15527
15764
15765
15783
16046
16831
17852
18293
