17
23
39
54
68
75
77
84
89
92
108
166
168
170
173
182
188
194
262
271
278
297
303
310
312
350
362
379
423
424
439
464
514
534
542
543
553
579
585
636
670
675
680
689
690
691
735
736
737
741
751
768
789
790
798
804
806
811
824
846
850
853
860
894
1084
1085
1113
1158
1167
1272
1345
1393
1401
1461
1466
1479
1507
1551
1556
1563
1572
1603
1622
1652
1745
1792
1798
1884
1909
1937
1945
1993
2009
2015
2027
2037
2041
2076
2081
2109
2141
2157
2167
2238
2321
2354
2366
2369
2446
2477
2484
2493
2521
2527
2539
2567
2571
2603
2625
2641
2651
2659
2678
2692
2717
2755
2781
2832
2912
2914
2915
2931
2941
2959
2962
2971
2994
3060
3082
3132
3139
3150
3197
3207
3217
3239
3250
3264
3292
3315
3322
3334
3405
3407
3432
3437
3456
3458
3461
3476
3480
3495
3542
3565
3576
3578
3596
3604
3609
3615
3617
3623
3628
3646
3648
3696
3701
3703
3705
3707
3731
3760
3764
3864
3870
3886
3887
3896
3946
3967
3968
3980
3999
4006
4039
4088
4124
4159
4219
4220
4230
4237
4263
4312
4340
4347
4359
4384
4388
4389
4391
4420
4430
4437
4447
4491
4497
4555
4642
4674
4699
4766
4767
4781
4792
4816
4828
4900
4907
4917
4967
4969
4979
4993
5002
5114
5193
5235
5273
5294
5326
5330
5369
5388
5400
5449
5464
5590
5595
5617
5700
5708
5773
5775
5832
5851
5894
5903
5926
5946
6011
6018
6039
6045
6093
6096
6099
6137
6145
6222
6241
6257
6297
6363
6364
6389
6425
6450
6455
6461
6463
6601
6655
6696
6770
6793
6807
6885
6927
6957
6970
6992
7005
7025
7087
7109
7179
7222
7224
7236
7268
7285
7292
7334
7393
7397
7416
7472
7485
7508
7532
7557
7570
7588
7596
7630
7641
7670
7682
7781
7791
7821
7833
7851
7855
7858
7958
7959
7981
7982
8041
8043
8077
8102
8138
8140
8168
8197
8228
8236
8354
8417
8422
8541
8546
8612
8698
8756
8775
8798
8834
8885
8947
9004
9061
9066
9085
9090
9095
9172
9207
9236
9268
9434
9476
9490
9513
9549
9576
9581
9604
9661
9699
9717
9826
9833
9866
9881
9886
10024
10180
10510
10799
10881
11050
11116
11131
11387
11529
11572
11640
11679
11740
11743
12079
12138
12210
12299
12431
12562
12770
12788
12995
13217
13273
13512
13629
13685
13724
13891
14000
14112
14272
14363
14404
14405
14564
14623
14652
14659
14720
14746
14836
15051
15072
15171
15221
15229
15269
15277
15286
15427
15717
15981
16019
16125
16454
16509
16546
16578
16609
17116
17249
17307
17308
17395
17575
17931
17945
17955
18064
18109
18119
18170
18183
18187
18461
19536
