18
39
54
60
77
87
200
279
427
536
579
585
696
782
805
806
815
849
917
990
1024
1077
1213
1331
1576
1658
1682
1683
2070
2124
2235
2512
2523
2566
2582
2624
2669
2691
2714
2727
2765
2852
2919
3037
3084
3104
3153
3169
3309
3322
3331
3513
3646
3746
3815
3825
3879
3887
4027
4316
4347
4511
4519
4688
4765
4766
4799
4869
5075
5300
5369
5370
5422
5551
5971
6096
6205
6273
6314
6389
6698
7039
7378
7395
7638
7641
7849
7963
8481
8586
8648
8732
8856
8865
9847
9964
10072
10962
11731
11825
12147
12390
13133
13238
13432
13647
13664
13690
13859
15870
18163
18164
18334
