17
24
39
41
42
47
54
60
70
77
81
101
103
123
126
128
145
146
149
157
163
180
207
217
228
229
237
241
247
254
262
264
270
275
287
295
300
303
308
312
317
321
322
347
349
350
419
427
432
445
449
451
454
464
471
477
510
519
525
548
555
565
572
604
623
664
670
700
702
707
739
750
754
785
789
801
806
817
831
837
845
850
856
868
882
883
920
950
974
976
991
994
1025
1062
1074
1077
1104
1147
1158
1161
1162
1179
1191
1200
1220
1246
1286
1292
1328
1370
1403
1450
1485
1536
1541
1554
1570
1576
1622
1629
1641
1644
1660
1673
1705
1731
1772
1774
1792
1808
1810
1925
1947
1972
1989
2009
2016
2027
2028
2036
2037
2041
2043
2044
2076
2088
2096
2099
2124
2159
2176
2209
2254
2268
2284
2290
2294
2311
2320
2321
2354
2363
2393
2418
2516
2519
2521
2523
2548
2552
2558
2568
2582
2645
2649
2657
2662
2670
2678
2679
2703
2710
2742
2775
2799
2807
2832
2833
2848
2885
2893
2933
2941
2954
2988
2997
3004
3007
3009
3028
3088
3089
3092
3116
3126
3130
3139
3153
3156
3165
3169
3185
3187
3205
3232
3248
3275
3279
3308
3322
3336
3337
3343
3354
3359
3376
3398
3431
3437
3450
3461
3463
3476
3504
3516
3523
3527
3536
3539
3545
3547
3549
3553
3568
3595
3597
3607
3632
3658
3699
3701
3709
3727
3744
3746
3752
3763
3766
3767
3772
3801
3822
3829
3844
3855
3866
3901
3921
3927
3949
3963
3969
4022
4023
4032
4033
4071
4077
4079
4087
4101
4118
4128
4153
4158
4160
4175
4184
4229
4230
4274
4293
4323
4340
4370
4421
4427
4438
4441
4454
4456
4491
4544
4546
4549
4559
4562
4569
4582
4584
4599
4603
4701
4710
4725
4726
4734
4753
4765
4776
4788
4816
4846
4864
4868
4869
4871
4894
4903
4912
5074
5075
5084
5134
5153
5158
5198
5215
5244
5254
5273
5290
5301
5309
5352
5356
5376
5388
5425
5479
5491
5493
5504
5521
5571
5577
5590
5639
5640
5649
5668
5685
5697
5716
5751
5758
5763
5766
5778
5780
5829
5836
5867
5931
5950
5996
6000
6039
6093
6108
6122
6219
6253
6286
6350
6353
6373
6391
6410
6414
6424
6462
6531
6561
6564
6584
6626
6687
6690
6807
6870
6880
6898
6906
6926
6956
7005
7049
7052
7065
7067
7074
7077
7078
7108
7164
7215
7235
7242
7254
7276
7358
7366
7385
7461
7503
7504
7517
7557
7573
7592
7626
7630
7641
7648
7661
7676
7707
7729
7746
7761
7762
7781
7822
7825
7856
7877
7887
7891
7918
7934
7940
7946
7964
7980
8014
8074
8093
8104
8107
8161
8194
8195
8215
8228
8229
8230
8234
8252
8276
8282
8295
8348
8364
8428
8472
8576
8594
8619
8667
8714
8732
8733
8785
8822
8843
8849
8860
8862
8865
8917
8926
8965
8983
9049
9066
9090
9109
9198
9207
9208
9277
9281
9283
9291
9330
9339
9394
9417
9449
9476
9479
9527
9548
9562
9632
9649
9669
9755
9829
9860
10063
10154
10171
10195
10237
10288
10322
10323
10365
10428
10445
10480
10722
10728
10773
10774
10784
10785
10791
10847
10942
10945
11082
11090
11126
11146
11157
11259
11379
11404
11533
11545
11619
11639
11648
11714
11724
11780
11941
12007
12062
12079
12140
12178
12179
12193
12246
12247
12288
12385
12506
12515
12521
12676
12710
12716
12876
12891
13017
13035
13137
13304
13324
13418
13527
13562
13688
13869
13926
14003
14133
14383
14490
14614
14638
14723
14783
14812
14945
15095
15340
15455
15478
15533
15666
15767
15854
16085
16201
16227
16377
16516
16542
16568
16792
17221
17254
17292
17539
17575
17816
17890
18057
18062
18115
18124
18130
18133
18182
18210
18211
18212
18481
18615
18765
18927
18935
18984
19150
19356
