0
2
6
7
8
9
10
15
17
18
20
21
22
23
24
26
27
28
29
30
31
35
36
39
40
41
42
45
46
48
50
53
54
55
57
58
59
60
61
62
63
64
65
66
67
68
69
70
71
72
74
75
76
77
78
79
80
82
83
84
86
87
88
89
90
91
92
93
94
95
96
97
98
99
101
103
107
108
109
110
111
112
113
114
115
116
117
118
119
120
122
123
124
125
126
127
128
130
131
134
135
136
137
138
140
141
146
147
148
149
150
152
153
154
155
156
157
159
162
163
164
165
166
167
168
169
170
172
173
175
176
177
178
179
180
181
182
183
186
187
188
189
190
193
194
195
197
198
199
200
201
203
204
205
206
207
208
209
210
211
212
213
214
215
216
217
218
219
222
224
226
227
228
229
230
233
236
237
239
240
241
242
244
247
248
251
252
255
256
257
258
259
260
262
263
264
265
266
268
269
270
271
272
273
275
276
277
278
279
280
281
282
283
284
285
287
288
289
290
292
293
295
296
297
299
300
301
302
303
304
305
307
308
310
311
312
313
314
317
320
321
322
323
325
326
327
328
336
339
340
344
345
346
347
349
350
351
352
353
354
358
360
362
363
366
370
371
372
374
375
376
377
378
379
380
383
384
385
386
387
388
389
393
394
399
400
401
402
403
405
406
407
409
410
411
412
415
418
419
420
421
423
424
425
426
427
428
431
432
433
436
438
439
440
441
442
445
446
449
450
451
453
454
457
458
459
460
463
464
468
470
471
474
475
476
477
479
480
481
482
483
490
492
494
495
500
501
503
504
505
508
509
510
512
513
514
515
517
518
519
521
525
526
527
528
530
532
534
535
536
537
538
540
541
542
543
544
546
548
549
550
551
552
553
554
555
556
558
559
561
563
564
565
567
568
569
570
571
573
574
575
576
579
580
581
582
583
585
586
587
589
590
591
592
593
594
595
596
597
598
599
600
601
602
607
609
610
611
612
613
615
616
618
620
622
624
625
627
628
629
634
635
636
637
638
639
640
644
645
646
648
650
651
652
653
654
658
659
661
662
663
664
665
666
670
671
672
673
674
675
676
677
678
679
680
681
682
683
684
685
687
688
689
692
693
694
695
696
697
698
699
700
701
702
703
706
707
708
709
710
711
712
714
717
718
719
720
721
723
724
725
727
728
729
730
731
733
734
735
736
737
738
739
740
741
743
744
746
749
750
751
752
753
754
756
757
758
759
760
763
765
767
768
769
770
772
773
774
775
776
777
778
779
780
782
783
785
787
789
790
792
793
794
795
796
797
798
799
801
803
804
805
806
807
808
809
810
811
813
815
817
818
819
820
822
823
824
825
826
827
830
831
832
836
837
838
839
840
842
843
844
845
846
847
848
849
850
853
854
855
856
857
858
859
860
862
863
864
865
867
868
869
870
871
872
873
875
876
878
879
880
883
884
885
886
887
888
889
890
891
892
894
895
897
898
900
901
902
903
904
905
906
907
908
909
911
912
913
915
916
917
918
919
920
921
922
924
926
927
929
930
931
934
936
940
941
942
943
944
945
946
947
948
950
953
954
955
956
957
960
961
963
965
967
968
969
971
972
973
975
976
977
978
980
981
982
986
987
991
992
995
996
997
998
1002
1003
1004
1005
1006
1009
1011
1012
1013
1016
1018
1020
1021
1022
1023
1024
1025
1027
1028
1029
1030
1031
1033
1035
1036
1038
1040
1041
1042
1043
1044
1046
1050
1051
1052
1055
1056
1060
1061
1062
1063
1064
1065
1066
1067
1069
1070
1071
1074
1075
1076
1077
1082
1083
1084
1085
1086
1090
1091
1092
1096
1098
1101
1102
1103
1104
1105
1106
1108
1109
1112
1120
1122
1123
1124
1126
1127
1128
1129
1131
1133
1134
1137
1138
1139
1143
1144
1145
1146
1147
1148
1149
1150
1156
1157
1158
1159
1160
1162
1164
1165
1166
1167
1168
1171
1175
1179
1180
1181
1184
1190
1195
1196
1199
1201
1202
1205
1209
1210
1213
1215
1218
1219
1220
1222
1223
1227
1231
1232
1234
1235
1238
1240
1242
1243
1244
1245
1249
1250
1252
1253
1255
1256
1258
1260
1261
1264
1265
1267
1268
1269
1271
1272
1275
1277
1278
1279
1281
1283
1287
1290
1291
1292
1293
1295
1296
1297
1302
1312
1314
1315
1316
1319
1321
1323
1325
1327
1328
1329
1331
1333
1336
1337
1338
1347
1348
1349
1350
1351
1354
1355
1358
1360
1362
1363
1364
1369
1372
1375
1378
1379
1383
1386
1387
1392
1399
1400
1402
1404
1406
1409
1410
1415
1418
1419
1424
1427
1429
1433
1435
1436
1437
1439
1442
1446
1447
1451
1455
1458
1459
1463
1464
1465
1466
1468
1469
1470
1471
1472
1473
1474
1475
1477
1479
1480
1481
1485
1487
1490
1492
1494
1495
1497
1498
1500
1502
1503
1504
1505
1506
1507
1509
1510
1512
1513
1514
1516
1518
1520
1521
1526
1530
1536
1541
1543
1544
1545
1548
1549
1552
1553
1558
1560
1561
1562
1563
1571
1572
1576
1579
1580
1581
1587
1589
1590
1592
1593
1596
1598
1599
1600
1601
1610
1613
1618
1619
1620
1622
1624
1625
1626
1627
1628
1629
1633
1635
1637
1638
1642
1643
1644
1646
1647
1649
1653
1654
1655
1656
1659
1661
1665
1667
1668
1670
1671
1673
1674
1676
1677
1678
1679
1680
1683
1685
1688
1690
1691
1692
1693
1695
1696
1701
1703
1704
1705
1706
1710
1712
1713
1714
1716
1723
1726
1728
1729
1731
1732
1733
1734
1736
1737
1738
1739
1741
1742
1744
1746
1748
1749
1750
1755
1756
1758
1759
1760
1761
1763
1764
1766
1768
1769
1770
1771
1772
1773
1774
1777
1778
1781
1788
1789
1791
1792
1794
1795
1798
1802
1804
1805
1808
1809
1810
1811
1819
1822
1826
1827
1828
1830
1833
1835
1840
1841
1850
1852
1853
1856
1859
1866
1867
1868
1869
1870
1872
1877
1880
1881
1884
1887
1890
1891
1894
1895
1900
1902
1903
1909
1912
1913
1915
1917
1918
1920
1922
1923
1925
1929
1931
1935
1937
1939
1940
1942
1943
1944
1945
1947
1948
1950
1951
1953
1954
1956
1957
1959
1960
1961
1969
1972
1974
1979
1982
1983
1984
1986
1989
1991
1992
1996
1999
2003
2004
2005
2008
2009
2011
2012
2015
2016
2019
2027
2028
2031
2032
2033
2034
2036
2037
2038
2039
2041
2042
2043
2046
2047
2049
2050
2052
2053
2054
2057
2061
2062
2064
2066
2067
2068
2070
2071
2073
2076
2079
2081
2082
2083
2085
2088
2089
2090
2092
2093
2096
2098
2101
2103
2104
2109
2112
2113
2123
2124
2128
2129
2130
2132
2133
2134
2136
2138
2140
2141
2143
2144
2150
2151
2152
2157
2159
2160
2161
2162
2167
2168
2174
2177
2179
2183
2184
2189
2192
2194
2195
2196
2197
2199
2201
2202
2204
2205
2209
2211
2212
2213
2215
2219
2220
2223
2224
2225
2229
2231
2232
2234
2235
2237
2238
2239
2240
2242
2245
2246
2249
2251
2253
2254
2255
2256
2257
2260
2263
2264
2265
2266
2268
2269
2271
2273
2276
2277
2278
2281
2282
2284
2288
2290
2292
2293
2294
2296
2301
2303
2308
2309
2315
2318
2322
2323
2327
2328
2330
2331
2333
2334
2336
2337
2338
2341
2344
2345
2352
2354
2355
2358
2359
2360
2364
2365
2366
2367
2368
2369
2371
2372
2376
2377
2385
2386
2393
2394
2398
2399
2403
2407
2408
2412
2414
2417
2418
2422
2424
2429
2430
2432
2434
2437
2438
2443
2444
2446
2448
2450
2452
2453
2455
2460
2463
2464
2473
2477
2486
2488
2489
2491
2492
2493
2494
2497
2498
2499
2501
2502
2504
2505
2507
2508
2509
2510
2511
2513
2514
2515
2516
2517
2518
2521
2524
2525
2526
2527
2528
2529
2531
2535
2536
2538
2539
2543
2545
2546
2547
2548
2549
2551
2552
2556
2557
2558
2559
2561
2563
2566
2567
2568
2569
2570
2571
2572
2574
2576
2581
2582
2583
2585
2586
2587
2590
2591
2592
2593
2594
2595
2597
2600
2601
2602
2603
2604
2605
2606
2608
2609
2610
2611
2613
2614
2615
2616
2619
2621
2622
2623
2624
2625
2627
2628
2629
2631
2634
2640
2641
2643
2644
2645
2646
2647
2648
2649
2650
2651
2652
2653
2656
2657
2658
2659
2660
2661
2662
2663
2664
2666
2667
2669
2670
2671
2672
2673
2674
2675
2677
2678
2679
2680
2681
2682
2683
2685
2686
2688
2689
2690
2692
2693
2694
2696
2697
2700
2702
2707
2708
2709
2711
2713
2714
2715
2717
2720
2721
2722
2723
2724
2725
2727
2728
2729
2731
2732
2734
2738
2739
2740
2742
2743
2744
2746
2747
2748
2750
2753
2754
2755
2756
2757
2758
2759
2760
2761
2762
2763
2764
2765
2766
2769
2770
2771
2772
2774
2775
2777
2778
2779
2780
2781
2782
2783
2784
2786
2787
2792
2793
2796
2797
2800
2801
2804
2805
2807
2808
2809
2810
2811
2813
2814
2816
2818
2819
2821
2822
2824
2826
2828
2829
2830
2832
2833
2835
2836
2837
2838
2839
2840
2842
2843
2844
2845
2846
2848
2850
2851
2852
2853
2854
2855
2856
2857
2859
2860
2862
2864
2865
2868
2869
2870
2871
2873
2874
2875
2876
2877
2878
2879
2880
2882
2885
2886
2890
2893
2894
2895
2896
2897
2898
2899
2901
2902
2903
2904
2905
2906
2907
2909
2910
2912
2913
2914
2915
2916
2919
2922
2924
2926
2931
2933
2935
2936
2938
2939
2940
2941
2942
2943
2945
2946
2947
2950
2952
2953
2954
2958
2960
2962
2963
2964
2965
2967
2970
2971
2973
2976
2978
2979
2980
2983
2987
2988
2989
2994
2996
2999
3000
3002
3003
3004
3007
3008
3010
3011
3012
3016
3017
3020
3026
3029
3030
3033
3034
3035
3037
3039
3046
3049
3050
3051
3052
3054
3058
3060
3061
3064
3065
3069
3073
3076
3077
3078
3079
3080
3082
3083
3084
3086
3088
3089
3091
3093
3094
3095
3097
3099
3100
3105
3107
3108
3109
3111
3112
3115
3116
3118
3122
3123
3124
3126
3127
3128
3130
3132
3133
3134
3135
3138
3139
3140
3142
3143
3144
3150
3152
3153
3154
3156
3157
3158
3159
3160
3161
3162
3163
3164
3165
3166
3168
3169
3170
3171
3172
3174
3176
3177
3179
3182
3183
3184
3185
3186
3187
3188
3190
3193
3196
3197
3200
3201
3202
3204
3205
3206
3207
3209
3210
3211
3213
3214
3217
3218
3219
3222
3223
3224
3225
3226
3227
3228
3230
3231
3232
3234
3235
3237
3241
3242
3246
3248
3250
3253
3257
3258
3263
3264
3265
3266
3267
3268
3269
3270
3271
3275
3276
3277
3279
3281
3282
3285
3286
3287
3288
3289
3290
3291
3292
3294
3296
3297
3298
3299
3301
3302
3305
3308
3309
3310
3311
3314
3315
3316
3317
3319
3320
3321
3322
3323
3324
3325
3328
3330
3331
3334
3336
3340
3341
3344
3346
3347
3348
3349
3350
3352
3354
3356
3357
3359
3360
3361
3363
3365
3368
3369
3370
3371
3375
3376
3378
3379
3380
3382
3383
3384
3385
3386
3387
3388
3396
3398
3401
3402
3403
3404
3405
3407
3408
3409
3410
3412
3413
3414
3416
3417
3418
3419
3420
3421
3422
3424
3425
3426
3430
3431
3432
3433
3434
3435
3442
3443
3446
3450
3451
3452
3453
3454
3455
3456
3457
3458
3459
3460
3461
3462
3463
3465
3466
3467
3468
3470
3472
3473
3474
3475
3476
3477
3478
3479
3480
3482
3483
3484
3487
3489
3492
3494
3495
3496
3498
3503
3504
3506
3508
3509
3510
3512
3516
3517
3518
3519
3523
3525
3526
3527
3529
3530
3532
3533
3534
3535
3536
3539
3540
3541
3544
3545
3546
3547
3548
3549
3550
3551
3552
3553
3554
3556
3557
3559
3560
3561
3564
3565
3566
3567
3568
3569
3570
3571
3572
3573
3574
3575
3576
3577
3578
3579
3580
3581
3582
3583
3584
3585
3589
3590
3591
3592
3593
3594
3595
3596
3597
3598
3599
3601
3602
3603
3604
3605
3606
3607
3608
3609
3610
3611
3612
3613
3614
3616
3617
3618
3619
3620
3621
3622
3623
3624
3625
3626
3627
3630
3631
3632
3633
3635
3638
3639
3642
3644
3646
3647
3648
3650
3651
3652
3655
3658
3660
3662
3663
3664
3665
3667
3669
3673
3674
3676
3679
3682
3683
3685
3687
3688
3689
3690
3691
3694
3695
3697
3698
3699
3702
3703
3704
3705
3706
3707
3708
3709
3710
3711
3712
3713
3714
3715
3716
3717
3718
3719
3720
3721
3722
3724
3725
3726
3727
3729
3731
3732
3733
3734
3735
3737
3738
3740
3741
3742
3743
3745
3746
3747
3748
3750
3752
3753
3755
3756
3757
3758
3759
3760
3761
3762
3764
3766
3767
3769
3770
3771
3772
3773
3776
3777
3778
3782
3783
3786
3788
3789
3790
3791
3795
3799
3800
3801
3802
3803
3804
3806
3808
3809
3810
3811
3814
3815
3816
3817
3818
3819
3820
3821
3822
3823
3825
3826
3827
3828
3829
3830
3831
3833
3834
3837
3839
3843
3845
3847
3848
3852
3860
3863
3864
3865
3866
3867
3868
3869
3870
3871
3872
3874
3879
3880
3881
3883
3886
3887
3892
3896
3897
3898
3899
3900
3901
3902
3907
3910
3911
3913
3919
3920
3921
3922
3923
3924
3926
3927
3929
3930
3931
3932
3935
3936
3937
3938
3940
3942
3952
3953
3954
3955
3958
3961
3962
3963
3965
3967
3968
3983
3988
3989
3993
3997
4000
4001
4005
4006
4008
4009
4010
4011
4012
4013
4016
4017
4018
4019
4020
4022
4023
4024
4026
4027
4030
4032
4033
4034
4035
4036
4039
4046
4049
4051
4056
4057
4059
4062
4065
4066
4067
4070
4071
4072
4073
4074
4076
4077
4079
4080
4082
4084
4085
4086
4087
4089
4090
4096
4098
4101
4103
4104
4105
4106
4107
4108
4109
4111
4112
4115
4116
4117
4118
4119
4120
4121
4122
4124
4125
4127
4129
4131
4133
4134
4135
4137
4140
4141
4142
4143
4145
4146
4147
4148
4149
4150
4151
4153
4155
4156
4157
4158
4159
4160
4161
4166
4170
4171
4172
4173
4175
4179
4183
4184
4185
4186
4187
4188
4189
4190
4191
4192
4194
4195
4199
4200
4201
4203
4204
4205
4206
4212
4214
4215
4216
4217
4220
4221
4222
4225
4228
4229
4230
4231
4237
4238
4240
4241
4242
4243
4250
4253
4255
4256
4258
4260
4264
4265
4266
4267
4270
4271
4273
4274
4275
4276
4277
4278
4280
4281
4283
4292
4293
4294
4295
4297
4298
4299
4300
4301
4302
4303
4304
4308
4309
4310
4311
4313
4316
4317
4322
4323
4324
4325
4330
4331
4332
4334
4336
4337
4338
4340
4347
4351
4352
4353
4357
4358
4359
4360
4362
4364
4365
4366
4368
4369
4372
4373
4374
4375
4379
4381
4382
4383
4384
4388
4389
4390
4391
4393
4394
4396
4398
4399
4400
4401
4402
4403
4405
4408
4412
4418
4420
4421
4422
4423
4424
4426
4427
4430
4431
4437
4438
4439
4441
4444
4445
4448
4451
4453
4454
4455
4456
4457
4458
4459
4462
4469
4470
4471
4473
4475
4476
4477
4478
4479
4481
4482
4483
4485
4486
4487
4489
4490
4491
4492
4493
4494
4495
4497
4502
4506
4509
4514
4515
4517
4527
4528
4531
4534
4536
4538
4539
4542
4543
4545
4546
4547
4548
4549
4551
4553
4555
4556
4559
4560
4561
4562
4563
4566
4567
4568
4569
4571
4574
4575
4576
4579
4582
4585
4590
4592
4593
4594
4595
4596
4597
4600
4601
4603
4604
4605
4607
4610
4611
4612
4613
4614
4615
4618
4619
4621
4622
4623
4624
4625
4626
4627
4630
4632
4633
4634
4635
4636
4642
4643
4644
4647
4649
4650
4651
4652
4655
4660
4663
4666
4667
4670
4674
4675
4676
4677
4679
4683
4684
4685
4688
4689
4691
4693
4694
4696
4699
4702
4703
4704
4705
4706
4707
4708
4709
4710
4711
4717
4720
4723
4726
4727
4728
4734
4742
4743
4744
4746
4748
4753
4756
4757
4758
4759
4763
4765
4766
4767
4768
4769
4774
4775
4776
4778
4779
4781
4787
4788
4790
4794
4798
4799
4801
4802
4803
4805
4806
4808
4809
4810
4811
4812
4813
4814
4815
4816
4817
4820
4822
4825
4826
4827
4829
4830
4831
4833
4835
4836
4837
4838
4839
4840
4841
4843
4844
4845
4846
4847
4850
4851
4852
4855
4857
4861
4862
4863
4866
4868
4869
4871
4872
4873
4875
4876
4877
4878
4879
4881
4882
4883
4884
4886
4887
4888
4889
4890
4891
4893
4894
4897
4898
4900
4903
4905
4906
4907
4908
4909
4910
4911
4912
4913
4914
4915
4917
4918
4919
4920
4923
4925
4926
4927
4928
4929
4930
4931
4932
4934
4935
4936
4938
4942
4943
4951
4953
4955
4957
4959
4961
4968
4969
4972
4973
4975
4976
4979
4983
4984
4988
4993
4994
4996
4997
4998
4999
5002
5007
5008
5010
5011
5014
5015
5026
5030
5032
5034
5035
5036
5037
5038
5039
5040
5041
5045
5049
5051
5052
5056
5059
5060
5061
5063
5064
5065
5067
5069
5070
5071
5073
5074
5075
5078
5080
5081
5082
5084
5087
5088
5095
5097
5101
5102
5103
5109
5110
5111
5112
5114
5116
5117
5119
5120
5121
5123
5124
5125
5126
5127
5131
5133
5134
5138
5145
5147
5148
5152
5153
5155
5157
5159
5160
5163
5164
5169
5170
5172
5175
5176
5177
5179
5182
5187
5189
5190
5193
5194
5195
5199
5203
5204
5205
5214
5217
5220
5222
5226
5227
5228
5229
5233
5235
5240
5241
5243
5247
5248
5250
5251
5252
5254
5261
5262
5263
5268
5270
5272
5273
5275
5282
5283
5291
5294
5298
5300
5301
5302
5304
5306
5309
5311
5316
5317
5319
5320
5321
5322
5323
5325
5326
5328
5330
5331
5332
5334
5336
5338
5340
5347
5350
5351
5352
5354
5356
5357
5359
5361
5363
5364
5366
5367
5369
5373
5374
5375
5376
5379
5380
5381
5382
5392
5393
5396
5397
5399
5400
5401
5402
5405
5408
5415
5418
5425
5428
5429
5432
5436
5437
5438
5439
5440
5441
5443
5447
5448
5449
5450
5451
5456
5458
5459
5460
5461
5463
5464
5465
5466
5467
5468
5470
5471
5475
5476
5477
5478
5479
5481
5484
5485
5486
5488
5489
5490
5491
5493
5494
5495
5496
5497
5500
5503
5504
5505
5506
5507
5508
5510
5511
5513
5515
5519
5520
5521
5523
5524
5525
5526
5527
5528
5529
5533
5534
5535
5536
5540
5542
5544
5545
5546
5549
5550
5553
5556
5557
5559
5560
5563
5564
5566
5567
5571
5572
5573
5574
5577
5579
5580
5581
5582
5583
5584
5585
5588
5589
5590
5591
5592
5593
5594
5595
5598
5599
5603
5604
5605
5606
5609
5610
5611
5613
5615
5618
5621
5624
5625
5626
5627
5629
5630
5631
5632
5633
5634
5635
5638
5639
5640
5641
5642
5645
5646
5649
5651
5652
5653
5654
5655
5656
5657
5658
5660
5662
5663
5666
5668
5673
5674
5675
5678
5679
5680
5681
5684
5686
5688
5692
5697
5700
5702
5704
5706
5708
5709
5710
5712
5719
5724
5726
5728
5729
5730
5731
5732
5733
5734
5736
5741
5743
5745
5747
5750
5751
5754
5755
5758
5759
5760
5762
5763
5764
5765
5767
5768
5773
5774
5778
5779
5782
5783
5784
5786
5789
5790
5791
5792
5793
5798
5799
5800
5801
5804
5806
5807
5810
5811
5812
5814
5815
5817
5825
5828
5829
5830
5831
5832
5833
5834
5836
5837
5840
5842
5850
5851
5853
5855
5861
5867
5868
5869
5871
5872
5875
5876
5878
5882
5883
5884
5888
5891
5895
5896
5898
5902
5903
5904
5905
5906
5908
5909
5910
5912
5914
5915
5916
5917
5918
5921
5926
5927
5929
5930
5931
5933
5934
5936
5937
5939
5940
5942
5943
5945
5946
5947
5948
5949
5950
5952
5958
5959
5960
5961
5963
5966
5968
5971
5973
5974
5977
5980
5981
5985
5987
5988
5989
5990
5991
5993
5996
5999
6000
6003
6004
6005
6007
6008
6009
6011
6013
6015
6016
6018
6019
6020
6021
6022
6026
6027
6029
6031
6032
6033
6034
6036
6037
6038
6039
6040
6041
6042
6043
6044
6045
6049
6050
6055
6056
6057
6060
6061
6062
6063
6064
6066
6067
6068
6069
6070
6074
6076
6080
6081
6085
6086
6087
6088
6089
6090
6091
6092
6093
6094
6095
6096
6097
6098
6102
6103
6104
6106
6113
6121
6122
6124
6131
6133
6137
6138
6139
6140
6143
6144
6145
6146
6148
6149
6150
6153
6157
6159
6161
6162
6166
6170
6171
6172
6173
6175
6179
6182
6183
6184
6185
6186
6191
6192
6193
6194
6195
6196
6199
6203
6204
6205
6206
6211
6212
6213
6214
6215
6218
6219
6221
6222
6223
6224
6225
6228
6229
6230
6233
6234
6241
6242
6246
6248
6251
6253
6259
6260
6261
6267
6270
6271
6272
6273
6274
6275
6276
6277
6280
6282
6283
6287
6289
6291
6295
6297
6298
6301
6310
6312
6314
6317
6321
6325
6329
6331
6333
6334
6341
6343
6347
6349
6350
6351
6352
6353
6354
6355
6358
6363
6364
6366
6367
6368
6369
6371
6372
6373
6381
6382
6383
6384
6385
6388
6389
6390
6391
6392
6393
6395
6398
6403
6409
6410
6412
6413
6414
6415
6416
6418
6419
6420
6421
6423
6424
6425
6427
6428
6432
6433
6435
6441
6445
6448
6451
6455
6457
6458
6460
6461
6462
6463
6465
6466
6468
6472
6475
6479
6483
6485
6488
6489
6491
6492
6493
6497
6498
6500
6504
6512
6513
6518
6522
6528
6530
6531
6532
6535
6540
6543
6544
6545
6546
6547
6548
6549
6550
6551
6555
6556
6559
6560
6561
6565
6571
6575
6576
6577
6580
6584
6585
6586
6587
6588
6589
6590
6592
6594
6596
6597
6599
6603
6604
6610
6611
6612
6613
6614
6616
6618
6619
6621
6625
6626
6627
6628
6629
6631
6638
6641
6643
6644
6645
6646
6649
6650
6653
6654
6660
6661
6662
6664
6666
6671
6672
6673
6676
6682
6683
6687
6689
6691
6694
6695
6696
6703
6704
6705
6706
6710
6711
6712
6713
6717
6718
6719
6720
6722
6725
6728
6729
6730
6731
6732
6737
6738
6741
6742
6743
6744
6746
6749
6753
6757
6761
6762
6765
6767
6772
6773
6775
6779
6780
6784
6789
6791
6792
6793
6795
6796
6799
6800
6801
6803
6807
6809
6810
6811
6812
6813
6814
6818
6825
6826
6836
6840
6843
6844
6857
6859
6860
6863
6868
6869
6870
6871
6881
6883
6884
6885
6886
6889
6890
6891
6896
6900
6903
6907
6908
6910
6911
6913
6914
6915
6917
6918
6922
6926
6927
6929
6933
6934
6935
6936
6937
6938
6944
6948
6954
6955
6956
6960
6962
6965
6969
6970
6972
6973
6977
6979
6980
6981
6982
6984
6989
6999
7002
7005
7008
7009
7010
7012
7016
7017
7018
7025
7026
7030
7032
7037
7038
7040
7042
7044
7046
7048
7049
7052
7055
7056
7058
7059
7060
7063
7064
7065
7067
7068
7069
7072
7074
7079
7080
7081
7085
7089
7095
7097
7100
7101
7102
7104
7108
7125
7126
7127
7130
7131
7132
7134
7135
7136
7140
7145
7148
7149
7150
7152
7154
7155
7157
7158
7159
7164
7165
7169
7175
7176
7177
7178
7179
7184
7188
7192
7194
7198
7199
7201
7202
7203
7207
7208
7209
7210
7211
7220
7221
7222
7223
7224
7225
7226
7229
7230
7231
7232
7233
7234
7235
7236
7237
7241
7242
7243
7244
7245
7247
7249
7250
7252
7254
7256
7257
7258
7259
7260
7264
7268
7271
7273
7274
7275
7276
7279
7280
7282
7284
7285
7286
7290
7291
7292
7298
7299
7300
7302
7304
7306
7311
7314
7315
7318
7321
7322
7323
7326
7329
7332
7334
7340
7343
7344
7345
7351
7352
7353
7354
7358
7360
7362
7365
7366
7369
7370
7371
7376
7377
7379
7382
7397
7401
7403
7405
7406
7407
7409
7410
7411
7413
7420
7428
7430
7440
7444
7451
7452
7454
7459
7460
7461
7462
7463
7466
7470
7472
7474
7475
7476
7477
7478
7480
7481
7482
7486
7488
7489
7491
7492
7496
7497
7499
7503
7507
7508
7509
7512
7513
7514
7516
7517
7528
7532
7533
7537
7538
7542
7543
7544
7545
7547
7548
7550
7551
7552
7554
7555
7557
7558
7559
7562
7564
7565
7567
7569
7570
7571
7572
7573
7574
7575
7577
7578
7579
7580
7583
7588
7592
7593
7594
7595
7596
7598
7601
7602
7604
7607
7610
7611
7612
7616
7617
7618
7619
7620
7624
7625
7626
7627
7628
7629
7630
7631
7633
7635
7636
7637
7638
7639
7640
7641
7643
7644
7645
7646
7649
7650
7651
7652
7654
7657
7659
7661
7662
7664
7665
7666
7667
7668
7670
7673
7676
7677
7681
7682
7683
7685
7686
7687
7690
7691
7693
7694
7695
7699
7700
7702
7705
7706
7707
7716
7718
7722
7724
7725
7726
7727
7730
7732
7736
7739
7740
7742
7745
7748
7749
7750
7752
7754
7756
7758
7760
7761
7762
7766
7769
7770
7772
7775
7776
7777
7779
7782
7787
7790
7791
7793
7794
7797
7799
7803
7804
7806
7808
7810
7811
7812
7815
7816
7817
7818
7819
7820
7822
7824
7825
7827
7831
7832
7834
7835
7837
7839
7840
7841
7842
7845
7846
7847
7848
7849
7851
7852
7854
7856
7857
7858
7859
7861
7862
7863
7868
7869
7870
7873
7874
7875
7877
7878
7879
7880
7884
7887
7888
7891
7892
7896
7898
7899
7900
7903
7904
7906
7907
7908
7909
7913
7914
7915
7917
7919
7920
7921
7922
7923
7925
7930
7936
7937
7938
7940
7942
7944
7946
7947
7948
7949
7951
7952
7953
7956
7958
7959
7961
7962
7964
7967
7969
7970
7971
7972
7976
7977
7980
7981
7984
7985
7987
7992
7998
7999
8000
8002
8006
8007
8008
8009
8011
8012
8013
8014
8015
8016
8021
8024
8034
8035
8038
8039
8041
8043
8045
8047
8049
8051
8052
8053
8054
8057
8058
8059
8060
8062
8063
8064
8065
8066
8068
8069
8071
8072
8074
8075
8077
8078
8079
8080
8081
8084
8086
8087
8091
8092
8094
8099
8100
8101
8102
8104
8105
8106
8112
8118
8119
8120
8125
8127
8129
8130
8131
8133
8135
8136
8138
8141
8145
8146
8149
8150
8153
8155
8157
8158
8159
8160
8161
8164
8165
8166
8168
8169
8170
8175
8180
8183
8186
8194
8195
8196
8197
8198
8201
8204
8206
8207
8215
8219
8223
8227
8228
8229
8233
8234
8236
8237
8239
8243
8245
8246
8247
8249
8251
8252
8253
8254
8262
8264
8265
8267
8269
8270
8271
8272
8273
8274
8275
8276
8277
8279
8281
8282
8285
8287
8292
8302
8307
8310
8314
8315
8317
8318
8319
8320
8327
8330
8333
8335
8338
8342
8343
8345
8346
8347
8348
8349
8350
8352
8354
8358
8359
8368
8370
8371
8372
8373
8377
8379
8386
8387
8388
8390
8392
8393
8397
8400
8401
8403
8404
8405
8412
8415
8417
8421
8424
8425
8428
8429
8432
8433
8434
8435
8437
8439
8440
8441
8443
8448
8450
8451
8453
8454
8455
8456
8458
8460
8463
8469
8471
8472
8473
8476
8477
8480
8481
8484
8485
8486
8488
8492
8494
8498
8499
8501
8502
8505
8508
8511
8513
8516
8518
8521
8523
8525
8528
8529
8533
8536
8537
8541
8542
8545
8549
8550
8552
8553
8561
8567
8568
8571
8572
8576
8577
8578
8579
8583
8586
8587
8590
8591
8593
8596
8597
8598
8599
8603
8605
8606
8608
8609
8612
8613
8614
8616
8623
8629
8630
8631
8635
8640
8643
8647
8648
8650
8651
8652
8655
8660
8667
8669
8670
8676
8680
8682
8684
8685
8687
8690
8702
8703
8705
8716
8719
8732
8733
8736
8737
8740
8742
8743
8744
8745
8750
8753
8754
8756
8759
8760
8764
8768
8769
8770
8771
8772
8773
8774
8775
8780
8781
8782
8783
8785
8786
8787
8789
8790
8792
8794
8797
8799
8801
8803
8804
8805
8808
8809
8811
8816
8818
8824
8825
8826
8827
8828
8829
8830
8835
8837
8840
8845
8847
8848
8849
8852
8856
8857
8859
8860
8862
8863
8864
8865
8866
8868
8869
8871
8873
8874
8877
8878
8881
8884
8885
8888
8889
8894
8896
8897
8901
8905
8914
8916
8917
8920
8921
8922
8923
8924
8927
8928
8929
8930
8932
8936
8939
8944
8945
8947
8951
8952
8953
8955
8956
8957
8960
8961
8965
8966
8968
8970
8973
8974
8977
8979
8980
8981
8982
8983
8984
8985
8986
8988
8989
8995
8998
8999
9002
9003
9004
9006
9007
9008
9009
9013
9014
9015
9016
9020
9021
9027
9031
9036
9038
9039
9040
9045
9046
9047
9049
9050
9052
9053
9054
9062
9064
9066
9069
9072
9076
9078
9080
9081
9085
9086
9089
9090
9095
9096
9097
9098
9099
9104
9105
9106
9109
9112
9121
9124
9125
9129
9131
9135
9137
9139
9140
9142
9143
9146
9148
9149
9150
9154
9157
9165
9166
9169
9170
9172
9173
9174
9175
9179
9182
9183
9194
9195
9196
9197
9198
9199
9202
9207
9208
9210
9211
9212
9213
9214
9215
9216
9217
9218
9219
9220
9222
9223
9230
9235
9236
9237
9242
9244
9246
9254
9256
9257
9263
9265
9271
9274
9282
9283
9284
9287
9288
9296
9309
9312
9314
9315
9316
9317
9319
9325
9326
9328
9334
9337
9338
9348
9350
9351
9352
9354
9355
9356
9357
9361
9365
9369
9373
9374
9378
9380
9382
9383
9384
9385
9391
9392
9398
9401
9404
9405
9413
9417
9418
9420
9423
9426
9429
9441
9442
9443
9444
9445
9446
9447
9448
9449
9453
9459
9461
9467
9476
9477
9478
9479
9481
9485
9487
9490
9491
9494
9496
9499
9501
9503
9507
9508
9510
9512
9517
9518
9519
9521
9525
9526
9528
9529
9530
9537
9539
9540
9544
9549
9550
9551
9553
9554
9556
9559
9563
9565
9567
9568
9570
9571
9572
9575
9576
9579
9582
9583
9585
9588
9590
9594
9600
9607
9623
9625
9627
9629
9632
9633
9634
9639
9640
9649
9656
9660
9662
9665
9666
9669
9670
9672
9676
9681
9685
9693
9695
9699
9701
9702
9709
9711
9714
9715
9717
9719
9721
9724
9728
9730
9731
9732
9735
9737
9740
9747
9748
9751
9752
9753
9758
9759
9763
9766
9771
9773
9774
9776
9780
9781
9785
9786
9787
9788
9789
9794
9798
9800
9802
9808
9809
9810
9812
9815
9816
9818
9820
9824
9827
9828
9829
9831
9832
9833
9835
9836
9838
9840
9841
9842
9847
9848
9856
9857
9860
9861
9862
9866
9868
9872
9887
9888
9899
9900
9906
9908
9909
9913
9914
9915
9918
9920
9921
9922
9924
9940
9945
9949
9953
9960
9972
9973
9974
9975
9976
9977
9978
9979
9980
9981
9982
9983
9984
9985
9986
9987
9988
9989
9990
9991
9993
9995
10001
10004
10009
10017
10019
10020
10023
10029
10031
10032
10034
10036
10037
10040
10044
10047
10052
10056
10063
10064
10065
10066
10067
10079
10088
10089
10096
10099
10102
10114
10121
10124
10125
10126
10127
10130
10131
10132
10139
10146
10149
10151
10154
10155
10159
10160
10163
10164
10173
10178
10180
10181
10185
10187
10188
10189
10190
10192
10193
10201
10205
10210
10215
10216
10217
10218
10224
10227
10236
10237
10243
10244
10245
10247
10257
10258
10261
10266
10268
10271
10279
10283
10298
10302
10304
10317
10326
10331
10333
10338
10342
10344
10345
10365
10390
10398
10410
10411
10413
10419
10424
10428
10435
10436
10447
10450
10469
10471
10479
10480
10483
10485
10486
10490
10494
10497
10499
10502
10503
10513
10514
10516
10533
10538
10544
10545
10546
10550
10555
10558
10560
10561
10562
10567
10570
10573
10576
10585
10587
10591
10595
10604
10605
10607
10609
10610
10611
10615
10627
10630
10638
10640
10651
10656
10657
10664
10667
10670
10673
10674
10675
10681
10682
10693
10695
10699
10708
10717
10725
10727
10728
10730
10731
10741
10742
10743
10751
10754
10755
10758
10761
10764
10770
10772
10775
10777
10779
10780
10781
10783
10784
10785
10786
10792
10802
10803
10804
10806
10808
10814
10815
10816
10822
10823
10824
10827
10828
10838
10839
10846
10847
10851
10852
10853
10855
10856
10857
10864
10867
10868
10869
10870
10872
10881
10884
10889
10894
10898
10902
10903
10912
10916
10920
10936
10938
10940
10941
10942
10943
10948
10950
10966
10969
10971
10978
10994
10997
10998
11000
11009
11014
11015
11017
11019
11021
11023
11029
11032
11035
11036
11038
11040
11044
11051
11062
11064
11065
11066
11068
11069
11070
11071
11072
11081
11082
11086
11087
11090
11091
11096
11099
11100
11102
11103
11111
11123
11127
11128
11131
11132
11133
11134
11137
11138
11140
11141
11142
11143
11144
11147
11148
11149
11151
11152
11153
11154
11155
11157
11158
11160
11163
11164
11165
11166
11167
11168
11169
11170
11171
11174
11175
11179
11181
11182
11188
11189
11190
11194
11195
11197
11199
11204
11206
11211
11212
11217
11218
11219
11229
11232
11234
11235
11236
11237
11238
11239
11240
11241
11242
11243
11244
11245
11246
11247
11248
11249
11250
11251
11252
11253
11254
11255
11256
11257
11258
11259
11260
11261
11262
11263
11264
11265
11266
11267
11270
11284
11287
11299
11307
11320
11321
11322
11326
11331
11339
11345
11348
11351
11352
11354
11360
11361
11362
11363
11364
11371
11379
11386
11387
11394
11399
11400
11401
11402
11403
11404
11405
11406
11413
11414
11418
11421
11423
11425
11426
11430
11439
11444
11448
11450
11453
11458
11470
11485
11490
11494
11500
11509
11512
11517
11524
11527
11529
11533
11535
11538
11540
11541
11543
11545
11546
11549
11554
11561
11572
11573
11574
11578
11587
11590
11597
11606
11609
11619
11621
11632
11637
11639
11640
11641
11642
11665
11679
11685
11702
11704
11706
11715
11723
11731
11734
11740
11742
11747
11751
11781
11798
11799
11803
11809
11810
11824
11836
11837
11844
11863
11868
11873
11877
11881
11886
11890
11906
11914
11922
11923
11939
11940
11957
11959
11978
11983
11987
11992
11998
11999
12002
12007
12013
12027
12037
12038
12042
12043
12044
12057
12060
12062
12066
12081
12083
12084
12086
12087
12100
12104
12111
12112
12117
12121
12122
12123
12124
12127
12128
12137
12138
12139
12140
12142
12143
12144
12146
12147
12150
12155
12158
12162
12164
12165
12170
12173
12177
12180
12186
12190
12194
12197
12199
12203
12211
12213
12225
12231
12234
12242
12246
12247
12248
12251
12252
12259
12260
12263
12271
12276
12279
12281
12290
12295
12309
12316
12319
12320
12321
12325
12327
12341
12354
12355
12357
12358
12359
12362
12366
12373
12391
12392
12399
12402
12406
12413
12415
12434
12442
12448
12449
12467
12483
12499
12501
12510
12512
12516
12519
12522
12523
12525
12526
12531
12533
12538
12548
12558
12561
12568
12579
12585
12587
12591
12594
12600
12605
12607
12621
12625
12634
12638
12650
12651
12653
12654
12657
12663
12666
12674
12676
12677
12680
12681
12682
12692
12699
12701
12705
12715
12716
12728
12733
12737
12738
12739
12759
12764
12782
12787
12806
12810
12817
12828
12833
12855
12868
12876
12881
12893
12897
12898
12908
12911
12914
12917
12919
12931
12934
12946
12950
12952
12954
12960
12963
12966
12968
12971
12977
12978
12979
12986
12988
12992
12994
13001
13011
13019
13024
13026
13039
13061
13068
13085
13086
13097
13100
13103
13108
13109
13110
13113
13135
13145
13155
13164
13168
13190
13203
13205
13224
13227
13229
13239
13240
13244
13248
13253
13254
13262
13263
13267
13273
13281
13289
13291
13295
13298
13314
13318
13319
13320
13339
13341
13354
13363
13366
13389
13390
13391
13398
13406
13409
13415
13418
13419
13426
13427
13432
13453
13455
13460
13462
13496
13507
13511
13517
13518
13523
13538
13545
13564
13572
13577
13578
13581
13583
13586
13587
13590
13596
13599
13601
13602
13612
13616
13627
13629
13630
13637
13644
13645
13650
13655
13656
13663
13668
13684
13685
13687
13688
13689
13690
13691
13692
13696
13700
13706
13708
13713
13718
13721
13734
13754
13756
13757
13760
13762
13773
13777
13780
13783
13789
13793
13796
13804
13811
13821
13824
13833
13854
13870
13875
13877
13879
13891
13892
13897
13910
13917
13918
13927
13938
13940
13942
13961
13984
13997
14000
14001
14006
14032
14033
14043
14047
14100
14117
14132
14133
14159
14173
14174
14187
14192
14200
14226
14246
14260
14263
14272
14279
14280
14284
14313
14334
14335
14349
14363
14367
14383
14393
14413
14460
14468
14474
14494
14556
14559
14573
14574
14581
14585
14594
14602
14622
14626
14634
14638
14642
14646
14657
14658
14664
14670
14676
14677
14678
14685
14694
14705
14720
14725
14733
14735
14744
14745
14747
14761
14763
14765
14766
14782
14792
14797
14798
14802
14804
14808
14820
14825
14827
14832
14836
14841
14851
14858
14864
14874
14878
14900
14901
14903
14904
14910
14915
14925
14952
14957
14968
14972
14977
14983
14987
15030
15040
15051
15066
15072
15082
15086
15092
15097
15117
15124
15135
15153
15167
15175
15180
15183
15191
15209
15213
15215
15216
15219
15220
15226
15228
15236
15244
15249
15257
15262
15278
15287
15288
15289
15303
15308
15321
15329
15335
15340
15342
15347
15350
15367
15377
15406
15415
15430
15443
15455
15462
15463
15468
15478
15483
15491
15514
15515
15517
15521
15546
15557
15571
15579
15580
15596
15610
15626
15627
15632
15654
15668
15670
15671
15672
15673
15674
15675
15676
15677
15678
15679
15680
15681
15682
15683
15684
15714
15737
15739
15740
15742
15764
15780
15782
15847
15865
15881
15895
15896
15908
15913
15914
15915
15916
15917
15918
15919
15920
15921
15922
15935
15956
16018
16029
16035
16041
16054
16056
16060
16062
16063
16071
16112
16116
16154
16170
16173
16193
16199
16206
16217
16227
16241
16266
16276
16325
16340
16341
16344
16353
16356
16357
16370
16372
16377
16386
16399
16405
16408
16422
16423
16426
16429
16440
16458
16464
16466
16472
16478
16490
16494
16504
16507
16508
16520
16522
16524
16525
16528
16548
16555
16556
16570
16575
16583
16591
16596
16600
16605
16609
16625
16628
16646
16662
16665
16705
16709
16729
16768
16772
16791
16792
16808
16814
16829
16916
16950
17086
17100
17108
17122
17152
17155
17313
17314
17320
17321
17332
17357
17405
17420
17430
17472
17490
17493
17515
17558
17568
17587
17654
17787
17788
17802
17820
17821
17824
17841
17858
17877
17887
17897
17934
17972
17988
18013
18017
18043
18068
18071
18087
18088
18089
18090
18091
18092
18093
18094
18095
18096
18097
18098
18099
18100
18101
18102
18103
18104
18105
18106
18107
18108
18109
18110
18111
18112
18113
18114
18115
18116
18117
18118
18119
18120
18121
18122
18123
18124
18125
18126
18127
18128
18129
18130
18131
18132
18133
18134
18135
18136
18137
18138
18139
18140
18141
18142
18143
18144
18145
18146
18156
18157
18161
18162
18165
18167
18189
18194
18263
18273
18274
18275
18304
18312
18315
18328
18353
18356
18357
18358
18374
18377
18380
18391
18396
18398
18400
18401
18406
18412
18419
18421
18423
18434
18461
18482
18497
18526
18537
18553
18556
18562
18563
18943
19007
19034
19042
19114
19156
19194
19195
19296
19721
19752
