17
18
35
36
39
72
77
82
83
86
88
95
101
115
118
123
130
147
152
169
171
182
194
196
207
214
215
216
222
227
230
239
275
278
279
287
300
304
308
347
349
363
366
375
409
410
416
426
427
430
438
439
453
454
475
504
505
536
553
559
573
576
593
594
596
619
663
665
674
681
711
721
727
736
738
739
750
753
759
768
770
782
796
805
806
815
818
857
868
869
870
871
880
895
900
904
912
917
918
946
949
950
973
978
981
1014
1024
1025
1043
1070
1077
1105
1129
1138
1156
1167
1171
1184
1230
1242
1312
1331
1345
1348
1349
1358
1392
1435
1455
1495
1516
1526
1576
1580
1592
1651
1667
1670
1671
1683
1723
1738
1760
1761
1762
1770
1771
1788
1795
1802
1810
1870
1902
1903
1927
1929
1977
1986
2008
2009
2022
2033
2036
2047
2064
2067
2068
2070
2090
2109
2120
2124
2141
2144
2223
2249
2276
2282
2354
2358
2364
2385
2394
2408
2418
2434
2450
2491
2499
2513
2521
2548
2558
2559
2582
2586
2590
2595
2608
2614
2615
2622
2624
2625
2627
2628
2642
2644
2653
2662
2669
2676
2696
2703
2719
2724
2727
2742
2746
2747
2761
2763
2771
2775
2793
2850
2852
2854
2871
2877
2901
2933
2940
2955
2965
2983
2987
3002
3003
3011
3016
3024
3064
3083
3091
3107
3116
3134
3157
3162
3169
3174
3177
3214
3222
3223
3228
3232
3233
3250
3257
3258
3285
3292
3296
3298
3309
3330
3331
3341
3354
3404
3412
3418
3431
3443
3452
3454
3456
3457
3458
3477
3479
3480
3485
3489
3492
3496
3525
3539
3540
3544
3548
3549
3552
3559
3568
3571
3576
3577
3578
3584
3595
3596
3604
3609
3610
3619
3632
3633
3667
3683
3689
3695
3699
3713
3731
3735
3737
3742
3745
3746
3760
3766
3767
3771
3789
3795
3813
3815
3824
3826
3827
3897
3898
3899
3900
3901
3921
3924
3927
3965
3994
4001
4006
4012
4027
4032
4036
4071
4082
4090
4108
4118
4159
4169
4173
4184
4191
4212
4217
4234
4265
4273
4279
4316
4338
4348
4352
4367
4405
4438
4455
4470
4495
4539
4566
4567
4600
4607
4632
4685
4690
4691
4726
4755
4763
4766
4787
4798
4809
4816
4846
4847
4868
4869
4882
4890
4894
4909
4915
4917
4927
4934
4935
4957
4961
4973
4975
4979
4993
4994
5045
5056
5157
5175
5177
5186
5193
5220
5228
5248
5273
5286
5306
5360
5369
5382
5395
5438
5461
5491
5497
5511
5521
5526
5583
5584
5595
5636
5662
5664
5675
5760
5784
5804
5848
5868
5869
5884
5888
5985
6009
6020
6037
6038
6057
6086
6089
6093
6103
6104
6112
6113
6121
6140
6150
6245
6276
6283
6306
6363
6371
6393
6412
6457
6491
6514
6548
6561
6626
6683
6696
6698
6720
6725
6726
6747
6757
6796
6800
6801
6807
6808
6884
6914
6927
7037
7040
7079
7091
7137
7210
7243
7248
7254
7285
7314
7335
7360
7362
7397
7425
7427
7462
7463
7466
7496
7508
7514
7532
7533
7554
7569
7573
7592
7594
7595
7596
7606
7609
7620
7629
7635
7641
7650
7701
7707
7708
7710
7725
7749
7761
7780
7784
7790
7812
7835
7839
7854
7955
7993
8049
8054
8056
8065
8070
8080
8119
8150
8162
8175
8236
8267
8314
8343
8455
8463
8486
8505
8568
8652
8733
8753
8755
8786
8787
8801
8842
8855
8857
8917
8974
9005
9007
9009
9021
9036
9054
9058
9072
9078
9085
9089
9090
9096
9141
9254
9334
9365
9438
9556
9691
9694
9698
9815
9816
9817
9841
9848
9857
10037
10062
10063
10066
10139
10144
10193
10230
10298
10324
10359
10365
10384
10413
10458
10558
10567
10717
10751
10784
10795
10864
10869
10912
11000
11144
11352
11398
11418
11425
11426
11500
11527
11528
11552
11590
11609
11640
11641
11679
12081
12086
12090
12139
12144
12241
12247
12263
12315
12320
12328
12345
12346
12500
12530
12538
12584
12702
12774
12804
12907
12914
12963
12966
13086
13117
13239
13263
13455
13538
13587
13659
13721
13754
14047
14226
14246
14361
14490
14666
14735
14925
14929
15226
15518
15593
15737
15766
15851
15929
16078
16206
16542
16567
16705
16804
17366
17471
17518
17628
17629
17630
17631
17632
17633
18017
18351
18526
19042
19225
19226
19227
19228
19229
19230
