29
54
60
70
71
74
83
84
89
112
115
118
119
126
130
146
147
155
157
177
182
205
207
229
234
247
271
276
278
293
297
303
317
347
378
389
393
417
427
428
438
450
451
485
501
503
510
513
534
540
546
548
555
558
588
594
596
601
610
612
617
638
646
652
661
672
673
679
695
699
704
707
708
711
727
736
741
743
750
762
776
779
780
782
788
796
815
822
824
830
857
860
888
889
909
918
921
940
943
956
968
969
976
990
1029
1031
1051
1056
1077
1082
1084
1086
1091
1098
1104
1145
1153
1154
1162
1167
1181
1190
1217
1235
1237
1260
1272
1288
1312
1331
1347
1351
1359
1380
1444
1472
1473
1474
1478
1485
1503
1506
1528
1542
1560
1562
1563
1579
1600
1619
1629
1644
1647
1683
1687
1710
1714
1736
1739
1746
1766
1772
1789
1792
1795
1835
1852
1902
1918
1942
1969
1973
1982
1989
2027
2039
2047
2066
2070
2099
2109
2134
2137
2144
2161
2165
2174
2199
2202
2249
2268
2329
2341
2344
2354
2370
2373
2446
2448
2508
2515
2521
2528
2531
2536
2539
2549
2559
2565
2569
2571
2575
2581
2582
2587
2590
2593
2595
2599
2604
2605
2615
2622
2629
2641
2646
2663
2685
2694
2700
2717
2732
2747
2755
2763
2766
2775
2776
2792
2803
2827
2832
2852
2857
2869
2885
2893
2902
2977
2989
3001
3046
3051
3091
3097
3105
3156
3158
3162
3171
3176
3186
3207
3214
3232
3239
3242
3262
3275
3288
3301
3305
3331
3346
3372
3398
3416
3418
3428
3456
3459
3461
3470
3475
3483
3491
3498
3507
3513
3521
3527
3553
3567
3579
3580
3583
3590
3609
3620
3632
3648
3673
3684
3704
3709
3740
3768
3777
3778
3790
3808
3820
3834
3869
3870
3881
3930
3958
3982
3997
4006
4018
4020
4096
4098
4111
4118
4153
4191
4217
4220
4224
4238
4266
4274
4324
4334
4336
4369
4389
4402
4420
4426
4497
4511
4536
4545
4556
4562
4582
4602
4623
4625
4642
4659
4661
4662
4726
4816
4839
4850
4864
4878
4912
4913
4927
4934
4964
4976
4988
4993
4994
5036
5047
5079
5087
5101
5102
5160
5179
5187
5229
5243
5245
5250
5267
5312
5328
5330
5340
5342
5358
5370
5374
5377
5395
5412
5464
5511
5512
5549
5559
5560
5605
5640
5726
5759
5804
5806
5814
5835
5836
5878
5884
5901
5903
5929
5959
5976
5981
6023
6037
6039
6050
6054
6067
6091
6193
6196
6212
6255
6267
6275
6283
6311
6337
6344
6347
6371
6373
6392
6393
6411
6424
6427
6441
6455
6489
6543
6553
6556
6601
6612
6668
6672
6682
6718
6719
6767
6801
6806
6837
6865
6883
6894
6913
6926
6941
6950
6953
6969
7035
7038
7079
7110
7117
7167
7189
7209
7211
7216
7220
7235
7251
7257
7267
7268
7285
7289
7314
7326
7340
7352
7360
7403
7405
7439
7446
7451
7480
7525
7531
7533
7573
7578
7642
7661
7665
7666
7669
7695
7707
7727
7739
7759
7761
7772
7827
7836
7870
7881
7898
7923
7928
7981
8008
8009
8042
8062
8070
8074
8084
8102
8155
8181
8195
8211
8233
8234
8318
8330
8362
8366
8371
8392
8424
8469
8472
8511
8567
8588
8629
8648
8660
8684
8705
8716
8732
8741
8748
8753
8770
8773
8802
8816
8818
8834
8913
8917
8973
8995
9000
9047
9069
9083
9142
9149
9159
9195
9239
9250
9305
9330
9385
9417
9530
9540
9549
9556
9561
9565
9619
9653
9669
9682
9740
9759
9764
9810
9815
9836
9848
9860
9872
9896
9907
9913
9975
9981
9990
10038
10056
10064
10085
10164
10180
10186
10188
10335
10395
10420
10434
10494
10513
10519
10521
10523
10585
10749
10759
10784
10789
10872
10889
10942
11050
11125
11141
11323
11326
11352
11353
11358
11400
11411
11413
11418
11464
11500
11517
11538
11553
11580
11583
11609
11639
11710
11716
11814
11897
12011
12117
12146
12157
12263
12264
12355
12405
12482
12799
12856
12919
13117
13169
13203
13260
13263
13300
13409
13495
13584
13612
13663
13685
13690
13770
13881
13890
13942
13975
14281
14611
14669
14678
14832
14932
15000
15001
15010
15033
15158
15213
15273
15404
15468
15508
15555
15596
15870
15981
16000
16087
16089
16238
16397
16399
16429
16439
16548
16556
16685
16695
16710
16734
16892
17105
17514
17515
17668
17802
17931
17988
18052
18105
18124
18125
18128
18139
18141
18173
18177
18184
18485
18727
18829
18890
18988
18996
19035
19441
19659
