9
15
26
39
48
53
69
72
97
101
119
121
123
130
152
162
168
177
179
181
197
204
207
215
264
321
341
347
349
377
388
432
438
454
480
484
488
513
516
521
553
554
555
587
612
630
631
652
665
701
703
721
725
734
736
752
774
777
787
796
806
835
847
863
872
883
900
934
944
948
952
983
1004
1011
1043
1156
1181
1190
1199
1227
1232
1238
1241
1243
1250
1274
1312
1355
1370
1422
1447
1480
1504
1545
1572
1576
1694
1705
1744
1764
1774
1792
1802
1811
1820
1821
1876
1881
1907
1919
1939
1947
1959
1972
2009
2027
2052
2076
2114
2124
2178
2190
2224
2251
2293
2365
2424
2434
2453
2464
2473
2482
2508
2536
2539
2549
2581
2615
2622
2649
2650
2688
2726
2761
2763
2765
2775
2780
2795
2805
2807
2820
2860
2861
2868
2905
2907
2945
2961
2978
3029
3051
3058
3091
3106
3128
3133
3142
3162
3174
3194
3206
3226
3232
3250
3253
3254
3263
3264
3322
3323
3332
3375
3377
3383
3384
3385
3405
3459
3470
3487
3492
3511
3522
3532
3539
3567
3576
3581
3609
3614
3623
3632
3639
3644
3647
3689
3704
3707
3709
3732
3737
3756
3777
3801
3803
3813
3834
3866
3868
3898
3947
3955
3968
4014
4043
4056
4108
4118
4128
4131
4153
4159
4179
4219
4264
4269
4292
4312
4323
4334
4364
4390
4630
4671
4710
4718
4723
4760
4778
4799
4812
4814
4863
4909
4917
4920
4938
4988
4997
5066
5074
5087
5222
5224
5235
5247
5262
5290
5301
5309
5331
5351
5361
5399
5409
5428
5432
5435
5476
5508
5517
5529
5546
5581
5589
5596
5630
5640
5728
5734
5751
5795
5835
5840
5857
5875
5880
5884
5936
5950
5975
6023
6045
6053
6143
6171
6213
6272
6278
6304
6306
6373
6403
6427
6440
6574
6596
6599
6602
6612
6761
6763
6777
6790
6791
6836
6859
6979
7044
7081
7089
7132
7141
7175
7211
7279
7290
7359
7377
7412
7439
7443
7444
7448
7461
7480
7517
7532
7550
7555
7618
7620
7623
7683
7717
7790
7807
7835
7837
7868
7874
7917
7946
7971
8007
8069
8074
8075
8104
8116
8117
8119
8143
8160
8161
8170
8195
8234
8266
8338
8354
8372
8412
8414
8463
8491
8510
8533
8594
8599
8605
8613
8650
8655
8732
8775
8782
8785
8820
8866
8902
8907
8917
8939
8982
8992
8995
9008
9030
9066
9095
9096
9097
9203
9229
9251
9271
9320
9343
9421
9476
9494
9499
9530
9560
9573
9621
9693
9724
9802
9810
9847
9884
9900
9975
9980
9990
9994
10063
10154
10201
10218
10237
10309
10399
10543
10561
10562
10605
10607
10614
10647
10664
10727
10779
10791
10815
10892
10912
10920
10960
10964
11041
11069
11082
11157
11182
11358
11383
11413
11417
11422
11483
11508
11522
11553
11570
11661
11716
11751
11873
11960
12121
12139
12199
12247
12288
12358
12439
12568
12622
12677
12705
12714
12956
12965
12994
13088
13419
13496
13517
13527
13544
13599
13656
13776
13877
13915
14017
14324
14337
14383
14564
14570
14590
14665
14709
14845
14860
14866
14914
14929
15005
15153
15287
15318
15603
15651
15767
15771
15927
15997
16071
16113
16206
16296
16407
16545
16639
16763
17097
17249
17263
17271
17288
17438
17493
17813
18127
18145
18167
18329
18398
18433
18490
18592
18650
18795
18804
18921
