3
7
14
16
17
23
24
26
29
31
36
37
38
39
46
54
55
59
60
62
63
69
70
71
72
74
77
79
82
83
86
88
93
94
97
99
101
106
107
108
109
110
112
115
119
123
126
128
129
130
131
136
138
141
142
143
155
157
159
167
172
174
179
181
182
191
193
197
200
203
204
205
207
208
210
211
214
215
217
219
221
224
226
228
229
230
232
235
236
237
239
240
243
247
248
262
263
271
272
273
275
277
278
279
280
288
293
295
297
302
303
306
307
312
314
317
320
321
322
323
325
336
338
339
340
342
344
345
346
349
356
363
366
369
370
371
377
379
381
388
389
395
402
403
409
410
417
427
431
438
439
446
450
453
454
459
463
465
474
477
481
482
491
495
500
501
503
505
513
521
522
523
527
529
533
536
538
540
546
549
551
552
553
555
563
572
573
579
582
585
594
596
601
602
603
608
611
613
617
625
628
631
632
634
635
638
648
650
651
652
656
663
673
678
681
683
685
687
691
693
697
701
703
707
708
711
712
715
721
734
735
736
737
739
743
744
748
753
755
758
762
770
773
777
782
786
790
791
792
796
801
805
806
807
808
815
817
824
826
827
830
836
843
845
849
850
857
864
872
875
878
880
883
884
886
888
889
892
898
900
911
917
922
926
929
932
934
947
956
958
963
965
973
980
983
992
999
1004
1009
1012
1013
1018
1023
1024
1029
1030
1033
1040
1041
1055
1056
1057
1062
1065
1069
1075
1076
1077
1082
1084
1085
1086
1097
1098
1103
1107
1109
1112
1122
1123
1132
1133
1141
1143
1156
1159
1162
1163
1167
1180
1181
1186
1189
1190
1199
1200
1205
1206
1207
1209
1217
1220
1223
1229
1234
1244
1248
1253
1254
1256
1268
1269
1271
1272
1279
1286
1296
1308
1312
1321
1322
1328
1333
1335
1339
1347
1350
1351
1355
1358
1360
1362
1365
1370
1373
1387
1399
1400
1406
1410
1413
1418
1425
1429
1431
1433
1434
1435
1436
1437
1440
1450
1457
1463
1465
1472
1474
1475
1479
1485
1487
1492
1494
1495
1497
1503
1508
1514
1522
1527
1549
1552
1562
1563
1566
1567
1570
1571
1576
1580
1581
1584
1589
1590
1596
1599
1610
1613
1622
1625
1627
1632
1633
1640
1643
1644
1647
1654
1655
1665
1679
1683
1692
1697
1699
1708
1712
1713
1720
1722
1731
1736
1742
1757
1758
1759
1771
1772
1773
1792
1795
1805
1808
1811
1812
1820
1822
1830
1841
1875
1884
1894
1900
1904
1912
1919
1932
1940
1945
1950
1951
1955
1960
1962
1972
1973
1976
1977
1982
1985
1986
1990
1996
2003
2004
2017
2019
2025
2027
2033
2036
2038
2046
2055
2064
2070
2071
2075
2076
2083
2085
2088
2090
2098
2099
2103
2104
2105
2107
2109
2115
2127
2134
2135
2136
2140
2144
2146
2148
2151
2156
2157
2160
2165
2167
2176
2199
2219
2225
2232
2235
2238
2247
2254
2256
2259
2262
2264
2268
2273
2276
2291
2300
2310
2323
2324
2336
2344
2352
2354
2359
2363
2365
2366
2367
2369
2376
2377
2378
2379
2381
2386
2403
2407
2416
2418
2421
2424
2430
2435
2441
2444
2446
2447
2448
2450
2453
2454
2463
2473
2477
2487
2491
2493
2494
2498
2501
2508
2509
2510
2513
2514
2517
2518
2520
2521
2528
2530
2537
2539
2543
2549
2550
2551
2559
2567
2574
2581
2582
2583
2587
2592
2593
2595
2600
2602
2604
2608
2610
2615
2616
2623
2625
2627
2628
2640
2641
2644
2645
2646
2648
2651
2656
2662
2667
2669
2671
2680
2681
2682
2685
2686
2690
2692
2694
2696
2700
2702
2708
2710
2714
2715
2717
2724
2725
2727
2729
2732
2733
2738
2740
2746
2747
2748
2759
2760
2762
2763
2766
2771
2772
2775
2778
2779
2780
2781
2784
2786
2790
2792
2795
2807
2809
2810
2813
2816
2822
2825
2827
2828
2832
2839
2840
2846
2847
2848
2850
2852
2853
2861
2864
2865
2870
2871
2873
2878
2879
2889
2893
2895
2897
2900
2901
2904
2907
2912
2914
2928
2930
2932
2945
2953
2959
2967
2970
2973
2976
2977
2980
2982
2983
2988
2989
2996
2999
3002
3004
3007
3008
3009
3015
3018
3020
3029
3044
3046
3051
3053
3055
3056
3058
3060
3069
3070
3084
3090
3091
3092
3095
3097
3100
3104
3107
3114
3115
3119
3123
3126
3127
3132
3133
3135
3136
3139
3145
3147
3152
3153
3156
3163
3166
3169
3171
3172
3174
3175
3177
3184
3185
3189
3194
3199
3205
3211
3213
3214
3216
3217
3218
3223
3232
3238
3242
3248
3250
3253
3254
3256
3257
3264
3265
3266
3270
3271
3275
3282
3285
3287
3292
3295
3298
3313
3315
3319
3322
3328
3330
3331
3334
3337
3341
3346
3347
3357
3368
3371
3372
3375
3377
3380
3383
3384
3388
3390
3398
3402
3403
3404
3410
3412
3413
3414
3416
3430
3431
3436
3450
3454
3455
3456
3459
3461
3466
3467
3470
3471
3472
3473
3474
3475
3476
3477
3482
3483
3485
3489
3503
3507
3508
3509
3510
3525
3526
3529
3530
3532
3534
3543
3545
3546
3552
3553
3554
3556
3557
3560
3563
3565
3568
3570
3571
3573
3574
3578
3579
3580
3581
3583
3590
3591
3594
3600
3604
3611
3613
3615
3620
3621
3623
3624
3625
3626
3632
3633
3648
3650
3651
3654
3655
3660
3661
3665
3666
3670
3679
3682
3686
3689
3693
3697
3698
3699
3700
3702
3703
3704
3707
3708
3711
3713
3719
3721
3722
3723
3725
3727
3728
3729
3730
3732
3733
3734
3740
3743
3744
3749
3750
3751
3757
3760
3766
3767
3773
3776
3790
3795
3800
3802
3809
3818
3821
3824
3831
3833
3834
3836
3847
3857
3860
3866
3867
3868
3869
3870
3873
3886
3893
3897
3898
3899
3902
3907
3912
3919
3920
3922
3923
3929
3930
3943
3959
3962
3963
3971
3980
3982
3983
3989
3994
3997
4003
4004
4005
4006
4011
4012
4013
4017
4019
4020
4021
4023
4024
4027
4030
4036
4039
4044
4059
4070
4071
4080
4087
4090
4104
4107
4108
4111
4113
4118
4119
4120
4121
4122
4125
4129
4131
4133
4136
4139
4147
4148
4160
4163
4169
4179
4184
4186
4188
4195
4205
4207
4211
4215
4217
4218
4220
4228
4229
4238
4239
4243
4248
4250
4252
4253
4256
4257
4266
4268
4269
4293
4300
4301
4308
4313
4322
4323
4330
4331
4336
4337
4340
4347
4353
4359
4368
4371
4372
4381
4382
4383
4388
4389
4390
4395
4396
4400
4405
4408
4415
4430
4434
4438
4441
4454
4470
4479
4486
4491
4493
4511
4531
4537
4543
4546
4558
4561
4562
4566
4567
4568
4572
4594
4596
4600
4604
4612
4614
4618
4619
4622
4625
4630
4631
4632
4635
4641
4644
4646
4660
4662
4666
4668
4670
4674
4678
4679
4683
4688
4691
4699
4707
4709
4710
4715
4716
4725
4726
4728
4744
4756
4757
4759
4763
4764
4766
4774
4776
4781
4788
4803
4816
4817
4827
4833
4841
4850
4865
4873
4877
4881
4882
4883
4886
4887
4894
4910
4912
4914
4917
4919
4920
4924
4931
4936
4938
4942
4955
4962
4976
4994
5008
5011
5013
5035
5042
5047
5051
5061
5074
5075
5077
5082
5090
5097
5099
5109
5110
5111
5114
5116
5120
5132
5133
5148
5151
5153
5160
5177
5179
5181
5189
5191
5197
5198
5204
5227
5228
5231
5234
5238
5242
5245
5265
5270
5273
5275
5286
5287
5289
5291
5293
5306
5322
5326
5332
5334
5338
5351
5352
5356
5359
5360
5369
5382
5387
5388
5392
5408
5413
5419
5438
5456
5457
5458
5470
5471
5473
5476
5482
5483
5491
5497
5504
5510
5515
5519
5521
5526
5533
5536
5546
5549
5550
5553
5557
5564
5566
5571
5585
5600
5603
5615
5622
5625
5631
5639
5660
5688
5706
5715
5721
5730
5736
5737
5743
5755
5760
5763
5776
5778
5792
5794
5795
5798
5803
5804
5825
5833
5837
5840
5848
5855
5856
5861
5866
5875
5876
5880
5882
5884
5890
5891
5894
5897
5898
5901
5903
5904
5911
5918
5922
5930
5933
5955
5956
5975
5985
5987
5989
5992
5995
5999
6023
6027
6028
6031
6032
6039
6042
6044
6046
6052
6053
6056
6057
6058
6064
6073
6085
6093
6094
6100
6103
6104
6109
6110
6111
6113
6121
6125
6133
6139
6142
6143
6144
6150
6154
6161
6163
6175
6181
6182
6200
6202
6205
6212
6214
6219
6220
6235
6250
6253
6259
6261
6271
6276
6282
6284
6291
6309
6312
6314
6321
6322
6324
6340
6344
6348
6350
6353
6356
6358
6372
6373
6374
6379
6389
6393
6399
6450
6451
6464
6469
6480
6485
6488
6491
6507
6529
6542
6580
6584
6586
6590
6599
6600
6612
6613
6621
6626
6627
6628
6637
6646
6651
6666
6667
6669
6673
6674
6675
6679
6683
6685
6687
6694
6710
6718
6719
6722
6747
6749
6762
6769
6772
6799
6800
6801
6803
6818
6821
6822
6834
6836
6844
6845
6878
6879
6880
6884
6885
6918
6933
6956
6970
6972
6977
6981
6982
6990
6991
6993
6994
7005
7009
7011
7012
7027
7037
7052
7069
7074
7082
7091
7093
7098
7108
7109
7112
7127
7130
7131
7134
7135
7136
7144
7148
7162
7175
7176
7178
7179
7182
7186
7191
7193
7195
7205
7212
7223
7225
7228
7233
7235
7239
7240
7243
7246
7257
7259
7268
7280
7296
7298
7303
7314
7326
7333
7338
7353
7358
7366
7377
7395
7405
7409
7420
7428
7450
7451
7452
7455
7458
7461
7468
7469
7473
7476
7479
7488
7491
7496
7513
7519
7524
7529
7531
7532
7542
7553
7555
7557
7561
7569
7570
7583
7584
7588
7594
7598
7604
7605
7614
7618
7619
7624
7626
7633
7637
7641
7646
7657
7662
7669
7678
7680
7687
7691
7699
7707
7713
7725
7726
7746
7748
7759
7761
7762
7766
7767
7770
7774
7780
7783
7786
7787
7795
7797
7804
7807
7809
7810
7819
7824
7826
7827
7828
7832
7834
7835
7844
7851
7852
7856
7858
7862
7867
7868
7876
7877
7878
7886
7891
7906
7907
7913
7915
7917
7918
7923
7928
7933
7934
7940
7946
7947
7955
7956
7957
7958
7961
7980
7981
7984
7993
7994
7999
8008
8009
8025
8049
8051
8064
8065
8071
8073
8074
8078
8087
8102
8105
8120
8122
8131
8137
8143
8144
8161
8169
8192
8194
8195
8196
8209
8214
8215
8229
8230
8234
8235
8237
8246
8248
8249
8271
8276
8281
8282
8291
8314
8324
8327
8330
8332
8342
8347
8354
8366
8368
8374
8376
8379
8403
8410
8413
8417
8418
8421
8430
8440
8444
8455
8456
8458
8462
8463
8469
8471
8472
8481
8488
8504
8505
8537
8547
8578
8579
8584
8590
8597
8599
8601
8605
8608
8611
8612
8614
8642
8648
8650
8660
8680
8684
8699
8705
8732
8733
8735
8737
8745
8758
8773
8775
8799
8800
8802
8808
8809
8813
8826
8829
8830
8835
8847
8849
8856
8860
8864
8865
8866
8917
8920
8922
8928
8930
8932
8942
8943
8970
8973
8980
8984
8986
8999
9002
9006
9008
9046
9061
9066
9071
9076
9083
9085
9086
9090
9094
9097
9109
9123
9139
9140
9143
9148
9170
9176
9182
9185
9195
9206
9208
9210
9211
9213
9216
9217
9238
9239
9244
9248
9249
9250
9263
9265
9267
9273
9274
9275
9281
9283
9288
9291
9297
9304
9308
9310
9325
9326
9339
9352
9359
9366
9373
9378
9383
9384
9391
9417
9429
9438
9440
9450
9453
9461
9468
9474
9476
9484
9485
9488
9491
9494
9499
9517
9532
9535
9541
9545
9548
9549
9563
9565
9569
9572
9575
9582
9589
9598
9607
9617
9629
9640
9641
9642
9649
9661
9666
9667
9681
9687
9693
9694
9695
9699
9717
9721
9747
9751
9759
9764
9766
9767
9768
9798
9800
9810
9823
9833
9845
9847
9849
9856
9873
9878
9886
9898
9909
9935
9942
9949
9955
9960
9976
9988
9990
9995
10003
10009
10013
10018
10052
10063
10065
10079
10094
10102
10114
10125
10132
10143
10154
10163
10172
10181
10186
10189
10197
10201
10241
10243
10248
10254
10256
10298
10308
10316
10323
10334
10359
10375
10387
10390
10392
10394
10413
10428
10434
10462
10482
10548
10560
10580
10590
10595
10614
10627
10633
10670
10682
10699
10720
10728
10734
10743
10751
10757
10761
10771
10772
10775
10777
10779
10782
10786
10788
10791
10799
10808
10836
10849
10853
10870
10881
10939
10942
10944
10945
10949
10955
10979
10998
11005
11008
11021
11031
11036
11041
11043
11051
11081
11082
11096
11101
11116
11131
11153
11157
11160
11165
11166
11170
11194
11195
11202
11244
11251
11287
11289
11299
11316
11319
11342
11356
11358
11371
11386
11387
11402
11406
11414
11422
11439
11448
11450
11454
11464
11474
11477
11496
11516
11527
11541
11572
11574
11605
11612
11619
11643
11661
11679
11683
11723
11751
11766
11781
11794
11798
11826
11890
11914
11915
11928
11947
11955
12003
12033
12047
12060
12062
12080
12087
12112
12122
12134
12139
12145
12149
12150
12158
12169
12179
12189
12195
12199
12209
12227
12237
12247
12253
12271
12288
12297
12316
12332
12358
12359
12384
12392
12442
12467
12475
12499
12500
12522
12539
12650
12669
12676
12677
12682
12686
12694
12705
12711
12716
12738
12745
12832
12891
12899
12906
12907
12934
12950
12954
12956
12958
12967
12976
12983
13017
13019
13042
13053
13092
13119
13227
13239
13254
13274
13279
13282
13291
13303
13322
13334
13360
13368
13396
13409
13419
13438
13483
13485
13496
13511
13529
13533
13556
13566
13567
13602
13616
13617
13623
13627
13649
13652
13685
13690
13695
13718
13735
13745
13748
13757
13760
13776
13780
13792
13796
13807
13810
13813
13833
13854
13857
13889
13913
13980
14000
14001
14006
14014
14029
14032
14034
14035
14038
14094
14098
14105
14111
14174
14207
14219
14254
14267
14294
14340
14349
14370
14381
14400
14404
14447
14530
14548
14557
14594
14619
14646
14652
14654
14669
14670
14701
14714
14726
14733
14735
14742
14752
14754
14779
14793
14803
14832
14834
14841
14843
14852
14877
14878
14890
14916
14925
14980
14991
15000
15001
15033
15035
15040
15066
15072
15073
15086
15093
15097
15117
15124
15135
15154
15167
15179
15180
15205
15210
15214
15229
15252
15272
15278
15317
15365
15414
15423
15427
15451
15460
15467
15485
15518
15522
15526
15540
15552
15557
15581
15595
15596
15597
15627
15640
15650
15663
15689
15714
15737
15739
15740
15755
15842
15848
15865
15881
15911
15925
15932
15993
15994
16010
16035
16050
16089
16100
16101
16102
16112
16118
16154
16158
16162
16195
16227
16241
16269
16343
16361
16407
16421
16436
16453
16455
16478
16504
16546
16556
16583
16585
16595
16605
16609
16676
16768
16784
16818
16865
16992
17096
17122
17153
17155
17159
17186
17192
17255
17262
17264
17265
17267
17272
17289
17292
17295
17302
17305
17313
17362
17425
17430
17479
17490
17546
17558
17566
17568
17576
17588
17787
17813
17820
17887
17890
17897
17905
17934
17968
17970
17988
18068
18102
18104
18108
18109
18110
18112
18113
18116
18120
18121
18126
18131
18132
18137
18138
18139
18141
18146
18152
18170
18180
18181
18186
18187
18205
18208
18211
18215
18219
18223
18224
18229
18230
18260
18263
18266
18268
18323
18328
18349
18350
18351
18381
18391
18400
18413
18437
18448
18459
18514
18520
18574
18582
18619
18625
18626
18631
18678
18728
18735
18798
18854
18855
18864
18949
18985
18988
19099
19110
19434
19463
19816
