1
3
6
7
8
9
10
12
13
15
16
17
19
22
23
24
26
29
32
36
37
38
39
40
41
42
44
45
50
51
54
55
57
58
60
62
63
64
67
68
69
70
71
72
73
74
76
77
78
79
81
82
83
86
87
88
89
90
91
93
96
97
98
99
100
101
103
107
108
110
111
113
114
115
116
117
119
120
122
123
125
126
127
130
131
132
134
135
136
137
138
139
140
142
145
146
147
149
151
152
154
155
156
157
159
160
163
165
167
168
170
172
174
175
176
177
178
180
181
182
183
185
187
188
189
191
193
196
197
198
200
204
205
206
207
210
212
213
214
215
216
217
219
222
224
226
228
230
236
237
239
240
241
242
243
247
248
251
254
255
257
258
259
260
261
262
264
270
271
272
273
275
278
279
280
282
283
284
287
288
289
290
293
294
295
296
297
298
299
300
301
303
306
307
308
310
311
312
313
315
317
319
320
321
322
323
324
325
329
330
333
337
339
343
344
345
346
347
349
350
352
356
360
363
366
367
368
369
370
371
372
374
376
377
378
379
380
384
385
386
387
388
389
393
394
395
402
403
405
408
409
415
417
418
419
422
423
425
427
428
430
431
432
433
435
436
438
439
441
442
445
446
447
449
450
451
453
454
455
457
458
459
460
463
464
468
469
470
471
473
474
477
480
483
490
492
493
494
500
501
503
504
505
506
508
510
513
514
517
518
519
521
522
525
526
527
529
532
533
537
539
541
546
550
551
552
553
554
555
558
559
561
563
565
566
567
569
573
574
575
576
581
582
585
587
591
593
594
595
596
597
599
600
601
602
606
607
608
610
611
612
613
615
616
617
619
620
622
625
626
628
631
633
634
635
636
637
638
639
645
646
648
650
652
654
655
659
660
662
663
664
665
666
668
670
671
672
673
678
679
680
683
684
685
687
690
692
693
694
696
697
699
700
701
703
707
708
709
710
714
717
718
719
720
721
724
725
727
728
732
733
734
735
736
739
743
744
748
749
750
751
752
754
755
758
759
760
761
763
765
766
768
770
773
774
775
777
780
781
782
783
784
787
789
790
792
795
796
797
798
800
801
803
804
805
806
807
810
811
814
815
816
819
820
822
823
824
826
827
830
834
836
837
839
843
844
846
849
850
855
856
857
858
859
860
861
862
864
865
867
869
870
872
875
876
878
879
880
883
884
886
887
888
889
891
892
893
897
898
903
905
908
909
911
912
916
918
919
920
921
922
924
925
927
929
930
931
932
934
935
941
942
943
944
946
947
948
949
951
952
955
956
957
958
964
966
967
969
971
973
974
976
977
978
980
984
985
986
987
988
990
999
1002
1006
1008
1009
1011
1012
1013
1014
1015
1017
1018
1020
1024
1025
1029
1030
1037
1039
1040
1041
1043
1045
1048
1049
1052
1056
1062
1065
1066
1070
1071
1072
1073
1074
1076
1077
1079
1081
1082
1083
1084
1085
1086
1088
1089
1091
1092
1095
1097
1098
1102
1103
1104
1105
1107
1110
1111
1113
1117
1120
1123
1124
1127
1129
1132
1133
1134
1136
1139
1143
1144
1145
1148
1150
1152
1153
1155
1156
1158
1159
1160
1162
1165
1167
1169
1177
1178
1179
1180
1184
1186
1188
1189
1190
1191
1196
1198
1204
1206
1207
1208
1209
1210
1213
1215
1216
1217
1219
1220
1223
1226
1227
1229
1231
1232
1234
1237
1242
1243
1245
1248
1249
1250
1251
1256
1258
1264
1265
1268
1269
1271
1272
1276
1277
1278
1279
1285
1286
1287
1292
1295
1296
1297
1304
1307
1308
1310
1311
1312
1321
1323
1327
1328
1331
1333
1334
1338
1341
1346
1347
1349
1350
1352
1353
1354
1358
1359
1362
1363
1368
1369
1372
1373
1377
1382
1385
1386
1389
1390
1398
1399
1400
1402
1403
1404
1406
1407
1409
1410
1411
1414
1417
1418
1419
1422
1425
1426
1429
1434
1436
1442
1443
1444
1446
1450
1451
1453
1455
1456
1458
1463
1464
1465
1466
1468
1469
1470
1471
1472
1473
1474
1478
1479
1480
1481
1482
1483
1485
1487
1488
1490
1491
1492
1495
1498
1500
1502
1503
1504
1505
1513
1514
1516
1523
1524
1527
1528
1533
1536
1541
1543
1545
1546
1548
1549
1552
1553
1560
1561
1563
1566
1568
1572
1579
1580
1581
1589
1590
1592
1593
1596
1597
1598
1599
1600
1603
1608
1610
1613
1616
1618
1620
1622
1623
1624
1625
1628
1629
1630
1637
1638
1641
1644
1647
1652
1653
1654
1655
1658
1662
1664
1665
1666
1667
1668
1669
1670
1671
1673
1674
1677
1678
1679
1683
1685
1692
1693
1694
1695
1697
1705
1706
1710
1716
1717
1718
1720
1726
1727
1729
1730
1736
1739
1744
1745
1746
1747
1752
1755
1756
1758
1759
1760
1761
1762
1763
1764
1765
1769
1770
1772
1773
1774
1777
1778
1781
1788
1789
1792
1794
1795
1798
1799
1800
1802
1809
1810
1811
1813
1815
1818
1819
1822
1828
1830
1832
1835
1839
1847
1850
1852
1853
1857
1866
1867
1868
1870
1871
1875
1880
1881
1884
1886
1887
1889
1892
1894
1895
1897
1900
1902
1904
1908
1909
1911
1918
1921
1922
1923
1935
1936
1937
1939
1943
1944
1945
1947
1948
1950
1957
1959
1960
1964
1968
1969
1972
1973
1974
1976
1977
1979
1980
1982
1989
1991
1996
2003
2004
2006
2008
2009
2010
2012
2015
2017
2018
2019
2021
2022
2024
2025
2026
2027
2028
2032
2033
2034
2035
2036
2037
2038
2039
2041
2043
2046
2048
2049
2052
2053
2064
2066
2067
2068
2070
2075
2076
2078
2081
2088
2089
2090
2092
2095
2096
2098
2099
2100
2101
2103
2104
2105
2109
2110
2111
2112
2114
2118
2124
2129
2131
2132
2133
2136
2138
2140
2144
2146
2150
2154
2157
2160
2164
2165
2166
2167
2168
2172
2174
2176
2177
2188
2190
2191
2194
2196
2197
2198
2199
2200
2205
2208
2209
2210
2212
2215
2216
2219
2221
2222
2225
2227
2229
2232
2233
2237
2238
2242
2246
2247
2248
2249
2251
2254
2255
2256
2260
2265
2268
2270
2271
2273
2276
2277
2278
2281
2284
2293
2300
2301
2306
2310
2311
2313
2321
2322
2323
2325
2327
2329
2330
2335
2336
2337
2338
2341
2344
2345
2349
2350
2353
2354
2358
2359
2362
2363
2364
2366
2367
2368
2369
2370
2377
2378
2379
2380
2388
2391
2393
2394
2396
2399
2403
2407
2408
2410
2412
2417
2418
2422
2423
2424
2432
2434
2435
2436
2437
2438
2443
2444
2446
2448
2450
2452
2453
2455
2458
2460
2463
2464
2466
2467
2472
2473
2475
2480
2482
2488
2489
2490
2492
2493
2494
2495
2497
2498
2499
2501
2502
2503
2505
2508
2511
2514
2515
2516
2517
2518
2521
2523
2524
2525
2528
2531
2532
2536
2537
2539
2540
2543
2545
2548
2549
2551
2552
2556
2559
2560
2561
2563
2566
2567
2568
2569
2571
2581
2582
2584
2586
2587
2593
2597
2598
2603
2604
2606
2608
2610
2613
2614
2615
2619
2622
2623
2624
2625
2628
2633
2637
2641
2644
2645
2646
2647
2648
2650
2651
2652
2656
2657
2658
2659
2660
2661
2662
2663
2664
2665
2666
2667
2669
2672
2673
2674
2678
2679
2680
2681
2682
2684
2685
2688
2691
2692
2694
2696
2699
2700
2702
2703
2705
2707
2708
2710
2711
2714
2716
2717
2720
2721
2722
2723
2724
2725
2726
2727
2728
2729
2731
2732
2733
2738
2739
2746
2747
2750
2754
2755
2758
2760
2761
2762
2763
2764
2765
2766
2770
2771
2772
2774
2775
2777
2778
2779
2780
2781
2783
2784
2787
2790
2792
2793
2795
2796
2803
2807
2808
2809
2811
2814
2816
2819
2820
2821
2822
2823
2825
2826
2830
2831
2832
2837
2838
2840
2842
2843
2844
2846
2847
2848
2850
2852
2853
2857
2859
2861
2864
2865
2867
2868
2869
2876
2879
2880
2885
2886
2893
2894
2895
2897
2899
2900
2901
2902
2903
2904
2907
2908
2909
2910
2912
2914
2915
2916
2918
2920
2921
2922
2924
2928
2929
2931
2932
2933
2935
2937
2940
2941
2942
2943
2944
2945
2946
2947
2949
2950
2952
2953
2954
2962
2963
2965
2969
2971
2976
2977
2978
2980
2983
2984
2985
2987
2988
2989
2991
2992
2994
2997
3000
3002
3003
3004
3007
3008
3009
3010
3011
3016
3020
3021
3023
3025
3028
3029
3030
3032
3033
3037
3046
3049
3050
3051
3053
3056
3058
3060
3061
3064
3067
3073
3075
3077
3082
3084
3085
3086
3088
3090
3091
3092
3094
3095
3096
3097
3099
3100
3102
3109
3110
3111
3113
3114
3115
3116
3117
3119
3124
3126
3127
3128
3130
3132
3133
3134
3137
3138
3141
3142
3144
3145
3146
3148
3150
3151
3152
3153
3155
3156
3157
3158
3160
3162
3163
3165
3166
3168
3169
3170
3171
3173
3174
3176
3177
3178
3180
3183
3184
3185
3186
3188
3189
3191
3192
3194
3196
3197
3199
3200
3201
3203
3205
3206
3207
3208
3209
3210
3211
3212
3213
3214
3216
3217
3222
3223
3227
3228
3229
3230
3231
3232
3233
3236
3237
3238
3239
3241
3242
3248
3249
3250
3256
3258
3259
3260
3261
3262
3264
3265
3266
3267
3270
3271
3275
3278
3279
3281
3285
3286
3287
3288
3292
3296
3297
3298
3301
3302
3305
3308
3309
3311
3313
3314
3315
3316
3317
3319
3320
3322
3324
3325
3328
3330
3331
3334
3336
3340
3342
3343
3346
3347
3350
3353
3354
3356
3357
3359
3361
3362
3363
3367
3368
3369
3370
3371
3372
3375
3378
3380
3382
3383
3389
3390
3395
3397
3401
3403
3404
3405
3406
3408
3410
3413
3415
3416
3417
3419
3421
3422
3424
3426
3430
3431
3432
3435
3436
3437
3439
3443
3445
3450
3451
3452
3453
3454
3455
3456
3457
3459
3461
3462
3463
3464
3465
3466
3467
3470
3472
3473
3474
3475
3476
3477
3478
3479
3480
3483
3484
3485
3486
3487
3489
3491
3495
3503
3504
3505
3506
3507
3509
3510
3511
3513
3515
3517
3520
3521
3522
3523
3526
3527
3530
3532
3533
3535
3539
3542
3543
3544
3546
3547
3549
3551
3552
3553
3554
3556
3557
3559
3560
3562
3565
3566
3567
3568
3571
3572
3573
3574
3576
3578
3579
3580
3581
3582
3583
3585
3586
3589
3590
3591
3592
3593
3596
3597
3598
3599
3601
3602
3603
3604
3605
3606
3607
3608
3609
3610
3611
3612
3614
3616
3618
3619
3620
3621
3622
3623
3624
3625
3626
3630
3631
3632
3633
3634
3635
3637
3638
3643
3646
3648
3649
3651
3654
3655
3656
3658
3659
3660
3661
3662
3665
3667
3668
3674
3676
3678
3679
3682
3683
3684
3687
3689
3691
3693
3695
3696
3697
3698
3699
3700
3701
3702
3703
3704
3705
3706
3707
3708
3709
3711
3712
3713
3714
3715
3718
3720
3722
3723
3725
3726
3727
3729
3732
3734
3735
3737
3742
3743
3749
3751
3752
3753
3757
3758
3759
3760
3761
3763
3764
3766
3767
3769
3771
3774
3776
3777
3780
3782
3783
3786
3788
3791
3795
3799
3800
3801
3802
3803
3807
3810
3812
3813
3814
3815
3816
3818
3819
3821
3822
3823
3824
3826
3827
3828
3829
3830
3831
3832
3833
3834
3836
3838
3840
3843
3844
3845
3846
3848
3851
3854
3855
3856
3857
3858
3859
3860
3864
3865
3866
3867
3868
3869
3870
3871
3874
3875
3879
3880
3881
3882
3887
3888
3889
3891
3897
3898
3899
3900
3901
3902
3907
3912
3913
3915
3919
3920
3921
3922
3923
3924
3926
3927
3929
3939
3940
3941
3943
3945
3946
3947
3954
3955
3958
3960
3961
3963
3967
3968
3972
3980
3981
3982
3983
3984
3988
3993
3997
4000
4003
4004
4005
4006
4007
4008
4009
4013
4017
4019
4020
4022
4023
4024
4027
4030
4032
4033
4034
4036
4039
4042
4043
4044
4045
4046
4051
4053
4054
4056
4060
4061
4062
4066
4067
4070
4071
4073
4074
4075
4079
4080
4082
4083
4085
4087
4088
4090
4095
4096
4098
4101
4103
4104
4107
4108
4109
4110
4111
4114
4115
4116
4118
4119
4120
4122
4124
4127
4129
4131
4134
4136
4137
4138
4141
4143
4144
4146
4148
4153
4154
4155
4157
4158
4159
4160
4162
4164
4169
4171
4172
4178
4179
4183
4184
4185
4186
4188
4191
4197
4201
4205
4208
4215
4216
4217
4218
4219
4220
4221
4225
4226
4227
4228
4229
4234
4237
4238
4240
4241
4242
4243
4248
4250
4252
4253
4255
4256
4258
4264
4265
4266
4267
4268
4270
4274
4275
4276
4282
4284
4290
4293
4294
4300
4301
4303
4304
4308
4309
4310
4311
4312
4314
4316
4321
4323
4324
4325
4326
4330
4331
4334
4335
4337
4338
4339
4340
4347
4349
4351
4352
4353
4355
4358
4359
4363
4364
4366
4368
4370
4376
4378
4383
4384
4388
4389
4390
4391
4392
4393
4398
4399
4405
4406
4412
4413
4414
4415
4418
4420
4424
4425
4426
4427
4428
4430
4434
4438
4439
4441
4444
4445
4447
4453
4455
4465
4469
4470
4472
4474
4475
4478
4480
4481
4482
4483
4484
4486
4487
4490
4491
4492
4494
4495
4497
4501
4502
4509
4510
4519
4531
4539
4544
4545
4547
4551
4552
4555
4556
4557
4560
4561
4562
4563
4567
4568
4569
4571
4577
4578
4579
4587
4596
4597
4600
4603
4604
4607
4611
4612
4613
4616
4618
4619
4622
4625
4630
4632
4634
4635
4636
4639
4640
4649
4651
4652
4660
4662
4663
4665
4668
4670
4671
4674
4676
4677
4688
4690
4691
4694
4698
4699
4702
4703
4705
4709
4710
4715
4716
4718
4726
4727
4728
4731
4734
4735
4740
4742
4743
4744
4747
4749
4750
4751
4756
4757
4759
4763
4765
4766
4767
4768
4774
4780
4781
4782
4784
4785
4788
4789
4790
4794
4797
4798
4799
4803
4804
4805
4806
4807
4809
4810
4812
4813
4816
4826
4829
4830
4835
4836
4837
4840
4841
4845
4846
4849
4850
4851
4856
4859
4860
4865
4866
4868
4869
4870
4875
4876
4877
4878
4879
4881
4882
4883
4884
4886
4887
4888
4890
4894
4896
4898
4900
4902
4904
4906
4907
4910
4912
4913
4914
4915
4918
4919
4920
4923
4924
4926
4927
4928
4930
4931
4932
4938
4939
4940
4942
4943
4957
4958
4959
4962
4963
4967
4969
4971
4972
4979
4981
4982
4987
4988
4991
4993
4994
4996
4997
4998
5001
5005
5006
5007
5008
5011
5012
5014
5015
5019
5022
5035
5036
5038
5040
5045
5047
5048
5052
5059
5060
5063
5064
5065
5066
5071
5072
5074
5075
5076
5081
5082
5084
5087
5088
5090
5092
5093
5097
5099
5105
5108
5110
5111
5112
5113
5114
5116
5118
5119
5121
5124
5125
5126
5127
5131
5132
5133
5134
5135
5137
5138
5148
5151
5152
5154
5157
5158
5160
5164
5166
5167
5170
5171
5172
5176
5184
5186
5189
5190
5193
5196
5198
5201
5204
5205
5220
5222
5227
5228
5230
5231
5233
5235
5238
5243
5244
5247
5248
5251
5254
5255
5258
5261
5262
5268
5269
5272
5273
5274
5277
5279
5280
5282
5283
5286
5294
5295
5296
5298
5300
5307
5309
5311
5312
5316
5317
5321
5322
5323
5325
5326
5327
5328
5330
5331
5334
5335
5336
5337
5338
5339
5340
5343
5344
5350
5351
5352
5354
5356
5359
5361
5364
5365
5366
5369
5371
5376
5379
5380
5382
5383
5386
5387
5388
5390
5396
5397
5399
5400
5401
5403
5407
5408
5413
5418
5422
5425
5428
5430
5431
5432
5433
5435
5436
5442
5447
5448
5449
5450
5452
5453
5456
5457
5459
5460
5461
5463
5464
5466
5468
5469
5470
5471
5472
5473
5475
5476
5477
5481
5486
5487
5488
5491
5492
5494
5498
5500
5501
5502
5504
5505
5507
5508
5511
5512
5513
5515
5516
5517
5521
5523
5526
5527
5531
5533
5534
5544
5546
5548
5549
5550
5551
5553
5556
5557
5559
5560
5562
5563
5564
5566
5570
5571
5573
5576
5579
5580
5583
5584
5585
5586
5587
5588
5590
5593
5594
5595
5596
5599
5600
5601
5602
5603
5605
5606
5608
5618
5621
5623
5625
5626
5629
5630
5638
5642
5643
5644
5648
5649
5651
5652
5654
5655
5656
5658
5660
5668
5669
5671
5673
5674
5675
5676
5678
5681
5686
5688
5690
5691
5697
5698
5699
5700
5702
5703
5706
5708
5709
5712
5718
5719
5720
5721
5724
5725
5726
5730
5731
5734
5736
5738
5742
5743
5747
5748
5749
5754
5759
5760
5762
5763
5764
5765
5766
5767
5768
5773
5776
5778
5780
5789
5791
5792
5793
5794
5797
5800
5805
5806
5810
5813
5817
5818
5820
5826
5827
5829
5832
5833
5835
5836
5837
5842
5843
5844
5848
5852
5853
5855
5856
5858
5860
5861
5865
5867
5868
5869
5870
5871
5872
5875
5876
5880
5884
5887
5888
5896
5897
5901
5902
5903
5904
5914
5916
5917
5919
5920
5921
5922
5923
5924
5927
5930
5942
5945
5946
5947
5948
5949
5952
5953
5959
5960
5966
5967
5968
5970
5974
5977
5981
5983
5985
5986
5989
5990
5993
5996
6000
6004
6011
6013
6015
6016
6020
6022
6023
6026
6027
6028
6031
6034
6037
6038
6039
6041
6042
6043
6046
6047
6049
6050
6052
6056
6057
6061
6063
6064
6065
6067
6068
6069
6072
6074
6075
6076
6081
6084
6085
6087
6088
6089
6090
6091
6092
6093
6095
6096
6098
6099
6103
6104
6106
6110
6111
6112
6113
6114
6115
6122
6123
6125
6126
6128
6131
6133
6135
6138
6139
6140
6141
6142
6143
6144
6145
6149
6150
6156
6159
6162
6172
6179
6182
6184
6185
6196
6199
6202
6204
6212
6213
6214
6218
6219
6221
6223
6224
6225
6233
6234
6235
6236
6241
6242
6243
6246
6250
6251
6253
6254
6260
6261
6262
6264
6268
6272
6274
6275
6276
6278
6282
6286
6287
6289
6290
6291
6293
6297
6298
6299
6300
6301
6304
6305
6308
6310
6317
6324
6329
6331
6337
6350
6351
6352
6353
6354
6357
6360
6361
6363
6366
6368
6369
6370
6371
6372
6373
6377
6382
6385
6389
6390
6391
6392
6393
6395
6399
6405
6407
6410
6411
6412
6413
6414
6415
6416
6419
6421
6422
6424
6425
6427
6432
6433
6436
6447
6453
6455
6457
6458
6461
6463
6464
6466
6468
6469
6479
6480
6481
6485
6491
6495
6497
6500
6502
6511
6514
6516
6517
6519
6525
6532
6536
6537
6542
6545
6548
6549
6550
6553
6555
6556
6561
6564
6576
6578
6580
6585
6586
6587
6589
6592
6593
6594
6596
6597
6599
6601
6602
6609
6610
6612
6613
6621
6622
6624
6626
6628
6631
6633
6637
6639
6641
6642
6653
6656
6657
6660
6662
6665
6668
6669
6672
6673
6674
6675
6682
6684
6687
6689
6692
6694
6697
6701
6703
6704
6705
6706
6711
6713
6716
6718
6720
6722
6724
6728
6729
6730
6736
6738
6739
6741
6750
6751
6757
6760
6761
6762
6763
6767
6769
6772
6778
6779
6784
6786
6788
6790
6791
6794
6796
6799
6800
6801
6807
6809
6810
6812
6814
6821
6825
6827
6832
6833
6836
6840
6844
6853
6859
6865
6868
6871
6874
6878
6879
6883
6884
6885
6886
6888
6889
6892
6894
6900
6903
6904
6906
6907
6914
6915
6922
6924
6926
6928
6933
6934
6935
6936
6943
6950
6956
6960
6962
6963
6970
6972
6973
6974
6977
6979
6981
6988
6989
6990
6991
6995
6999
7000
7005
7006
7008
7009
7011
7012
7019
7027
7029
7030
7034
7036
7037
7038
7039
7044
7046
7049
7052
7056
7057
7058
7061
7063
7064
7067
7068
7074
7079
7081
7083
7086
7089
7093
7094
7097
7099
7100
7101
7103
7104
7108
7109
7110
7112
7115
7116
7126
7130
7131
7132
7133
7134
7135
7136
7141
7142
7148
7151
7154
7165
7169
7171
7175
7176
7177
7178
7182
7184
7189
7191
7192
7194
7198
7202
7203
7207
7208
7209
7210
7213
7216
7219
7220
7222
7223
7226
7232
7233
7235
7236
7238
7239
7240
7241
7242
7243
7244
7250
7251
7256
7257
7259
7261
7264
7267
7268
7270
7271
7273
7274
7276
7280
7282
7284
7285
7286
7289
7291
7292
7293
7294
7299
7302
7303
7309
7310
7311
7314
7315
7320
7323
7325
7328
7329
7331
7332
7337
7338
7341
7345
7346
7353
7355
7357
7358
7359
7360
7362
7365
7366
7367
7370
7374
7377
7378
7379
7382
7390
7393
7394
7395
7397
7398
7403
7405
7406
7409
7411
7413
7415
7418
7419
7420
7422
7439
7441
7442
7446
7447
7449
7451
7458
7460
7461
7462
7463
7465
7468
7470
7472
7473
7474
7475
7476
7478
7479
7480
7483
7486
7487
7498
7499
7501
7505
7506
7507
7508
7513
7514
7516
7517
7532
7538
7542
7547
7550
7551
7552
7557
7558
7562
7563
7567
7569
7570
7571
7572
7576
7578
7584
7588
7592
7593
7595
7596
7598
7601
7602
7612
7614
7618
7621
7622
7624
7627
7629
7630
7631
7633
7635
7636
7637
7638
7641
7643
7648
7650
7652
7655
7657
7664
7666
7670
7671
7672
7674
7680
7683
7684
7687
7689
7691
7692
7693
7694
7700
7701
7702
7706
7707
7708
7714
7719
7721
7722
7724
7725
7727
7729
7730
7732
7733
7734
7735
7736
7739
7740
7741
7744
7745
7748
7749
7750
7754
7756
7757
7758
7759
7760
7761
7762
7765
7766
7768
7770
7772
7775
7779
7780
7781
7784
7787
7789
7791
7792
7793
7794
7797
7802
7803
7804
7807
7808
7810
7811
7815
7816
7818
7824
7827
7829
7830
7832
7833
7834
7835
7837
7841
7845
7848
7849
7852
7854
7856
7857
7858
7860
7861
7862
7863
7865
7867
7868
7869
7870
7873
7874
7877
7878
7880
7882
7887
7894
7897
7898
7902
7904
7905
7906
7907
7908
7909
7913
7915
7917
7918
7920
7921
7923
7924
7925
7926
7928
7931
7932
7933
7934
7935
7940
7941
7942
7943
7944
7946
7950
7951
7952
7954
7956
7958
7961
7964
7967
7970
7971
7976
7980
7981
7982
7984
7989
7991
7992
7993
7994
7998
7999
8001
8008
8009
8011
8017
8038
8039
8041
8049
8051
8053
8054
8058
8062
8064
8065
8066
8068
8071
8072
8074
8077
8078
8080
8081
8084
8087
8090
8092
8098
8104
8105
8107
8113
8115
8116
8118
8119
8125
8126
8127
8129
8130
8131
8137
8138
8140
8141
8149
8152
8153
8158
8160
8161
8164
8169
8170
8171
8175
8185
8188
8192
8194
8195
8200
8206
8208
8209
8213
8215
8218
8221
8224
8227
8228
8229
8232
8233
8234
8236
8237
8239
8243
8245
8246
8248
8249
8251
8253
8259
8263
8265
8268
8270
8276
8279
8280
8291
8304
8309
8312
8313
8314
8317
8318
8320
8327
8330
8331
8334
8335
8336
8337
8338
8342
8343
8346
8347
8348
8349
8350
8353
8354
8356
8357
8358
8363
8364
8365
8366
8368
8370
8372
8374
8376
8379
8383
8387
8392
8394
8401
8403
8409
8412
8415
8417
8424
8428
8432
8434
8436
8437
8439
8443
8448
8449
8450
8454
8455
8456
8458
8462
8465
8466
8469
8471
8472
8473
8474
8477
8481
8482
8484
8488
8493
8499
8500
8502
8505
8508
8511
8512
8513
8514
8527
8533
8537
8538
8542
8545
8546
8548
8549
8550
8557
8558
8561
8572
8573
8577
8578
8579
8580
8583
8587
8589
8590
8594
8599
8600
8603
8605
8607
8608
8610
8613
8614
8616
8622
8626
8629
8633
8635
8638
8641
8647
8648
8650
8652
8655
8659
8666
8680
8684
8700
8702
8705
8712
8719
8722
8732
8733
8736
8737
8740
8742
8745
8753
8755
8756
8758
8760
8764
8772
8773
8774
8775
8782
8783
8785
8786
8787
8789
8792
8797
8798
8802
8803
8809
8810
8811
8816
8818
8822
8824
8826
8827
8828
8829
8834
8835
8836
8837
8839
8842
8844
8846
8847
8849
8856
8860
8862
8863
8864
8865
8866
8868
8870
8873
8874
8875
8876
8877
8880
8889
8896
8897
8898
8915
8917
8919
8920
8922
8923
8929
8940
8941
8943
8947
8958
8961
8963
8965
8968
8969
8970
8971
8973
8974
8977
8978
8981
8983
8986
8991
8992
8995
8998
8999
9003
9005
9007
9011
9013
9017
9020
9029
9037
9040
9044
9045
9049
9052
9054
9056
9059
9061
9066
9071
9073
9078
9081
9083
9086
9090
9091
9092
9093
9094
9095
9096
9101
9103
9106
9108
9109
9110
9111
9113
9137
9143
9149
9150
9163
9164
9169
9170
9173
9175
9178
9179
9184
9185
9187
9194
9195
9198
9199
9202
9204
9206
9207
9208
9211
9212
9213
9214
9216
9217
9219
9222
9229
9233
9236
9238
9239
9240
9241
9242
9244
9245
9248
9249
9250
9253
9258
9260
9263
9264
9265
9266
9267
9269
9271
9272
9274
9276
9277
9278
9280
9281
9282
9283
9284
9285
9287
9288
9289
9290
9291
9295
9297
9301
9305
9309
9315
9316
9325
9326
9328
9335
9336
9337
9338
9348
9351
9352
9355
9360
9365
9374
9375
9382
9383
9384
9385
9387
9390
9391
9392
9393
9412
9422
9423
9445
9446
9447
9452
9453
9459
9460
9461
9463
9476
9478
9481
9485
9489
9491
9493
9497
9499
9501
9505
9507
9508
9513
9515
9520
9521
9522
9524
9526
9530
9532
9536
9537
9538
9539
9540
9544
9549
9550
9552
9554
9556
9558
9560
9561
9563
9565
9568
9569
9571
9582
9583
9588
9590
9593
9594
9608
9611
9613
9615
9619
9620
9625
9630
9637
9640
9645
9649
9655
9666
9668
9670
9672
9677
9684
9687
9689
9693
9695
9699
9701
9703
9709
9716
9717
9718
9719
9721
9722
9727
9728
9732
9733
9734
9737
9740
9747
9749
9750
9751
9754
9757
9759
9761
9765
9766
9768
9770
9771
9775
9776
9778
9781
9785
9798
9802
9804
9807
9808
9810
9812
9813
9815
9819
9827
9829
9833
9836
9839
9840
9841
9845
9847
9849
9851
9857
9860
9862
9863
9877
9878
9881
9882
9885
9886
9892
9898
9899
9904
9906
9908
9911
9916
9918
9920
9935
9939
9942
9944
9952
9953
9955
9959
9963
9964
9977
9981
9982
9985
9993
9994
9995
10008
10009
10010
10012
10017
10019
10023
10025
10029
10032
10034
10037
10044
10045
10056
10061
10063
10064
10065
10074
10075
10079
10084
10085
10088
10091
10098
10106
10120
10122
10127
10131
10132
10139
10144
10145
10146
10154
10155
10159
10161
10164
10173
10179
10180
10181
10187
10188
10189
10192
10201
10212
10224
10226
10227
10230
10233
10235
10237
10240
10244
10245
10246
10249
10254
10262
10263
10264
10268
10271
10275
10282
10291
10304
10306
10312
10314
10317
10332
10336
10339
10342
10348
10349
10351
10352
10359
10364
10368
10371
10390
10391
10404
10409
10410
10413
10419
10428
10434
10439
10449
10460
10467
10468
10471
10474
10476
10480
10482
10485
10490
10495
10497
10513
10519
10521
10532
10533
10538
10543
10552
10558
10562
10571
10573
10577
10578
10585
10591
10593
10595
10600
10611
10625
10626
10627
10631
10640
10647
10659
10664
10670
10675
10690
10694
10695
10699
10700
10704
10721
10722
10724
10728
10729
10730
10731
10738
10741
10743
10745
10751
10757
10761
10767
10769
10771
10773
10774
10775
10776
10777
10779
10783
10784
10785
10786
10788
10789
10794
10799
10801
10802
10804
10806
10807
10809
10810
10812
10815
10822
10824
10833
10837
10838
10845
10847
10857
10860
10864
10867
10868
10871
10872
10876
10878
10881
10889
10892
10894
10908
10912
10914
10915
10917
10920
10938
10941
10942
10943
10944
10945
10948
10950
10951
10952
10954
10962
10964
10972
10973
10979
10985
10987
10998
11005
11006
11008
11009
11016
11019
11020
11021
11026
11032
11033
11036
11040
11041
11044
11047
11059
11062
11063
11064
11068
11073
11082
11090
11096
11098
11101
11105
11107
11108
11110
11115
11117
11123
11125
11126
11127
11130
11131
11132
11144
11145
11147
11150
11157
11159
11160
11163
11165
11166
11181
11182
11194
11195
11197
11209
11210
11218
11222
11229
11234
11238
11244
11248
11252
11256
11270
11287
11303
11313
11314
11316
11317
11320
11323
11339
11343
11344
11345
11348
11351
11352
11353
11354
11358
11379
11383
11387
11388
11392
11394
11400
11402
11403
11406
11414
11417
11430
11439
11453
11455
11460
11464
11468
11469
11476
11477
11485
11500
11508
11511
11512
11513
11516
11529
11541
11542
11543
11545
11552
11553
11554
11556
11561
11563
11568
11572
11574
11577
11578
11580
11585
11589
11597
11599
11606
11617
11619
11629
11630
11631
11632
11640
11643
11644
11645
11649
11654
11655
11662
11663
11670
11676
11682
11683
11685
11691
11702
11713
11715
11716
11723
11725
11726
11731
11732
11736
11738
11752
11754
11758
11762
11763
11777
11780
11809
11812
11814
11829
11837
11855
11856
11866
11870
11871
11874
11886
11890
11908
11910
11914
11940
11941
11942
11955
11960
11963
11968
11978
11980
11982
11983
11987
11993
11995
11996
11999
12003
12007
12010
12025
12027
12042
12047
12053
12055
12057
12060
12061
12062
12065
12070
12074
12077
12078
12079
12080
12081
12085
12087
12096
12100
12104
12117
12122
12123
12124
12130
12138
12139
12140
12142
12143
12146
12149
12150
12156
12157
12164
12165
12166
12173
12175
12177
12179
12182
12186
12189
12190
12195
12197
12199
12203
12213
12218
12219
12227
12230
12240
12246
12247
12248
12252
12253
12264
12267
12275
12276
12277
12279
12280
12281
12282
12293
12295
12296
12297
12309
12315
12318
12319
12320
12321
12322
12325
12328
12341
12344
12346
12354
12355
12356
12358
12368
12378
12386
12387
12403
12405
12409
12413
12419
12428
12431
12434
12436
12467
12482
12497
12504
12509
12512
12513
12515
12520
12523
12525
12526
12529
12539
12546
12548
12550
12554
12555
12556
12559
12560
12562
12563
12567
12568
12579
12614
12630
12632
12634
12638
12657
12659
12660
12674
12680
12682
12701
12705
12707
12711
12713
12715
12716
12718
12719
12721
12728
12738
12739
12744
12745
12748
12761
12764
12765
12781
12783
12786
12793
12799
12800
12802
12809
12810
12825
12828
12833
12857
12858
12859
12868
12873
12876
12880
12881
12898
12902
12904
12911
12914
12915
12923
12934
12935
12950
12954
12955
12960
12963
12966
12971
12973
12982
12984
12995
13012
13019
13028
13034
13059
13068
13070
13076
13077
13080
13085
13088
13097
13101
13103
13109
13113
13119
13131
13133
13137
13138
13144
13149
13150
13152
13158
13167
13168
13169
13177
13181
13190
13193
13203
13209
13212
13217
13221
13224
13227
13238
13240
13246
13254
13255
13267
13273
13279
13281
13284
13289
13290
13291
13296
13297
13298
13301
13306
13314
13317
13330
13331
13341
13343
13352
13353
13354
13369
13373
13382
13399
13400
13409
13415
13419
13421
13423
13426
13430
13432
13437
13441
13455
13458
13480
13482
13483
13484
13511
13512
13514
13517
13518
13528
13529
13535
13539
13554
13559
13567
13568
13573
13574
13577
13578
13584
13585
13587
13589
13600
13611
13616
13617
13623
13627
13629
13644
13647
13650
13652
13656
13658
13661
13663
13673
13680
13681
13684
13685
13687
13688
13689
13690
13691
13695
13698
13705
13713
13716
13717
13724
13731
13741
13747
13749
13754
13755
13757
13776
13778
13780
13789
13796
13801
13806
13807
13813
13823
13840
13848
13854
13856
13858
13865
13869
13873
13881
13885
13888
13891
13892
13893
13909
13920
13922
13927
13930
13934
13940
13942
13951
13952
13960
13969
13972
13980
13981
13985
13989
13997
14000
14012
14015
14016
14021
14032
14033
14039
14045
14052
14061
14065
14087
14088
14089
14100
14103
14117
14121
14123
14130
14132
14150
14154
14157
14161
14162
14168
14173
14178
14192
14193
14206
14236
14244
14248
14260
14263
14264
14272
14281
14282
14297
14307
14310
14313
14322
14337
14344
14377
14404
14405
14447
14467
14471
14479
14516
14539
14550
14557
14558
14563
14564
14566
14570
14575
14589
14590
14594
14619
14626
14646
14648
14653
14656
14658
14659
14664
14665
14666
14676
14682
14708
14718
14720
14722
14725
14726
14727
14728
14731
14734
14735
14736
14741
14747
14753
14754
14756
14766
14767
14773
14780
14785
14788
14794
14796
14801
14802
14804
14808
14812
14813
14814
14825
14829
14838
14841
14850
14857
14858
14864
14866
14877
14880
14881
14887
14889
14891
14905
14910
14912
14918
14921
14925
14929
14931
14949
14953
14954
14963
14968
14982
14983
14986
14987
14989
14995
14996
15000
15001
15015
15019
15022
15023
15039
15040
15051
15052
15056
15057
15066
15097
15101
15117
15129
15135
15142
15146
15149
15153
15154
15155
15159
15170
15179
15180
15207
15214
15218
15219
15223
15226
15235
15241
15242
15246
15247
15252
15255
15258
15272
15273
15275
15278
15294
15332
15340
15342
15346
15362
15373
15384
15388
15389
15392
15400
15404
15405
15409
15413
15417
15419
15421
15429
15434
15437
15444
15478
15486
15500
15507
15514
15517
15524
15525
15534
15556
15557
15559
15564
15572
15578
15581
15595
15597
15614
15620
15634
15643
15650
15657
15663
15668
15677
15681
15712
15730
15739
15742
15745
15754
15764
15765
15777
15791
15825
15847
15865
15870
15881
15885
15895
15898
15899
15904
15927
15932
15933
15948
15961
15971
15975
15981
15992
16000
16020
16035
16041
16042
16056
16063
16071
16075
16089
16099
16102
16108
16112
16118
16131
16140
16154
16167
16177
16189
16195
16196
16208
16220
16227
16228
16240
16241
16242
16255
16294
16296
16299
16300
16318
16341
16350
16356
16358
16375
16387
16393
16397
16405
16419
16421
16422
16427
16429
16433
16439
16440
16446
16454
16456
16472
16478
16488
16494
16496
16498
16504
16516
16523
16524
16536
16546
16551
16552
16554
16574
16586
16600
16605
16607
16609
16623
16624
16625
16626
16628
16639
16643
16644
16645
16646
16655
16675
16701
16705
16758
16763
16765
16768
16771
16779
16785
16792
16800
16830
16832
16916
16949
17038
17096
17097
17104
17116
17122
17125
17130
17134
17141
17153
17155
17159
17169
17213
17249
17250
17253
17256
17258
17259
17261
17266
17267
17268
17271
17282
17287
17288
17289
17291
17292
17297
17298
17301
17303
17304
17306
17307
17308
17309
17311
17313
17320
17321
17334
17356
17357
17366
17384
17405
17406
17412
17419
17429
17443
17455
17487
17490
17493
17497
17503
17506
17515
17548
17566
17570
17575
17576
17581
17596
17630
17633
17649
17664
17667
17681
17691
17740
17745
17747
17749
17769
17777
17787
17801
17816
17820
17824
17826
17852
17857
17858
17877
17878
17887
17895
17897
17905
17926
17929
17931
17934
17945
17947
17965
17969
17972
17988
18017
18051
18055
18056
18057
18060
18062
18063
18064
18068
18075
18077
18082
18087
18091
18094
18099
18100
18101
18105
18106
18107
18108
18109
18110
18111
18112
18115
18116
18118
18119
18120
18121
18123
18124
18125
18126
18127
18129
18130
18132
18136
18137
18138
18139
18140
18141
18142
18143
18144
18145
18146
18156
18167
18168
18170
18173
18175
18177
18180
18181
18182
18183
18185
18186
18187
18192
18196
18198
18201
18203
18204
18205
18210
18213
18214
18215
18216
18218
18219
18221
18223
18224
18226
18227
18228
18229
18230
18232
18235
18238
18239
18241
18242
18243
18247
18260
18262
18263
18268
18283
18293
18294
18296
18298
18304
18308
18315
18319
18320
18330
18339
18349
18350
18351
18353
18375
18377
18383
18387
18388
18389
18400
18404
18406
18410
18433
18454
18470
18483
18486
18491
18497
18515
18521
18541
18557
18566
18570
18587
18595
18601
18603
18605
18626
18631
18642
18644
18650
18652
18675
18680
18690
18695
18707
18722
18725
18730
18754
18759
18767
18771
18796
18802
18812
18814
18832
18854
18863
18867
18872
18877
18884
18886
18892
18901
18905
18914
18927
18938
18955
18956
18965
18971
18978
18979
18980
18985
19003
19009
19010
19011
19029
19047
19088
19103
19134
19137
19150
19163
19179
19226
19259
19375
19391
19445
19526
19554
19671
19677
19681
19757
19811
19812
19872
19888
