5
26
29
39
60
62
67
88
89
106
107
112
128
130
136
152
170
198
201
205
206
217
230
234
236
282
289
295
304
312
313
409
425
427
431
464
469
501
510
519
521
541
546
553
565
583
603
612
663
680
692
693
695
698
720
727
736
749
759
783
796
798
805
826
860
869
878
892
894
917
956
963
964
969
990
1017
1043
1056
1057
1063
1082
1085
1091
1129
1172
1176
1179
1206
1213
1223
1250
1327
1331
1350
1418
1470
1479
1495
1498
1561
1563
1612
1623
1693
1705
1726
1751
1770
1773
1792
1846
1852
1925
1947
2033
2048
2060
2115
2176
2177
2188
2190
2199
2200
2322
2330
2412
2446
2455
2467
2508
2521
2531
2552
2556
2561
2571
2582
2587
2605
2606
2610
2637
2644
2645
2646
2669
2678
2702
2714
2725
2738
2742
2792
2807
2809
2814
2833
2852
2859
2885
2893
2901
2908
2960
2994
3013
3020
3033
3062
3069
3078
3094
3099
3108
3161
3171
3172
3176
3188
3206
3207
3217
3232
3234
3237
3249
3254
3264
3265
3286
3305
3318
3361
3383
3384
3410
3424
3451
3474
3477
3484
3489
3504
3510
3546
3604
3620
3621
3664
3683
3689
3692
3705
3708
3719
3766
3776
3831
3833
3844
3857
3860
3878
3958
3961
3968
3993
4013
4027
4043
4079
4148
4157
4183
4188
4205
4212
4269
4270
4295
4309
4358
4426
4444
4491
4549
4610
4620
4716
4726
4730
4760
4765
4787
4811
4816
4865
4894
4909
4944
4953
4957
4973
4976
4994
5013
5045
5072
5114
5125
5222
5273
5281
5282
5292
5294
5301
5326
5371
5372
5442
5490
5491
5499
5560
5563
5591
5609
5614
5655
5716
5773
5850
5853
5869
5882
5902
5912
5918
5952
5959
6037
6038
6041
6042
6045
6046
6093
6138
6140
6171
6178
6187
6220
6321
6351
6361
6382
6420
6451
6536
6561
6576
6596
6631
6639
6661
6680
6687
6702
6723
6731
6800
6814
6873
6894
6906
6907
6915
6926
7004
7005
7037
7049
7063
7068
7115
7126
7155
7176
7194
7201
7209
7224
7232
7236
7323
7352
7400
7403
7444
7512
7513
7532
7547
7563
7588
7593
7605
7657
7666
7744
7786
7816
7817
7830
7849
7906
7925
7928
7984
8008
8009
8034
8041
8049
8074
8118
8119
8161
8170
8171
8195
8243
8249
8259
8281
8317
8347
8350
8354
8371
8423
8449
8471
8514
8577
8600
8652
8655
8733
8736
8828
8865
8917
8926
8928
8961
8968
9037
9062
9066
9101
9228
9239
9405
9417
9462
9561
9568
9666
9699
9764
9776
9823
9833
9835
9900
10064
10180
10197
10227
10317
10410
10499
10580
10632
10779
10784
10785
10808
10872
10916
10945
10979
11032
11068
11131
11154
11195
11218
11299
11345
11401
11458
11529
11654
11667
11825
11911
11941
11983
12100
12104
12115
12178
12185
12186
12199
12403
12415
12432
12495
12548
12567
12658
12682
12705
12751
12798
12833
12939
12950
12960
13025
13113
13137
13170
13224
13254
13309
13339
13354
13361
13405
13433
13469
13528
13577
13604
13651
13805
14117
14133
14270
14447
14478
14609
14944
15183
15365
15427
15436
15496
15559
15644
15651
15706
15709
15881
15981
16035
16056
16089
16179
16826
17122
17144
17249
17266
17858
17887
17934
18048
18065
18074
18181
18207
18215
18257
18300
18581
18838
