3
8
9
16
17
22
24
29
32
41
55
58
62
68
74
90
91
93
101
107
108
110
115
116
119
120
121
123
126
127
130
152
154
156
168
170
172
178
180
183
191
197
211
214
215
217
218
226
230
237
254
261
264
270
272
273
275
280
287
290
293
296
297
300
303
310
319
321
322
344
345
346
352
370
371
372
374
379
393
394
402
403
408
410
417
418
419
424
425
426
427
431
438
442
450
451
454
455
459
463
464
467
469
473
474
483
492
499
504
508
513
519
525
527
532
550
553
555
558
575
582
601
607
613
615
617
619
634
635
636
645
646
652
662
663
665
668
670
673
679
684
687
692
694
703
709
710
714
718
724
728
734
736
739
755
758
759
768
770
773
775
776
777
781
796
801
805
806
821
826
846
850
858
861
867
869
878
884
886
887
888
900
903
911
920
921
929
931
941
943
955
956
966
967
980
987
992
1006
1013
1014
1015
1024
1030
1043
1049
1062
1065
1076
1077
1084
1086
1088
1098
1110
1113
1120
1124
1126
1127
1129
1132
1133
1143
1144
1145
1155
1162
1179
1181
1184
1186
1190
1208
1213
1216
1217
1219
1223
1226
1231
1234
1245
1249
1268
1272
1276
1297
1304
1323
1331
1368
1369
1390
1400
1406
1418
1419
1426
1433
1444
1453
1459
1473
1474
1478
1480
1483
1487
1491
1492
1498
1500
1505
1541
1542
1545
1548
1553
1560
1566
1580
1589
1599
1613
1619
1620
1628
1630
1644
1652
1667
1673
1677
1678
1679
1693
1697
1717
1729
1736
1739
1745
1746
1752
1759
1765
1769
1774
1789
1792
1795
1798
1810
1811
1828
1852
1868
1875
1904
1909
1918
1922
1935
1937
1947
1960
1964
1969
1972
1973
1977
1989
2003
2004
2009
2012
2018
2032
2033
2035
2041
2046
2052
2064
2070
2075
2076
2088
2092
2095
2100
2101
2103
2132
2133
2144
2150
2154
2157
2164
2168
2172
2174
2176
2190
2193
2194
2196
2197
2199
2223
2225
2229
2232
2240
2246
2254
2260
2284
2313
2330
2335
2341
2354
2359
2365
2366
2368
2369
2410
2412
2418
2432
2434
2436
2438
2443
2448
2450
2466
2482
2489
2490
2492
2493
2501
2502
2508
2517
2518
2521
2531
2537
2540
2545
2551
2566
2567
2571
2582
2584
2586
2604
2615
2619
2622
2625
2628
2640
2641
2644
2647
2648
2649
2651
2652
2659
2660
2661
2662
2664
2666
2669
2671
2679
2680
2681
2682
2691
2703
2708
2714
2721
2729
2738
2747
2758
2762
2763
2766
2771
2774
2775
2778
2781
2787
2792
2796
2807
2808
2811
2814
2818
2819
2820
2821
2823
2825
2826
2832
2840
2848
2850
2852
2867
2868
2876
2893
2906
2914
2918
2924
2931
2932
2933
2940
2941
2945
2962
2963
2970
2976
2983
2984
2994
2997
3000
3008
3011
3016
3021
3023
3028
3029
3037
3046
3051
3053
3058
3060
3084
3088
3091
3094
3095
3097
3100
3113
3115
3124
3128
3133
3137
3150
3153
3162
3163
3165
3168
3169
3170
3174
3177
3180
3183
3185
3186
3188
3194
3206
3207
3210
3213
3222
3232
3236
3239
3242
3248
3250
3259
3264
3278
3279
3288
3296
3305
3309
3314
3315
3317
3328
3331
3334
3336
3340
3342
3343
3346
3347
3353
3361
3368
3372
3405
3413
3416
3417
3421
3426
3432
3436
3439
3443
3450
3457
3459
3461
3463
3470
3474
3477
3479
3480
3483
3487
3506
3510
3511
3513
3515
3521
3522
3526
3527
3530
3532
3539
3543
3544
3547
3552
3557
3560
3565
3571
3573
3574
3576
3580
3607
3608
3610
3620
3624
3633
3646
3654
3655
3656
3658
3667
3676
3682
3683
3687
3689
3693
3694
3697
3699
3703
3704
3707
3708
3720
3723
3732
3733
3749
3751
3752
3753
3759
3760
3766
3782
3786
3788
3803
3813
3819
3824
3826
3829
3831
3834
3847
3854
3857
3864
3866
3867
3870
3880
3882
3898
3901
3913
3915
3940
3943
3956
3958
3963
3967
3968
3972
3981
3993
4000
4007
4013
4024
4032
4036
4043
4045
4056
4059
4060
4070
4087
4095
4098
4101
4103
4104
4108
4110
4116
4118
4141
4148
4153
4156
4157
4159
4164
4173
4178
4183
4185
4197
4215
4217
4220
4229
4238
4242
4255
4266
4267
4268
4276
4281
4293
4294
4301
4308
4310
4316
4335
4337
4340
4347
4355
4358
4378
4383
4384
4389
4391
4393
4405
4424
4426
4427
4428
4441
4455
4474
4483
4484
4486
4487
4492
4502
4544
4545
4555
4556
4557
4561
4562
4563
4568
4587
4612
4630
4658
4660
4663
4670
4677
4688
4694
4699
4702
4703
4710
4714
4726
4742
4743
4751
4759
4763
4765
4766
4768
4774
4780
4784
4790
4812
4816
4826
4837
4847
4850
4861
4869
4875
4879
4883
4886
4887
4890
4894
4907
4910
4918
4931
4939
4943
4969
4971
4972
4979
4993
5007
5038
5040
5064
5065
5076
5084
5087
5088
5097
5099
5105
5116
5133
5158
5166
5182
5184
5193
5222
5228
5231
5234
5238
5243
5247
5254
5268
5269
5271
5286
5295
5311
5313
5317
5322
5323
5326
5329
5338
5339
5343
5356
5359
5361
5369
5376
5379
5399
5401
5418
5422
5425
5428
5432
5433
5447
5449
5453
5456
5461
5463
5464
5466
5468
5471
5472
5477
5491
5504
5505
5511
5512
5515
5521
5523
5526
5531
5556
5560
5563
5571
5573
5580
5582
5583
5585
5594
5605
5625
5629
5642
5649
5652
5658
5678
5691
5698
5699
5706
5720
5721
5724
5725
5738
5762
5763
5764
5768
5773
5779
5789
5794
5817
5818
5827
5829
5836
5838
5842
5843
5855
5856
5860
5868
5869
5876
5880
5884
5888
5897
5914
5927
5930
5946
5948
5959
5974
6037
6039
6045
6046
6052
6057
6069
6076
6081
6093
6096
6099
6111
6113
6126
6145
6149
6156
6159
6182
6223
6224
6225
6235
6241
6254
6276
6282
6286
6297
6300
6310
6321
6322
6350
6351
6356
6359
6370
6371
6372
6377
6383
6389
6390
6392
6413
6414
6415
6421
6435
6457
6458
6461
6463
6525
6532
6545
6553
6564
6580
6585
6601
6610
6631
6637
6642
6656
6675
6682
6687
6701
6704
6713
6719
6720
6730
6736
6739
6741
6762
6767
6772
6778
6784
6786
6796
6799
6801
6807
6810
6812
6824
6825
6836
6859
6869
6879
6885
6889
6892
6894
6903
6915
6922
6935
6943
6973
6977
6988
6991
7008
7036
7037
7038
7056
7068
7079
7097
7115
7131
7132
7134
7141
7148
7154
7162
7177
7191
7192
7194
7202
7210
7226
7232
7234
7235
7238
7250
7256
7257
7271
7274
7284
7292
7303
7311
7328
7353
7358
7360
7362
7379
7397
7403
7405
7406
7422
7449
7451
7462
7470
7472
7478
7483
7498
7507
7517
7519
7538
7550
7552
7557
7569
7572
7575
7592
7593
7595
7596
7627
7629
7638
7639
7650
7664
7666
7670
7684
7691
7706
7708
7714
7721
7724
7725
7727
7729
7734
7746
7750
7758
7766
7775
7779
7781
7784
7787
7793
7794
7797
7803
7804
7815
7818
7830
7834
7852
7861
7865
7870
7873
7880
7906
7908
7909
7915
7918
7923
7924
7940
7944
7951
7954
7956
7960
7967
7976
7981
7998
8008
8017
8049
8054
8055
8062
8071
8073
8074
8077
8092
8105
8116
8118
8119
8129
8152
8158
8161
8169
8170
8188
8215
8227
8232
8234
8239
8245
8248
8276
8280
8312
8318
8320
8331
8335
8338
8347
8348
8356
8357
8365
8368
8383
8387
8396
8403
8405
8412
8424
8426
8437
8443
8450
8455
8459
8466
8472
8473
8481
8482
8484
8493
8500
8505
8514
8533
8557
8572
8587
8589
8594
8605
8613
8614
8616
8633
8635
8638
8648
8655
8666
8680
8705
8732
8746
8755
8775
8789
8792
8800
8805
8811
8818
8822
8824
8828
8836
8856
8863
8864
8868
8870
8877
8917
8939
8940
8958
8968
8970
8974
8978
8999
9029
9036
9037
9049
9066
9092
9096
9123
9143
9150
9157
9178
9198
9204
9208
9219
9229
9233
9236
9239
9248
9250
9263
9267
9269
9272
9274
9277
9283
9287
9288
9297
9305
9309
9315
9326
9328
9335
9337
9374
9391
9417
9423
9432
9453
9459
9463
9476
9481
9489
9491
9499
9520
9526
9530
9550
9561
9566
9582
9594
9619
9639
9640
9672
9677
9684
9693
9717
9718
9719
9721
9722
9727
9728
9737
9749
9765
9771
9776
9781
9802
9813
9815
9827
9862
9874
9884
9898
9899
9906
9936
9955
9959
9995
10009
10012
10017
10025
10037
10056
10061
10063
10064
10118
10127
10130
10155
10159
10164
10179
10192
10230
10245
10254
10263
10268
10269
10304
10306
10312
10317
10342
10348
10390
10434
10449
10474
10480
10495
10497
10513
10573
10591
10595
10600
10640
10675
10695
10728
10751
10767
10771
10777
10779
10806
10810
10833
10836
10845
10860
10864
10881
10892
10912
10944
10964
10973
11010
11019
11036
11044
11064
11082
11101
11108
11111
11123
11126
11131
11147
11160
11163
11182
11218
11248
11314
11316
11323
11348
11353
11375
11388
11421
11455
11460
11464
11469
11473
11513
11541
11552
11568
11574
11577
11578
11580
11587
11596
11606
11607
11619
11643
11682
11713
11726
11732
11763
11780
11829
11855
11890
11908
11910
11940
11955
11963
11968
11978
11993
12007
12027
12057
12079
12130
12138
12140
12146
12150
12158
12166
12179
12190
12227
12240
12247
12252
12276
12280
12282
12293
12319
12321
12341
12405
12428
12431
12482
12515
12579
12638
12660
12701
12707
12715
12738
12739
12745
12793
12799
12833
12899
12914
12946
12950
13119
13133
13137
13152
13167
13168
13203
13209
13258
13267
13279
13284
13291
13369
13382
13399
13409
13423
13430
13559
13578
13584
13602
13611
13617
13623
13661
13663
13680
13687
13691
13705
13716
13747
13806
13854
13856
13873
13881
13893
13909
13913
13920
13934
13942
13960
13977
13981
13989
14000
14038
14065
14100
14132
14150
14161
14248
14282
14322
14337
14467
14471
14612
14626
14659
14671
14708
14714
14720
14726
14741
14747
14754
14766
14780
14794
14804
14850
14858
14864
14881
14889
14921
14949
14967
14974
14982
14987
15000
15022
15051
15155
15159
15170
15179
15180
15214
15219
15242
15278
15340
15373
15388
15514
15524
15525
15534
15595
15657
15677
15681
15742
15764
15847
15860
15870
15898
15904
15981
16099
16131
16154
16167
16170
16300
16338
16397
16423
16434
16439
16454
16478
16516
16524
16554
16577
16624
16785
16792
16885
16949
17125
17169
17261
17271
17287
17289
17298
17301
17303
17306
17357
17405
17412
17455
17506
17566
17575
17691
17749
17777
17787
17820
17826
17877
17878
17897
17929
17934
18017
18054
18057
18079
18105
18106
18108
18111
18115
18119
18137
18139
18141
18144
18145
18146
18156
18173
18177
18204
18216
18218
18221
18229
18247
18250
18293
18298
18349
18497
18546
18557
18595
18644
18690
18693
18730
18788
18829
18863
18886
18892
18938
18956
18979
18980
18985
19375
19418
19445
19450
19671
