8
9
10
12
17
23
54
62
67
83
90
91
108
113
114
128
135
136
138
141
142
162
168
170
186
216
218
242
264
268
273
274
287
303
318
321
322
323
344
347
361
363
405
427
428
431
435
438
441
449
474
477
481
494
508
511
539
549
553
555
564
579
581
596
601
651
673
674
678
695
696
699
720
722
736
739
750
752
768
789
793
795
796
805
821
825
837
848
859
860
879
886
910
921
922
935
950
975
1025
1029
1041
1042
1043
1052
1056
1062
1074
1077
1082
1083
1086
1099
1131
1150
1156
1158
1162
1181
1186
1191
1196
1209
1210
1213
1215
1230
1232
1238
1268
1274
1279
1319
1328
1331
1348
1349
1350
1372
1377
1389
1398
1406
1429
1430
1435
1451
1455
1465
1473
1499
1521
1524
1541
1545
1587
1589
1622
1625
1637
1638
1726
1746
1762
1770
1772
1798
1811
1832
1874
1902
1939
1951
1953
1956
1982
2015
2046
2064
2088
2103
2105
2124
2167
2177
2232
2256
2259
2300
2315
2322
2434
2456
2498
2501
2514
2518
2521
2536
2562
2567
2568
2582
2593
2600
2610
2615
2616
2622
2628
2644
2662
2669
2681
2694
2706
2717
2725
2757
2775
2795
2811
2852
2881
2885
2886
2889
2897
2902
2903
2907
2912
2920
2928
2941
2950
2994
3010
3020
3023
3037
3049
3058
3059
3061
3084
3091
3094
3098
3111
3124
3130
3156
3217
3219
3250
3256
3264
3275
3298
3314
3325
3326
3328
3335
3340
3347
3361
3373
3385
3398
3402
3407
3410
3423
3439
3459
3461
3463
3485
3503
3520
3525
3543
3545
3567
3574
3577
3578
3581
3582
3590
3601
3609
3610
3612
3625
3632
3648
3650
3651
3692
3739
3740
3758
3777
3799
3826
3840
3841
3864
3869
3871
3886
3897
3899
3912
3961
3962
3997
4023
4036
4067
4087
4119
4127
4131
4148
4151
4159
4169
4179
4185
4190
4212
4217
4228
4250
4276
4283
4308
4316
4359
4367
4374
4382
4383
4396
4404
4405
4414
4441
4470
4471
4502
4514
4571
4708
4710
4725
4728
4757
4765
4816
4837
4846
4869
4882
4944
4957
4976
5021
5036
5047
5052
5081
5160
5167
5172
5176
5195
5235
5251
5254
5273
5317
5321
5326
5362
5365
5370
5375
5388
5403
5405
5431
5432
5441
5456
5476
5481
5489
5491
5504
5533
5556
5574
5592
5593
5619
5706
5722
5726
5734
5736
5743
5747
5760
5778
5810
5815
5829
5834
5841
5868
5897
5911
5942
5952
5961
5967
6011
6013
6056
6093
6110
6128
6139
6150
6254
6291
6293
6309
6351
6359
6371
6373
6414
6418
6433
6440
6453
6480
6538
6564
6580
6584
6585
6588
6612
6626
6636
6642
6671
6698
6704
6722
6787
6790
6791
6807
6850
6887
6907
6954
6989
7037
7038
7041
7049
7060
7061
7082
7089
7140
7203
7223
7224
7246
7247
7333
7352
7358
7365
7403
7405
7406
7416
7439
7446
7461
7520
7532
7547
7559
7588
7601
7622
7635
7636
7637
7641
7707
7751
7759
7760
7809
7816
7856
7869
7902
7939
7944
7983
7993
8015
8030
8049
8051
8065
8071
8078
8086
8118
8146
8153
8158
8223
8229
8276
8312
8322
8335
8348
8354
8372
8395
8455
8461
8471
8477
8488
8500
8506
8547
8603
8617
8733
8760
8787
8816
8823
8827
8835
8837
8899
8917
8961
8973
8995
9007
9017
9026
9052
9066
9089
9106
9114
9140
9164
9180
9223
9238
9251
9255
9322
9361
9412
9418
9476
9497
9562
9564
9593
9612
9751
9753
9878
9894
9942
9944
10044
10050
10067
10077
10094
10151
10170
10189
10218
10277
10390
10399
10443
10494
10555
10558
10610
10699
10715
10757
10775
10776
10790
10838
10860
10993
11053
11090
11131
11145
11150
11153
11275
11277
11285
11286
11295
11316
11383
11403
11405
11430
11448
11502
11525
11565
11578
11609
11610
11618
11621
11643
11941
11983
12177
12190
12195
12225
12239
12241
12354
12434
12653
12658
12680
12716
12749
12876
12891
12915
12923
12946
12972
12977
13048
13068
13217
13267
13388
13520
13535
13548
13663
13673
13718
13815
13850
14015
14133
14145
14173
14200
14213
14264
14383
14554
14564
14594
14638
14645
14754
14901
14952
15051
15056
15089
15121
15162
15172
15227
15278
15319
15390
15395
15557
15634
15714
15742
15893
16089
16227
16373
16409
16437
16496
16498
16543
16546
16605
16609
16655
16796
16830
16842
17133
17169
17263
17265
17278
17291
17425
17472
17588
17609
17629
17820
17916
17972
18010
18061
18110
18112
18113
18118
18140
18144
18175
18203
18239
18277
18521
18563
18678
18761
18804
18841
19006
19503
