3
17
32
42
54
60
71
77
81
86
97
111
115
131
135
157
165
167
170
181
206
213
214
217
293
295
297
303
306
307
356
379
388
403
427
436
450
463
464
477
504
521
529
539
551
553
601
602
606
611
628
717
749
750
774
780
782
819
826
839
850
860
864
870
888
897
918
958
977
986
1077
1081
1083
1098
1134
1159
1169
1177
1198
1208
1209
1210
1223
1229
1272
1285
1311
1333
1347
1363
1403
1436
1463
1478
1502
1513
1516
1545
1548
1549
1561
1563
1599
1662
1679
1705
1764
1774
1788
1819
1835
1867
1875
1895
1911
1922
1923
1935
1947
1977
2008
2025
2027
2034
2043
2088
2124
2157
2205
2284
2293
2322
2358
2394
2417
2453
2455
2497
2516
2531
2540
2606
2614
2633
2648
2662
2669
2672
2692
2702
2724
2725
2728
2777
2781
2803
2838
2868
2876
2893
2895
2924
2932
2947
2952
2963
2980
2985
2989
3010
3016
3053
3061
3090
3091
3115
3116
3127
3132
3146
3151
3156
3163
3178
3189
3209
3250
3256
3267
3270
3309
3322
3357
3368
3375
3455
3457
3463
3466
3470
3478
3483
3484
3489
3495
3511
3520
3535
3543
3544
3565
3583
3591
3599
3604
3609
3610
3612
3619
3621
3623
3630
3635
3658
3674
3697
3703
3705
3707
3714
3727
3764
3776
3783
3812
3831
3875
3955
3982
4006
4017
4033
4039
4046
4061
4062
4082
4103
4109
4118
4172
4234
4238
4242
4250
4252
4258
4264
4276
4303
4316
4330
4349
4370
4425
4430
4439
4445
4539
4551
4563
4579
4600
4616
4660
4663
4690
4694
4716
4756
4757
4765
4797
4805
4816
4869
4876
4886
4888
4904
4920
4987
5036
5082
5124
5125
5176
5227
5233
5238
5244
5309
5330
5344
5352
5369
5383
5387
5418
5432
5449
5450
5457
5460
5464
5487
5491
5600
5605
5606
5630
5660
5668
5734
5768
5778
5791
5833
5837
5875
5884
5902
5953
5959
6039
6067
6092
6093
6099
6106
6142
6172
6185
6235
6254
6261
6317
6366
6373
6405
6453
6455
6502
6585
6587
6602
6622
6653
6669
6675
6713
6720
6722
6728
6763
6767
6800
6821
6825
6827
6865
6884
6886
6990
6991
7064
7083
7103
7171
7176
7178
7184
7242
7276
7303
7315
7358
7360
7393
7458
7547
7557
7596
7633
7637
7693
7701
7730
7735
7757
7816
7827
7867
7918
7921
7928
7934
7954
7956
7958
8009
8041
8049
8118
8153
8185
8208
8234
8236
8237
8276
8347
8354
8358
8401
8465
8472
8473
8477
8482
8514
8542
8608
8650
8655
8816
8827
8829
8917
8919
9049
9066
9175
9179
9207
9213
9240
9263
9266
9337
9412
9446
9460
9532
9537
9649
9666
9672
9699
9776
9802
9904
9942
9953
9963
9985
10032
10079
10145
10161
10233
10262
10271
10348
10371
10439
10468
10585
10728
10729
10741
10783
10784
10809
10920
11036
11063
11082
11098
11131
11145
11209
11218
11320
11406
11417
11439
11511
11556
11563
11572
11577
11578
11644
11685
11754
11837
11942
11983
12078
12085
12123
12293
12325
12509
12546
12638
12765
12954
12960
13109
13113
13131
13203
13221
13419
13559
13584
13658
13687
13689
13854
13888
13893
13930
14088
14121
14264
14282
14471
14564
14575
14753
14877
14912
14995
15066
15146
15153
15242
15444
15507
15581
15730
15981
16089
16242
16554
16949
17487
17506
17824
17858
18091
18107
18110
18112
18118
18124
18129
18182
18196
18198
18213
18223
18242
18243
18260
18268
18404
18433
18707
