7
15
17
31
39
48
71
77
91
97
179
181
203
287
304
344
347
387
388
389
403
427
431
439
440
450
451
501
505
533
539
553
587
601
612
628
630
651
652
672
681
721
736
775
804
805
806
808
815
832
845
856
884
892
917
927
944
1038
1062
1117
1128
1158
1238
1242
1272
1275
1327
1331
1348
1349
1470
1473
1474
1541
1543
1544
1577
1616
1625
1627
1651
1655
1731
1744
1792
1809
1852
1853
1894
1895
1900
1902
1917
1952
1957
1982
2004
2027
2037
2041
2052
2057
2070
2076
2105
2124
2238
2327
2368
2386
2455
2508
2511
2519
2520
2521
2528
2553
2582
2595
2608
2627
2628
2634
2644
2660
2661
2662
2664
2666
2669
2678
2687
2688
2699
2717
2720
2749
2771
2775
2780
2781
2786
2797
2807
2822
2840
2852
2885
2901
2902
2913
2918
2945
2949
2950
2954
2962
2965
2969
2971
2992
2994
3007
3010
3033
3053
3058
3069
3097
3100
3126
3165
3218
3228
3248
3256
3257
3261
3271
3301
3311
3313
3331
3334
3340
3346
3354
3369
3404
3422
3426
3453
3461
3462
3463
3470
3507
3522
3546
3576
3582
3595
3596
3612
3623
3624
3639
3648
3666
3667
3682
3683
3741
3757
3813
3831
3897
3898
3899
3900
3901
3924
3931
3956
3968
4008
4012
4036
4095
4108
4134
4153
4173
4188
4189
4197
4229
4242
4243
4316
4340
4364
4381
4382
4383
4384
4389
4399
4405
4444
4460
4474
4539
4543
4563
4587
4726
4787
4816
4891
4928
4943
4961
5034
5036
5040
5102
5114
5160
5176
5190
5222
5247
5254
5272
5273
5282
5326
5330
5331
5369
5382
5471
5476
5521
5560
5564
5630
5706
5848
5884
5903
5920
5931
5968
6093
6230
6282
6350
6351
6353
6446
6461
6466
6467
6580
6612
6691
6735
6927
7005
7124
7130
7209
7211
7285
7422
7477
7480
7532
7596
7618
7657
7666
7707
7729
7730
7779
7785
7787
7817
7833
7835
8009
8030
8043
8049
8051
8053
8069
8074
8081
8150
8164
8262
8335
8354
8374
8400
8471
8472
8568
8629
8638
8732
8814
8827
8828
8917
8970
8973
9008
9066
9109
9111
9207
9208
9275
9316
9325
9326
9352
9353
9417
9461
9476
9526
9544
9556
9575
9607
9622
9670
9759
9884
9915
10001
10063
10064
10181
10295
10499
10549
10627
10638
10800
10912
10949
10961
11040
11062
11101
11153
11157
11500
11574
11587
11590
12003
12139
12263
12358
12875
12948
13314
13491
13600
13651
13663
14117
14312
14744
14793
15001
16814
17858
18199
18204
18205
18206
18379
18490
