8
17
26
36
39
41
53
54
67
68
71
72
76
77
79
83
93
101
108
110
112
114
115
116
117
130
146
156
159
169
176
178
181
183
189
191
200
204
225
237
247
248
260
262
264
271
272
278
287
288
292
293
295
303
307
310
312
313
325
339
340
344
345
351
368
369
377
378
383
393
394
417
425
427
431
438
439
440
451
464
481
490
494
501
505
508
510
513
514
515
519
525
526
527
533
553
569
579
587
611
615
616
620
622
628
637
638
640
646
651
652
663
671
672
673
681
693
694
696
707
708
709
710
718
725
727
735
736
739
741
759
777
780
782
790
795
798
805
806
815
820
826
827
850
853
865
875
876
878
884
888
889
921
922
923
924
929
975
980
984
987
1006
1011
1016
1062
1071
1074
1076
1077
1079
1098
1103
1113
1123
1124
1127
1129
1133
1158
1162
1169
1180
1199
1200
1205
1213
1220
1222
1237
1242
1269
1272
1279
1295
1312
1348
1349
1351
1354
1362
1368
1404
1419
1425
1447
1451
1458
1463
1466
1468
1473
1474
1479
1485
1514
1520
1563
1572
1579
1610
1618
1668
1671
1701
1705
1713
1731
1745
1772
1773
1774
1795
1805
1811
1835
1856
1867
1868
1869
1880
1883
1884
1887
1894
1898
1909
1920
1925
1931
1935
1940
1944
1945
1960
1961
1977
2015
2032
2041
2046
2068
2073
2085
2092
2103
2114
2124
2133
2134
2140
2150
2167
2193
2197
2219
2221
2227
2229
2255
2266
2322
2323
2330
2338
2376
2444
2460
2489
2515
2521
2523
2539
2545
2549
2551
2552
2559
2575
2581
2582
2595
2609
2623
2624
2637
2640
2641
2643
2645
2646
2657
2658
2659
2662
2666
2667
2669
2670
2671
2678
2696
2715
2725
2729
2737
2738
2754
2755
2763
2766
2771
2777
2781
2787
2792
2822
2829
2830
2832
2843
2844
2846
2857
2860
2868
2884
2893
2896
2897
2899
2901
2902
2904
2906
2912
2914
2920
2921
2922
2926
2931
2932
2933
2965
2973
2991
2996
2999
3002
3008
3029
3039
3052
3060
3076
3098
3115
3116
3136
3152
3153
3156
3158
3163
3167
3168
3169
3187
3188
3203
3206
3209
3217
3223
3228
3232
3234
3240
3248
3257
3264
3281
3299
3301
3302
3308
3314
3315
3316
3322
3324
3328
3361
3365
3386
3398
3399
3403
3416
3443
3455
3466
3483
3487
3489
3506
3507
3511
3526
3544
3552
3565
3573
3578
3581
3582
3583
3591
3604
3609
3623
3624
3632
3641
3642
3646
3648
3651
3667
3673
3679
3682
3689
3698
3699
3707
3715
3719
3722
3734
3752
3755
3764
3766
3767
3770
3776
3786
3791
3807
3838
3839
3864
3865
3866
3867
3868
3869
3870
3885
3886
3887
3888
3889
3890
3891
3892
3893
3894
3895
3897
3898
3899
3900
3901
3919
3923
3963
3966
3967
3968
3997
3998
3999
4012
4030
4034
4036
4065
4072
4088
4108
4118
4131
4153
4188
4220
4229
4232
4258
4293
4305
4316
4323
4364
4366
4368
4413
4441
4482
4489
4490
4496
4502
4539
4576
4585
4595
4634
4635
4637
4679
4682
4694
4711
4735
4757
4765
4766
4768
4779
4784
4787
4790
4791
4808
4816
4861
4869
4872
4873
4881
4917
4923
4927
4930
4931
5015
5017
5041
5087
5111
5204
5245
5258
5268
5273
5316
5322
5326
5369
5470
5471
5473
5491
5498
5529
5544
5563
5571
5593
5616
5617
5635
5662
5706
5718
5719
5726
5763
5814
5835
5840
5869
5888
5917
5942
5977
6037
6039
6088
6093
6134
6143
6161
6205
6389
6422
6433
6450
6451
6462
6486
6518
6556
6561
6597
6624
6637
6676
6703
6799
6810
6817
6836
6857
6859
6869
6896
6915
6927
6953
6956
6965
6987
7046
7049
7063
7079
7091
7132
7176
7192
7221
7222
7223
7224
7225
7232
7235
7259
7268
7335
7353
7371
7379
7384
7398
7451
7478
7508
7532
7545
7592
7593
7605
7620
7633
7636
7648
7666
7694
7707
7790
7816
7825
7834
7835
7869
7877
7925
7951
7961
7969
7998
8043
8045
8049
8064
8071
8074
8102
8105
8119
8141
8153
8158
8161
8215
8234
8257
8270
8314
8335
8340
8354
8393
8401
8403
8437
8440
8486
8500
8536
8541
8542
8567
8568
8583
8599
8635
8648
8732
8746
8824
8837
8871
8917
8947
8973
8999
9003
9006
9021
9049
9066
9113
9169
9172
9195
9198
9310
9315
9319
9471
9476
9477
9478
9520
9524
9529
9535
9536
9541
9554
9556
9558
9563
9565
9571
9593
9594
9601
9615
9631
9634
9724
9766
9829
9838
10034
10037
10063
10091
10129
10132
10166
10210
10338
10344
10377
10413
10513
10550
10562
10563
10731
10743
10764
10770
10779
10815
10824
10838
10912
10920
10972
11123
11299
11345
11379
11387
11430
11456
11464
11685
11702
11734
11762
11782
11991
12122
12139
12140
12146
12164
12228
12247
12263
12271
12359
12442
12523
12525
12651
12699
12833
12861
13019
13108
13227
13492
13562
13572
13577
13578
13583
13586
13647
13673
13674
13741
13927
14121
14267
14659
14664
14676
14765
14776
14906
15056
15178
15210
15424
15651
15657
15914
15948
15966
16063
16115
16117
16118
16162
16201
16266
16514
16596
16678
16808
17068
17144
17249
17250
17251
17252
17253
17254
17255
17256
17257
17258
17259
17260
17261
17262
17264
17265
17266
17267
17268
17269
17270
17271
17272
17273
17274
17275
17276
17279
17280
17281
17282
17283
17284
17285
17286
17287
17288
17289
17290
17291
17292
17293
17294
17295
17297
17298
17299
17300
17301
17302
17303
17304
17305
17306
17307
17308
17309
17310
17311
17323
17493
17769
18196
18304
18375
18377
