131
258
322
425
577
735
805
906
958
1057
1071
1084
1162
1167
1185
1407
1563
1615
2027
2052
2070
2104
2338
2634
2766
2829
2919
2934
3049
3153
3217
3267
3402
3404
3461
3470
3483
3612
3683
3708
3921
3922
4118
4368
4457
4563
4596
4597
4649
4743
4766
4812
4840
4919
5005
5063
5084
5235
5365
5519
5769
5773
6036
6356
6649
6675
7108
7290
7462
7573
7676
7707
7956
8280
8917
8920
9021
9026
9083
9288
9373
9387
9571
9855
9977
10010
10698
10838
10845
10917
11049
11211
11405
11545
12470
12894
12953
12956
13776
13980
14754
15557
15666
15746
17275
17284
17295
17801
17975
18079
18135
18181
18857
