0
1
3
7
8
10
11
15
16
17
19
23
26
30
34
36
39
42
48
49
53
54
55
60
67
68
70
71
77
79
82
85
86
89
90
91
92
93
94
99
101
103
107
108
109
111
113
114
115
117
119
122
123
126
127
128
130
131
132
136
137
138
141
142
147
152
153
156
159
165
167
168
170
174
175
181
182
183
187
197
198
200
204
205
206
207
209
210
212
216
217
218
226
228
229
230
237
239
240
248
254
255
258
259
262
264
270
271
274
275
278
279
280
282
283
285
287
288
295
297
298
299
300
302
303
304
308
310
313
321
322
323
336
344
347
349
350
358
362
363
370
371
374
375
378
379
381
387
389
393
394
402
404
408
410
414
416
417
425
427
428
429
431
432
435
437
438
442
451
457
460
463
469
474
481
482
490
493
501
504
506
508
517
519
520
522
525
526
527
531
535
538
541
549
552
553
554
555
562
564
567
570
572
581
587
593
596
598
599
600
601
602
604
606
607
611
612
620
622
625
627
629
631
633
635
636
642
646
649
652
658
659
661
663
665
667
668
670
672
673
679
681
683
685
687
692
693
695
700
702
708
709
714
718
719
721
725
726
727
734
735
736
737
739
740
743
744
746
750
754
757
758
759
763
765
769
773
775
782
783
789
792
798
799
801
802
804
805
806
808
809
811
815
817
819
820
824
825
826
827
828
836
837
838
839
844
845
846
847
850
854
855
857
860
862
865
870
872
876
877
888
889
895
896
898
902
906
908
912
918
919
921
924
927
929
932
943
948
950
956
957
959
961
963
965
968
973
974
978
980
983
984
987
992
999
1005
1014
1017
1018
1019
1024
1030
1034
1039
1041
1043
1055
1056
1062
1065
1067
1071
1074
1075
1076
1077
1083
1084
1091
1097
1104
1106
1107
1108
1109
1110
1122
1124
1129
1146
1149
1153
1156
1158
1159
1161
1162
1165
1180
1184
1190
1201
1210
1211
1214
1223
1225
1231
1232
1249
1253
1257
1258
1268
1274
1276
1277
1279
1286
1312
1314
1315
1320
1326
1327
1328
1347
1350
1351
1356
1358
1367
1369
1370
1372
1375
1378
1380
1387
1389
1398
1403
1406
1410
1418
1419
1425
1430
1451
1456
1457
1458
1463
1472
1474
1479
1480
1487
1490
1497
1498
1514
1527
1528
1530
1545
1547
1549
1551
1556
1558
1567
1570
1572
1576
1587
1592
1596
1599
1603
1606
1610
1616
1618
1620
1625
1629
1641
1647
1649
1654
1655
1658
1669
1677
1680
1683
1688
1690
1697
1705
1716
1719
1727
1731
1732
1736
1739
1744
1745
1760
1768
1773
1774
1778
1789
1791
1792
1798
1805
1808
1809
1810
1811
1821
1822
1828
1829
1830
1832
1838
1850
1852
1857
1867
1869
1881
1887
1889
1896
1904
1907
1910
1918
1920
1925
1931
1937
1939
1947
1950
1956
1960
1966
1968
1972
1977
1979
1989
1990
1996
2003
2004
2012
2013
2019
2025
2027
2036
2037
2041
2052
2064
2067
2070
2073
2076
2080
2088
2089
2097
2098
2101
2103
2109
2110
2124
2129
2130
2131
2158
2160
2162
2165
2167
2174
2175
2183
2194
2196
2197
2208
2212
2219
2227
2229
2237
2238
2241
2246
2251
2254
2255
2256
2260
2268
2269
2273
2274
2276
2293
2299
2311
2322
2330
2337
2344
2354
2359
2360
2363
2364
2366
2368
2369
2377
2385
2394
2401
2403
2418
2419
2422
2426
2432
2436
2448
2450
2453
2454
2455
2460
2463
2487
2489
2491
2493
2494
2498
2501
2506
2513
2514
2518
2521
2528
2529
2531
2536
2539
2545
2548
2549
2551
2556
2559
2562
2566
2567
2568
2571
2574
2575
2582
2587
2590
2593
2594
2596
2601
2602
2604
2605
2606
2607
2608
2610
2611
2613
2615
2617
2622
2623
2625
2627
2628
2629
2634
2635
2636
2640
2641
2643
2644
2645
2646
2647
2657
2659
2660
2662
2663
2665
2666
2669
2674
2676
2678
2681
2682
2683
2684
2688
2690
2691
2694
2698
2699
2706
2713
2716
2719
2721
2723
2724
2727
2729
2734
2738
2742
2746
2750
2756
2757
2762
2763
2765
2766
2774
2775
2777
2778
2786
2787
2792
2799
2807
2810
2813
2814
2822
2825
2827
2828
2829
2830
2838
2839
2840
2843
2850
2851
2852
2860
2861
2864
2868
2869
2870
2871
2885
2888
2893
2901
2902
2903
2904
2907
2908
2914
2919
2920
2924
2928
2931
2933
2937
2939
2941
2945
2950
2952
2956
2958
2963
2970
2971
2974
2976
2978
2988
2989
2992
2994
3001
3002
3007
3008
3010
3016
3020
3029
3031
3033
3035
3049
3051
3052
3053
3056
3058
3061
3064
3068
3069
3072
3073
3079
3080
3084
3086
3088
3095
3097
3105
3115
3123
3124
3126
3127
3128
3131
3133
3138
3141
3150
3153
3156
3158
3159
3160
3162
3163
3168
3174
3177
3180
3186
3187
3188
3193
3199
3205
3206
3207
3209
3214
3217
3223
3230
3232
3239
3243
3245
3248
3250
3252
3254
3257
3258
3259
3261
3263
3264
3265
3267
3269
3270
3271
3282
3287
3289
3290
3291
3296
3298
3301
3308
3310
3312
3313
3314
3315
3322
3324
3327
3330
3331
3332
3335
3336
3341
3342
3343
3344
3345
3346
3350
3354
3361
3362
3367
3371
3372
3373
3376
3385
3386
3387
3389
3390
3398
3400
3403
3404
3406
3412
3416
3419
3423
3424
3430
3431
3432
3436
3439
3450
3453
3455
3457
3459
3461
3463
3465
3466
3467
3470
3472
3473
3475
3477
3478
3479
3480
3482
3483
3485
3486
3487
3489
3491
3496
3503
3504
3506
3507
3509
3515
3518
3520
3521
3523
3525
3529
3532
3533
3536
3541
3544
3545
3546
3547
3552
3558
3559
3560
3563
3565
3566
3568
3570
3573
3576
3578
3579
3580
3583
3590
3591
3595
3596
3598
3599
3601
3604
3605
3606
3608
3609
3611
3612
3613
3615
3616
3620
3621
3623
3624
3625
3630
3632
3635
3638
3642
3646
3647
3648
3651
3652
3653
3658
3660
3662
3668
3674
3676
3680
3686
3689
3698
3699
3702
3703
3704
3705
3708
3710
3714
3715
3720
3721
3722
3727
3733
3734
3742
3749
3756
3757
3758
3766
3767
3772
3774
3776
3777
3783
3789
3791
3795
3797
3800
3801
3802
3803
3806
3812
3815
3817
3820
3821
3822
3823
3842
3849
3851
3852
3857
3858
3860
3864
3865
3866
3867
3870
3871
3872
3873
3874
3880
3881
3887
3898
3899
3900
3906
3913
3919
3924
3932
3933
3938
3944
3945
3947
3948
3952
3955
3958
3960
3963
3965
3968
3979
3983
3984
4001
4003
4006
4014
4016
4017
4020
4023
4024
4034
4036
4039
4041
4050
4058
4067
4073
4074
4079
4080
4082
4084
4086
4087
4089
4090
4096
4101
4103
4104
4105
4109
4111
4113
4118
4120
4122
4129
4131
4134
4136
4137
4145
4149
4152
4153
4155
4159
4164
4169
4179
4182
4183
4185
4186
4190
4191
4201
4206
4208
4215
4216
4219
4220
4228
4229
4232
4235
4236
4238
4242
4250
4251
4253
4255
4258
4266
4269
4275
4300
4302
4303
4310
4311
4313
4319
4324
4331
4336
4351
4352
4358
4359
4362
4368
4378
4382
4389
4390
4391
4392
4398
4403
4405
4408
4418
4423
4427
4434
4436
4441
4445
4448
4451
4466
4474
4478
4484
4486
4490
4491
4494
4495
4502
4510
4527
4528
4530
4531
4543
4546
4555
4559
4560
4561
4574
4578
4593
4595
4614
4622
4630
4631
4632
4635
4648
4658
4660
4666
4676
4677
4679
4683
4685
4695
4701
4703
4705
4710
4713
4715
4716
4719
4726
4728
4734
4736
4739
4751
4753
4755
4757
4759
4766
4768
4771
4795
4797
4800
4801
4802
4803
4806
4815
4816
4817
4820
4821
4826
4827
4830
4846
4847
4853
4865
4869
4876
4881
4882
4883
4886
4887
4888
4910
4913
4917
4919
4920
4924
4952
4955
4957
4961
4964
4973
4992
4993
4996
4997
4998
5006
5013
5022
5030
5040
5041
5045
5048
5052
5063
5064
5066
5082
5087
5101
5102
5111
5121
5124
5125
5144
5148
5153
5164
5167
5179
5191
5195
5199
5222
5224
5226
5229
5235
5244
5247
5248
5255
5261
5263
5264
5267
5268
5273
5282
5285
5286
5292
5309
5326
5358
5361
5363
5364
5367
5369
5373
5374
5376
5382
5390
5393
5400
5403
5408
5425
5438
5449
5450
5456
5460
5461
5466
5471
5472
5475
5476
5477
5484
5491
5497
5499
5504
5515
5516
5517
5521
5535
5546
5548
5549
5550
5551
5556
5559
5560
5563
5565
5572
5573
5579
5580
5581
5585
5592
5606
5608
5614
5621
5625
5631
5639
5645
5646
5647
5649
5653
5654
5660
5664
5669
5679
5681
5686
5699
5705
5708
5719
5722
5730
5734
5738
5742
5747
5750
5755
5760
5764
5768
5773
5784
5792
5804
5807
5810
5814
5816
5817
5833
5834
5836
5840
5843
5847
5848
5850
5852
5855
5856
5859
5861
5862
5867
5868
5869
5875
5882
5888
5891
5894
5898
5900
5903
5906
5915
5918
5920
5927
5929
5930
5931
5932
5939
5942
5946
5947
5948
5952
5953
5954
5957
5959
5961
5962
5985
5987
5993
6000
6013
6015
6022
6023
6027
6031
6039
6045
6048
6050
6056
6066
6067
6073
6076
6080
6089
6092
6093
6094
6095
6098
6104
6107
6108
6112
6114
6125
6126
6131
6142
6143
6146
6150
6156
6157
6161
6166
6183
6184
6186
6204
6206
6213
6214
6215
6217
6219
6223
6227
6230
6235
6239
6253
6254
6267
6272
6282
6289
6291
6294
6297
6309
6317
6322
6324
6331
6340
6353
6361
6369
6370
6371
6372
6373
6389
6391
6392
6393
6396
6413
6414
6415
6418
6419
6424
6432
6435
6448
6453
6455
6457
6461
6462
6465
6468
6469
6485
6487
6492
6495
6507
6528
6529
6532
6535
6537
6540
6544
6548
6550
6556
6564
6571
6576
6577
6578
6582
6584
6585
6589
6594
6621
6624
6632
6640
6645
6649
6653
6655
6667
6668
6675
6694
6696
6697
6698
6700
6701
6703
6704
6713
6718
6730
6731
6737
6738
6740
6741
6747
6751
6757
6762
6765
6767
6773
6778
6792
6795
6796
6800
6801
6802
6807
6813
6814
6817
6818
6823
6830
6833
6862
6865
6866
6869
6877
6879
6883
6884
6889
6896
6910
6913
6915
6916
6918
6924
6926
6935
6955
6956
6957
6962
6965
6967
6969
6970
6972
6973
6977
6982
6990
6994
7004
7005
7006
7015
7020
7027
7029
7038
7049
7050
7052
7053
7064
7073
7087
7089
7095
7104
7117
7122
7131
7143
7148
7154
7159
7167
7174
7176
7177
7178
7179
7193
7194
7203
7205
7207
7221
7222
7225
7226
7231
7232
7235
7241
7245
7250
7256
7257
7267
7268
7273
7279
7282
7285
7293
7295
7303
7323
7325
7328
7339
7344
7345
7346
7349
7352
7358
7359
7360
7362
7377
7398
7403
7404
7410
7425
7441
7449
7451
7461
7472
7476
7478
7494
7498
7501
7503
7508
7512
7517
7532
7533
7537
7538
7539
7542
7550
7552
7555
7557
7561
7562
7569
7571
7572
7573
7575
7576
7578
7585
7588
7592
7599
7608
7611
7614
7616
7620
7621
7630
7638
7641
7645
7646
7654
7657
7658
7661
7664
7666
7684
7686
7687
7691
7692
7703
7706
7707
7712
7724
7727
7741
7752
7754
7757
7761
7773
7774
7775
7779
7784
7793
7795
7798
7801
7803
7804
7806
7807
7810
7820
7822
7826
7827
7829
7830
7831
7837
7839
7852
7856
7862
7863
7864
7865
7867
7870
7873
7876
7877
7880
7886
7899
7906
7907
7910
7915
7917
7924
7925
7930
7934
7937
7943
7948
7955
7956
7958
7960
7961
7965
7968
7969
7970
7972
7980
7981
7984
7986
7993
8009
8011
8022
8024
8041
8043
8047
8049
8051
8054
8064
8066
8071
8072
8074
8078
8080
8088
8089
8099
8100
8102
8125
8133
8141
8144
8147
8149
8153
8161
8169
8170
8171
8181
8193
8194
8195
8196
8198
8200
8201
8223
8227
8228
8229
8232
8243
8245
8246
8249
8257
8261
8265
8270
8276
8277
8281
8309
8314
8315
8326
8330
8342
8343
8347
8348
8349
8350
8354
8358
8370
8378
8382
8383
8391
8392
8394
8400
8401
8403
8405
8412
8417
8421
8423
8437
8440
8449
8450
8455
8460
8461
8462
8464
8469
8471
8472
8475
8481
8498
8501
8506
8507
8514
8533
8572
8577
8587
8590
8605
8606
8612
8629
8635
8651
8652
8660
8667
8684
8698
8702
8705
8711
8719
8732
8733
8737
8741
8753
8758
8760
8764
8768
8769
8781
8785
8789
8792
8796
8798
8799
8802
8803
8808
8809
8811
8824
8825
8826
8828
8829
8837
8847
8849
8852
8856
8862
8864
8865
8866
8867
8873
8878
8889
8904
8914
8916
8917
8920
8922
8927
8928
8955
8968
8970
8973
8977
8988
8989
8992
8998
8999
9007
9008
9013
9016
9026
9035
9037
9049
9062
9065
9066
9069
9073
9081
9083
9092
9094
9096
9097
9102
9106
9110
9130
9131
9146
9152
9157
9175
9176
9182
9184
9191
9195
9198
9206
9207
9208
9214
9216
9217
9230
9231
9233
9238
9247
9248
9251
9252
9257
9258
9263
9265
9268
9269
9275
9281
9284
9287
9289
9295
9303
9309
9311
9320
9326
9337
9338
9346
9351
9352
9357
9360
9361
9366
9378
9384
9391
9393
9404
9414
9417
9424
9426
9435
9438
9441
9445
9446
9447
9453
9455
9472
9476
9477
9489
9511
9512
9527
9530
9535
9542
9543
9544
9547
9549
9550
9556
9561
9564
9567
9569
9573
9578
9579
9590
9594
9600
9603
9604
9606
9609
9610
9612
9615
9617
9619
9628
9632
9640
9652
9660
9661
9672
9681
9682
9685
9695
9706
9717
9719
9721
9728
9749
9752
9753
9759
9778
9802
9810
9822
9832
9833
9835
9846
9850
9857
9860
9876
9881
9884
9886
9899
9904
9907
9909
9911
9915
9921
9941
9942
9944
9945
9951
9953
9954
9962
9975
9981
9994
10009
10010
10020
10029
10032
10034
10037
10039
10044
10056
10063
10071
10075
10091
10100
10102
10106
10127
10139
10154
10155
10159
10161
10179
10180
10190
10195
10211
10212
10214
10218
10225
10227
10232
10233
10237
10249
10258
10271
10280
10287
10290
10295
10306
10307
10309
10332
10342
10347
10359
10365
10378
10381
10390
10393
10395
10399
10404
10413
10428
10437
10443
10450
10455
10483
10485
10486
10490
10494
10495
10511
10514
10516
10529
10543
10548
10562
10576
10580
10583
10585
10587
10591
10597
10599
10613
10622
10627
10640
10648
10653
10657
10674
10690
10691
10700
10711
10720
10728
10731
10743
10759
10761
10771
10777
10782
10790
10791
10814
10815
10819
10824
10833
10839
10847
10860
10866
10868
10872
10885
10889
10896
10900
10901
10913
10941
10945
10950
10979
10988
10994
11008
11016
11029
11040
11044
11045
11046
11064
11070
11089
11090
11130
11140
11153
11157
11159
11160
11166
11168
11182
11210
11212
11218
11227
11238
11245
11299
11307
11312
11315
11320
11321
11332
11346
11351
11353
11358
11359
11371
11372
11386
11387
11400
11401
11404
11405
11406
11411
11414
11453
11460
11464
11469
11476
11480
11512
11515
11535
11538
11558
11561
11564
11574
11581
11583
11596
11630
11640
11701
11715
11728
11731
11750
11780
11833
11837
11901
11908
11918
11928
11940
11948
11963
11964
11977
11978
11994
12014
12060
12066
12100
12117
12123
12126
12128
12137
12138
12142
12149
12150
12155
12158
12164
12169
12195
12218
12224
12225
12231
12234
12242
12247
12253
12269
12288
12302
12319
12321
12345
12346
12349
12358
12363
12386
12427
12499
12515
12520
12525
12532
12534
12538
12539
12542
12548
12554
12555
12557
12585
12587
12618
12660
12677
12705
12706
12716
12774
12790
12798
12808
12828
12833
12858
12868
12876
12879
12906
12914
12915
12927
12930
12954
12958
12960
12965
12969
12973
13015
13039
13065
13068
13070
13097
13103
13113
13121
13134
13163
13168
13189
13203
13212
13216
13231
13236
13246
13248
13254
13255
13267
13282
13288
13327
13350
13354
13381
13400
13418
13427
13431
13432
13435
13455
13462
13483
13491
13494
13496
13511
13514
13517
13520
13567
13572
13581
13584
13591
13599
13625
13630
13647
13656
13661
13663
13674
13685
13689
13690
13691
13695
13708
13713
13714
13718
13724
13741
13754
13756
13761
13767
13768
13769
13796
13808
13813
13832
13837
13848
13854
13877
13920
13945
13948
13980
13997
14000
14046
14047
14059
14070
14088
14092
14117
14154
14157
14168
14174
14193
14216
14239
14280
14312
14335
14367
14373
14379
14405
14419
14447
14451
14468
14529
14552
14561
14564
14566
14594
14597
14612
14615
14619
14626
14646
14648
14652
14663
14664
14675
14677
14679
14697
14721
14732
14734
14736
14747
14753
14754
14756
14766
14792
14796
14808
14812
14819
14825
14837
14858
14860
14868
14880
14887
14889
14903
14904
14947
14953
14971
14980
14982
14990
15003
15024
15086
15087
15153
15163
15191
15210
15227
15249
15263
15273
15278
15298
15319
15337
15346
15347
15373
15388
15393
15427
15435
15436
15445
15463
15464
15478
15500
15503
15525
15552
15556
15566
15570
15571
15588
15645
15650
15661
15662
15663
15668
15677
15689
15714
15717
15739
15746
15756
15881
15947
15979
16019
16035
16057
16077
16089
16116
16153
16162
16193
16199
16227
16269
16301
16335
16344
16384
16387
16399
16415
16429
16430
16440
16456
16494
16504
16510
16524
16564
16568
16575
16590
16596
16605
16678
16753
16792
16818
16829
16830
16832
16949
17097
17122
17134
17141
17213
17249
17268
17272
17278
17280
17288
17291
17297
17304
17310
17410
17430
17440
17480
17487
17496
17515
17533
17556
17565
17574
17636
17751
17792
17798
17820
17821
17824
17853
17861
17887
17905
17929
17949
17961
17969
18017
18053
18055
18062
18063
18065
18078
18087
18095
18102
18106
18108
18109
18110
18116
18119
18120
18122
18123
18125
18127
18128
18131
18133
18135
18137
18138
18139
18141
18143
18144
18145
18152
18156
18168
18179
18180
18184
18196
18206
18212
18215
18216
18219
18222
18223
18225
18227
18230
18241
18259
18261
18262
18270
18285
18295
18307
18316
18321
18322
18330
18350
18354
18366
18373
18482
18556
18566
18601
18666
18704
18708
18743
18799
18831
18862
18867
18887
18943
18969
19014
19100
19105
19116
19147
19186
19349
19552
19638
19747
19765
19778
19915
