0
3
4
5
6
7
8
9
10
11
13
14
15
16
17
20
21
22
23
24
26
28
29
30
35
36
38
39
40
41
42
43
44
46
48
49
50
51
52
53
54
55
56
57
58
59
60
62
67
68
70
71
72
73
74
75
76
77
78
79
82
83
84
85
86
87
88
89
90
91
92
93
94
97
98
99
100
101
103
106
107
108
109
110
111
112
114
115
116
117
118
119
120
121
122
123
124
125
126
127
128
129
130
131
134
135
136
137
138
141
142
146
147
148
149
152
153
154
155
156
157
159
162
165
166
167
168
170
173
178
179
180
181
182
183
185
186
188
189
190
194
195
197
198
199
200
201
203
204
205
206
207
208
209
210
211
213
214
215
216
217
218
219
221
222
224
226
227
228
229
230
233
234
237
239
240
242
243
244
247
248
251
252
254
255
256
257
258
260
262
263
265
267
268
270
271
275
276
278
279
280
281
282
285
287
288
289
290
292
293
295
296
297
299
300
302
303
304
305
307
308
310
313
320
321
322
323
328
329
332
333
336
338
339
340
342
344
345
346
347
348
349
350
351
352
354
356
357
358
360
362
363
366
369
370
371
372
375
376
378
379
380
383
387
388
389
393
394
399
400
402
403
406
407
408
409
410
413
414
417
419
420
421
422
423
424
425
426
427
428
430
431
432
433
436
437
438
439
440
441
442
443
444
445
446
447
448
449
450
451
454
455
457
458
460
463
464
466
467
468
470
471
475
479
480
481
482
483
484
487
490
492
494
495
501
503
504
505
513
514
516
517
518
519
520
528
529
530
532
536
537
538
539
540
541
542
544
550
552
553
554
555
556
557
558
559
561
563
564
565
569
571
573
574
576
579
581
582
583
585
586
587
590
591
592
596
597
598
599
600
601
602
604
606
607
609
610
611
613
615
616
617
618
625
627
628
629
631
632
633
634
636
637
639
646
651
652
658
659
660
661
662
663
664
665
666
667
670
671
672
673
674
675
677
680
681
682
683
684
685
687
688
689
690
692
693
694
695
696
697
698
700
701
702
706
708
709
710
712
715
717
718
719
720
721
724
727
728
730
731
734
735
736
737
738
739
740
741
743
744
746
749
750
751
752
753
754
755
756
757
758
759
760
763
767
768
769
770
771
772
774
777
778
779
780
782
785
788
789
790
792
793
795
796
797
798
799
801
802
804
805
806
810
811
815
817
818
819
820
822
824
825
829
834
836
837
838
839
843
844
845
846
849
850
851
853
854
855
856
857
858
859
863
865
867
869
870
871
872
873
875
878
880
882
884
885
886
887
888
889
891
892
894
895
898
900
901
903
904
908
909
911
912
913
917
918
919
920
921
924
927
928
929
931
934
937
938
941
943
944
945
947
948
953
954
956
957
958
960
963
965
968
969
971
972
973
975
976
977
978
980
982
986
991
992
996
998
999
1003
1006
1009
1010
1018
1019
1020
1021
1022
1024
1025
1028
1029
1030
1031
1033
1036
1041
1042
1043
1050
1051
1052
1055
1056
1057
1062
1063
1064
1065
1066
1067
1068
1069
1070
1074
1075
1076
1077
1083
1091
1092
1095
1104
1105
1106
1108
1109
1110
1111
1120
1122
1123
1124
1125
1126
1129
1132
1133
1143
1144
1149
1150
1153
1156
1157
1158
1159
1162
1166
1167
1169
1179
1180
1181
1184
1186
1189
1190
1191
1199
1201
1202
1204
1206
1208
1209
1210
1213
1215
1219
1220
1222
1223
1227
1231
1234
1240
1242
1244
1245
1250
1253
1256
1258
1260
1261
1265
1267
1268
1271
1272
1279
1286
1293
1295
1297
1305
1310
1312
1314
1315
1320
1321
1323
1327
1328
1331
1333
1338
1339
1341
1346
1347
1348
1349
1350
1351
1353
1354
1358
1359
1362
1369
1372
1375
1378
1379
1381
1382
1383
1386
1389
1398
1399
1400
1402
1404
1406
1410
1415
1418
1419
1424
1427
1429
1433
1435
1436
1439
1443
1445
1446
1451
1458
1459
1463
1464
1465
1469
1470
1471
1472
1474
1477
1479
1480
1485
1487
1489
1492
1494
1495
1496
1497
1498
1500
1502
1503
1508
1509
1512
1513
1514
1516
1521
1526
1527
1532
1533
1538
1540
1541
1543
1544
1545
1548
1551
1556
1560
1563
1566
1567
1571
1572
1576
1579
1580
1581
1585
1587
1589
1591
1592
1596
1599
1600
1601
1610
1613
1619
1622
1625
1628
1629
1633
1636
1637
1640
1641
1642
1643
1644
1646
1647
1653
1655
1657
1659
1661
1664
1665
1667
1670
1673
1674
1678
1679
1680
1683
1686
1688
1691
1692
1693
1696
1699
1705
1707
1708
1710
1711
1712
1713
1716
1720
1726
1728
1729
1731
1732
1733
1735
1736
1740
1744
1745
1746
1747
1748
1749
1750
1755
1756
1758
1760
1761
1762
1769
1770
1771
1772
1773
1774
1777
1778
1781
1783
1788
1789
1792
1794
1795
1798
1802
1804
1805
1808
1809
1810
1813
1819
1822
1826
1830
1835
1841
1842
1850
1852
1853
1867
1868
1869
1870
1877
1880
1881
1887
1894
1896
1900
1902
1903
1904
1909
1918
1920
1923
1925
1929
1932
1939
1942
1943
1947
1950
1951
1956
1957
1959
1964
1969
1972
1977
1979
1980
1982
1983
1986
1991
1996
1998
1999
2003
2004
2005
2009
2012
2015
2016
2019
2021
2022
2027
2028
2030
2032
2033
2036
2037
2038
2039
2041
2043
2046
2047
2048
2050
2051
2052
2057
2062
2064
2066
2068
2070
2076
2077
2081
2083
2084
2085
2088
2089
2090
2092
2096
2097
2098
2099
2100
2101
2104
2105
2109
2110
2114
2123
2124
2129
2130
2132
2136
2138
2144
2150
2151
2154
2157
2162
2167
2168
2176
2179
2184
2193
2194
2195
2196
2197
2199
2201
2205
2207
2209
2212
2213
2220
2222
2223
2224
2229
2238
2240
2242
2246
2248
2251
2254
2256
2257
2260
2263
2268
2271
2273
2281
2282
2284
2290
2292
2293
2296
2301
2307
2308
2315
2316
2321
2324
2327
2328
2333
2335
2336
2337
2341
2343
2344
2345
2346
2349
2351
2354
2355
2358
2359
2363
2364
2365
2366
2367
2369
2371
2372
2379
2385
2393
2394
2398
2399
2400
2402
2403
2404
2407
2408
2412
2417
2418
2422
2429
2432
2434
2437
2440
2444
2446
2448
2450
2452
2453
2455
2456
2460
2463
2466
2473
2477
2482
2486
2487
2488
2490
2491
2492
2493
2494
2498
2499
2501
2502
2504
2507
2511
2513
2514
2515
2516
2517
2518
2519
2521
2525
2528
2529
2531
2535
2538
2543
2545
2546
2548
2549
2551
2552
2556
2557
2558
2559
2562
2563
2564
2566
2567
2568
2569
2571
2572
2574
2576
2580
2581
2582
2583
2586
2587
2590
2593
2594
2595
2597
2600
2601
2602
2603
2604
2605
2606
2608
2609
2610
2611
2612
2613
2614
2615
2616
2617
2619
2620
2621
2622
2623
2624
2625
2626
2627
2628
2629
2633
2634
2636
2640
2641
2643
2644
2645
2646
2647
2648
2649
2650
2651
2652
2656
2661
2662
2663
2664
2666
2667
2669
2671
2672
2673
2674
2676
2678
2679
2680
2681
2682
2683
2684
2685
2686
2688
2690
2692
2696
2699
2702
2703
2704
2705
2708
2710
2713
2717
2720
2721
2722
2724
2725
2727
2732
2733
2737
2739
2745
2746
2747
2749
2750
2754
2755
2758
2761
2762
2763
2765
2766
2771
2772
2774
2775
2776
2777
2778
2780
2781
2782
2784
2787
2790
2792
2793
2794
2796
2797
2800
2802
2803
2804
2807
2808
2809
2810
2811
2813
2816
2823
2826
2827
2829
2830
2831
2832
2835
2836
2837
2838
2840
2841
2843
2844
2845
2846
2848
2850
2851
2852
2853
2854
2855
2856
2857
2859
2860
2865
2868
2869
2871
2877
2878
2879
2880
2885
2890
2892
2893
2894
2895
2896
2897
2898
2899
2901
2902
2903
2904
2907
2908
2910
2912
2913
2914
2919
2920
2921
2922
2924
2931
2932
2933
2935
2936
2939
2940
2941
2943
2944
2945
2948
2949
2950
2952
2953
2956
2960
2962
2963
2965
2967
2969
2970
2971
2973
2976
2979
2980
2983
2987
2988
2994
2996
3000
3001
3003
3007
3008
3010
3011
3016
3020
3025
3029
3033
3034
3035
3037
3040
3046
3047
3049
3050
3053
3057
3058
3059
3061
3064
3065
3069
3073
3075
3077
3078
3083
3084
3086
3091
3093
3094
3095
3096
3097
3099
3100
3105
3107
3109
3110
3111
3115
3116
3118
3119
3123
3124
3125
3126
3127
3128
3133
3134
3135
3139
3140
3144
3145
3150
3151
3152
3153
3156
3157
3158
3159
3160
3161
3162
3163
3165
3169
3170
3172
3174
3175
3176
3179
3183
3184
3185
3186
3188
3190
3193
3194
3200
3205
3207
3208
3209
3210
3211
3213
3214
3216
3217
3218
3221
3227
3228
3231
3232
3233
3234
3237
3239
3242
3243
3248
3250
3251
3256
3257
3258
3261
3263
3264
3265
3266
3269
3270
3271
3275
3279
3283
3285
3287
3288
3289
3291
3292
3293
3296
3298
3301
3308
3309
3311
3312
3313
3315
3316
3319
3320
3322
3324
3325
3328
3330
3331
3334
3336
3339
3340
3341
3343
3344
3346
3347
3348
3350
3354
3357
3359
3361
3362
3363
3367
3368
3369
3370
3371
3374
3375
3376
3379
3383
3384
3385
3386
3388
3390
3394
3395
3396
3397
3402
3404
3407
3410
3413
3414
3416
3418
3419
3421
3423
3424
3430
3431
3432
3434
3442
3443
3446
3447
3450
3452
3453
3454
3455
3456
3457
3459
3461
3462
3463
3465
3466
3467
3468
3470
3472
3473
3474
3475
3476
3477
3478
3479
3480
3481
3482
3483
3484
3487
3489
3495
3496
3504
3506
3507
3511
3512
3513
3514
3516
3517
3519
3521
3522
3523
3524
3525
3526
3527
3529
3530
3532
3533
3534
3535
3536
3539
3542
3543
3544
3545
3546
3547
3548
3549
3550
3551
3552
3553
3554
3556
3557
3559
3560
3564
3565
3566
3567
3568
3570
3571
3573
3574
3576
3578
3579
3580
3581
3582
3583
3584
3585
3586
3589
3590
3591
3592
3593
3594
3595
3596
3598
3599
3600
3601
3602
3603
3604
3605
3606
3607
3608
3609
3610
3611
3612
3613
3614
3616
3617
3618
3619
3620
3621
3622
3623
3624
3625
3626
3630
3632
3634
3635
3638
3641
3642
3643
3644
3646
3647
3648
3650
3651
3652
3653
3654
3655
3658
3660
3661
3662
3665
3667
3668
3672
3674
3676
3679
3683
3685
3686
3687
3688
3691
3692
3693
3694
3695
3696
3697
3698
3699
3702
3703
3704
3705
3706
3707
3708
3709
3712
3713
3714
3715
3716
3717
3718
3719
3721
3722
3724
3729
3731
3732
3733
3734
3735
3737
3738
3740
3742
3745
3746
3747
3751
3753
3756
3757
3758
3759
3760
3761
3762
3763
3764
3766
3767
3772
3774
3775
3776
3777
3778
3782
3783
3786
3789
3790
3791
3795
3797
3798
3799
3800
3801
3802
3803
3804
3806
3807
3808
3809
3810
3813
3814
3815
3817
3819
3820
3821
3822
3823
3824
3825
3827
3828
3830
3831
3833
3834
3840
3844
3847
3848
3849
3851
3852
3853
3854
3856
3857
3859
3860
3863
3864
3865
3866
3867
3868
3869
3870
3873
3878
3879
3880
3881
3895
3897
3898
3899
3900
3901
3902
3908
3910
3911
3912
3913
3921
3922
3923
3924
3926
3927
3929
3930
3931
3932
3938
3949
3952
3953
3955
3956
3957
3961
3962
3963
3964
3965
3967
3968
3974
3983
3984
3993
3997
4000
4001
4005
4006
4008
4009
4011
4012
4013
4014
4017
4018
4020
4022
4023
4024
4025
4027
4032
4033
4034
4035
4036
4039
4048
4049
4053
4054
4056
4059
4060
4066
4070
4071
4073
4074
4076
4079
4081
4082
4084
4085
4086
4089
4090
4096
4097
4100
4101
4103
4104
4105
4108
4109
4110
4111
4113
4115
4116
4117
4118
4119
4120
4124
4125
4126
4127
4128
4129
4132
4133
4134
4136
4137
4140
4141
4142
4143
4148
4149
4153
4154
4155
4156
4157
4158
4159
4160
4164
4165
4168
4169
4171
4173
4179
4184
4185
4186
4187
4188
4191
4192
4194
4198
4199
4200
4201
4202
4203
4205
4206
4208
4212
4215
4216
4217
4220
4223
4225
4229
4230
4231
4232
4240
4241
4242
4249
4250
4251
4253
4256
4257
4258
4264
4266
4267
4269
4273
4276
4278
4290
4291
4293
4294
4295
4298
4299
4300
4301
4302
4303
4304
4308
4311
4313
4314
4315
4316
4321
4323
4324
4330
4332
4334
4336
4338
4340
4347
4350
4351
4352
4354
4358
4359
4362
4364
4365
4366
4368
4370
4371
4373
4376
4377
4379
4381
4382
4383
4384
4388
4389
4390
4391
4392
4396
4398
4405
4408
4415
4418
4420
4421
4423
4424
4430
4437
4438
4439
4441
4443
4444
4445
4451
4452
4453
4455
4456
4458
4460
4462
4465
4466
4467
4468
4470
4471
4473
4474
4475
4477
4478
4481
4483
4486
4487
4490
4491
4492
4493
4494
4495
4496
4497
4502
4506
4514
4519
4521
4527
4528
4531
4536
4538
4539
4542
4543
4545
4546
4549
4551
4553
4554
4555
4556
4559
4560
4561
4562
4563
4566
4568
4569
4570
4575
4577
4578
4587
4588
4595
4596
4601
4604
4605
4607
4610
4611
4614
4618
4619
4621
4625
4626
4627
4632
4633
4635
4636
4637
4641
4643
4644
4647
4649
4650
4651
4655
4660
4663
4666
4667
4671
4674
4676
4677
4679
4682
4684
4685
4687
4688
4689
4690
4691
4692
4693
4694
4696
4699
4702
4703
4704
4705
4706
4707
4708
4709
4710
4711
4713
4714
4717
4719
4724
4726
4727
4734
4735
4738
4743
4747
4748
4753
4757
4758
4759
4761
4763
4765
4766
4767
4769
4775
4787
4788
4790
4792
4794
4798
4800
4801
4803
4806
4809
4810
4812
4813
4815
4816
4817
4821
4827
4828
4829
4830
4831
4833
4835
4836
4837
4838
4839
4840
4841
4843
4846
4847
4849
4851
4856
4857
4860
4861
4865
4866
4868
4869
4871
4875
4876
4878
4879
4881
4882
4883
4884
4886
4887
4888
4889
4894
4896
4898
4903
4907
4908
4909
4910
4911
4912
4913
4914
4915
4917
4918
4920
4926
4927
4928
4929
4930
4931
4932
4939
4941
4942
4943
4946
4953
4958
4962
4964
4967
4968
4969
4970
4979
4981
4988
4993
4994
4996
4997
4998
5001
5005
5007
5010
5011
5014
5019
5021
5022
5034
5035
5036
5037
5039
5040
5041
5042
5049
5051
5052
5053
5061
5063
5064
5067
5070
5071
5072
5074
5075
5082
5084
5087
5088
5097
5099
5101
5102
5109
5110
5112
5114
5116
5119
5120
5121
5123
5125
5131
5133
5134
5136
5138
5144
5147
5148
5152
5153
5154
5156
5158
5160
5170
5172
5174
5176
5179
5182
5184
5186
5188
5192
5193
5195
5196
5197
5199
5204
5205
5220
5221
5222
5231
5233
5235
5241
5243
5247
5251
5252
5254
5257
5261
5264
5265
5266
5272
5273
5275
5279
5282
5296
5298
5302
5304
5307
5310
5311
5317
5323
5325
5326
5330
5331
5334
5337
5338
5342
5351
5352
5354
5356
5358
5360
5361
5362
5365
5369
5370
5372
5373
5375
5376
5379
5382
5384
5392
5393
5396
5397
5399
5400
5401
5405
5407
5417
5418
5419
5421
5425
5428
5429
5430
5432
5437
5438
5441
5443
5449
5450
5451
5456
5460
5461
5465
5466
5471
5476
5477
5478
5481
5484
5486
5487
5488
5491
5497
5500
5503
5504
5505
5506
5507
5508
5512
5513
5514
5515
5521
5524
5526
5528
5529
5536
5540
5544
5545
5546
5549
5550
5551
5557
5559
5560
5561
5564
5565
5566
5567
5571
5572
5573
5574
5577
5579
5580
5581
5583
5585
5586
5587
5588
5590
5591
5592
5594
5596
5597
5598
5599
5600
5601
5602
5604
5606
5609
5611
5613
5618
5623
5625
5626
5629
5632
5634
5638
5639
5640
5641
5642
5643
5644
5645
5650
5651
5652
5653
5660
5667
5668
5671
5674
5675
5679
5680
5681
5682
5683
5684
5688
5697
5700
5702
5706
5708
5709
5710
5712
5715
5719
5723
5724
5726
5728
5729
5730
5731
5732
5734
5736
5743
5745
5746
5747
5754
5755
5759
5760
5763
5765
5767
5768
5771
5773
5774
5780
5783
5784
5793
5794
5798
5800
5803
5804
5811
5814
5815
5816
5817
5820
5822
5826
5827
5828
5831
5833
5834
5836
5837
5838
5840
5842
5848
5850
5851
5852
5853
5854
5858
5861
5865
5867
5868
5869
5872
5873
5874
5875
5876
5878
5880
5882
5883
5884
5888
5891
5892
5895
5898
5901
5902
5903
5905
5908
5912
5914
5915
5916
5918
5920
5921
5922
5923
5927
5928
5930
5931
5933
5936
5938
5939
5942
5943
5945
5946
5948
5949
5952
5953
5954
5955
5958
5960
5966
5967
5968
5971
5973
5977
5980
5981
5985
5987
5988
5990
5991
5992
5993
5996
6000
6002
6004
6005
6007
6008
6009
6011
6015
6018
6019
6020
6023
6025
6026
6027
6031
6035
6036
6037
6038
6039
6040
6043
6044
6045
6049
6050
6053
6056
6057
6060
6061
6063
6066
6067
6069
6070
6073
6074
6076
6077
6080
6081
6083
6084
6085
6087
6088
6089
6090
6091
6092
6093
6094
6095
6096
6097
6098
6099
6102
6103
6104
6108
6113
6114
6120
6122
6124
6128
6131
6132
6133
6135
6140
6142
6143
6144
6145
6146
6150
6154
6158
6159
6160
6161
6162
6164
6169
6170
6171
6184
6185
6186
6187
6191
6199
6204
6206
6212
6215
6217
6218
6219
6220
6222
6223
6225
6229
6230
6231
6232
6233
6234
6241
6243
6246
6247
6249
6250
6251
6252
6253
6255
6257
6259
6261
6262
6272
6274
6275
6276
6277
6279
6283
6285
6286
6289
6291
6293
6296
6297
6301
6304
6305
6307
6310
6314
6317
6318
6321
6322
6329
6331
6333
6337
6343
6349
6352
6353
6354
6355
6359
6360
6361
6363
6364
6366
6367
6368
6369
6370
6371
6372
6373
6375
6376
6377
6383
6384
6385
6386
6388
6389
6391
6392
6393
6395
6400
6401
6404
6409
6410
6411
6413
6418
6420
6421
6424
6425
6428
6432
6435
6436
6441
6447
6455
6457
6458
6461
6463
6466
6467
6468
6472
6474
6475
6477
6479
6484
6485
6488
6489
6491
6492
6493
6496
6497
6500
6504
6505
6506
6509
6513
6514
6516
6521
6522
6523
6530
6531
6532
6535
6539
6541
6542
6544
6545
6546
6548
6549
6551
6552
6553
6555
6556
6557
6560
6561
6562
6563
6564
6565
6571
6575
6576
6578
6581
6584
6587
6589
6592
6593
6594
6597
6609
6612
6613
6618
6619
6620
6621
6622
6625
6626
6627
6628
6629
6630
6631
6641
6644
6645
6649
6650
6656
6660
6661
6662
6665
6670
6671
6673
6674
6675
6678
6681
6683
6688
6689
6693
6694
6696
6698
6704
6705
6710
6711
6713
6718
6719
6722
6725
6727
6728
6733
6738
6741
6742
6743
6744
6747
6752
6757
6761
6762
6765
6767
6770
6772
6777
6779
6782
6783
6784
6786
6787
6788
6790
6791
6792
6793
6795
6796
6800
6801
6802
6807
6809
6810
6811
6812
6813
6814
6818
6825
6833
6834
6836
6840
6844
6859
6861
6862
6866
6869
6881
6883
6885
6886
6888
6889
6890
6891
6893
6894
6900
6903
6904
6907
6910
6911
6913
6914
6915
6917
6918
6921
6922
6924
6926
6927
6929
6935
6936
6937
6948
6954
6955
6956
6962
6965
6968
6970
6973
6974
6977
6982
7004
7005
7008
7009
7010
7016
7018
7027
7033
7037
7038
7040
7041
7042
7045
7049
7055
7058
7060
7063
7065
7067
7072
7074
7079
7086
7089
7091
7093
7097
7100
7101
7104
7106
7109
7113
7118
7126
7127
7130
7131
7132
7140
7146
7148
7149
7150
7152
7154
7155
7157
7164
7167
7173
7175
7176
7177
7178
7179
7182
7189
7192
7199
7201
7202
7203
7204
7205
7208
7209
7210
7211
7220
7223
7226
7227
7230
7232
7234
7236
7238
7247
7249
7250
7252
7253
7254
7264
7267
7268
7273
7274
7275
7277
7278
7284
7285
7290
7296
7298
7300
7304
7311
7314
7318
7322
7323
7324
7326
7328
7332
7337
7338
7341
7344
7345
7347
7353
7358
7362
7367
7375
7376
7379
7382
7397
7398
7400
7402
7403
7405
7406
7409
7413
7414
7422
7428
7442
7444
7450
7451
7454
7458
7459
7461
7466
7469
7470
7471
7472
7475
7476
7477
7478
7480
7482
7483
7484
7488
7489
7499
7503
7507
7508
7509
7512
7513
7514
7516
7517
7520
7521
7523
7528
7529
7530
7532
7533
7538
7539
7544
7545
7547
7549
7550
7551
7552
7553
7554
7560
7562
7565
7567
7569
7570
7571
7572
7573
7574
7577
7578
7583
7584
7588
7589
7592
7593
7594
7595
7596
7598
7599
7601
7604
7609
7610
7611
7614
7616
7619
7620
7624
7625
7626
7627
7629
7630
7631
7633
7635
7636
7638
7639
7640
7641
7643
7650
7651
7652
7654
7655
7657
7662
7664
7665
7667
7670
7676
7677
7682
7684
7686
7687
7691
7694
7699
7700
7706
7707
7708
7713
7714
7715
7722
7724
7725
7727
7730
7732
7736
7738
7739
7742
7744
7747
7749
7751
7752
7756
7760
7761
7762
7766
7770
7774
7776
7777
7779
7783
7787
7791
7794
7797
7799
7800
7803
7804
7807
7810
7812
7818
7819
7827
7835
7837
7839
7846
7847
7848
7851
7852
7856
7861
7862
7867
7868
7869
7874
7877
7880
7881
7887
7888
7892
7894
7898
7899
7903
7904
7906
7911
7912
7913
7915
7917
7919
7921
7923
7925
7932
7936
7940
7944
7946
7948
7958
7962
7964
7967
7970
7971
7973
7980
7981
7984
7986
7993
7997
7998
8006
8007
8008
8017
8021
8036
8039
8041
8043
8047
8049
8051
8053
8055
8058
8063
8064
8065
8066
8068
8071
8072
8074
8075
8077
8078
8079
8080
8081
8084
8086
8087
8091
8099
8102
8105
8113
8118
8119
8126
8127
8131
8133
8134
8135
8136
8137
8141
8145
8146
8149
8150
8158
8161
8164
8165
8166
8169
8170
8176
8180
8186
8188
8194
8199
8204
8206
8213
8223
8227
8228
8229
8230
8233
8234
8236
8237
8243
8246
8249
8251
8252
8253
8264
8265
8266
8267
8269
8270
8271
8272
8273
8274
8275
8276
8277
8279
8281
8282
8291
8292
8297
8304
8307
8315
8317
8318
8320
8327
8330
8332
8333
8336
8338
8340
8342
8343
8345
8346
8347
8348
8349
8350
8354
8355
8359
8366
8367
8368
8373
8376
8388
8391
8397
8400
8404
8405
8412
8417
8421
8423
8425
8426
8428
8431
8432
8433
8434
8435
8439
8440
8441
8443
8444
8450
8453
8455
8458
8461
8462
8467
8469
8471
8472
8473
8477
8480
8481
8486
8488
8489
8492
8498
8499
8502
8505
8508
8513
8516
8521
8529
8533
8547
8549
8552
8567
8568
8572
8577
8578
8594
8596
8597
8598
8599
8603
8609
8612
8613
8614
8616
8622
8623
8629
8630
8631
8643
8646
8647
8651
8652
8660
8674
8680
8684
8705
8721
8732
8733
8740
8742
8744
8745
8754
8768
8770
8773
8774
8775
8780
8782
8783
8785
8787
8789
8790
8792
8793
8794
8811
8816
8818
8825
8826
8827
8828
8829
8830
8834
8839
8847
8849
8852
8856
8857
8859
8863
8864
8865
8866
8868
8869
8871
8877
8888
8889
8891
8893
8895
8896
8897
8906
8914
8917
8920
8921
8922
8923
8924
8926
8927
8928
8929
8930
8932
8943
8945
8947
8948
8951
8955
8960
8965
8968
8970
8973
8974
8977
8979
8980
8981
8982
8983
8984
8985
8986
8988
8989
8995
8998
9003
9004
9005
9007
9008
9009
9013
9015
9018
9021
9025
9031
9039
9040
9044
9049
9050
9052
9054
9057
9060
9062
9064
9066
9069
9071
9072
9073
9075
9076
9078
9079
9081
9085
9086
9089
9090
9091
9092
9095
9096
9097
9098
9105
9106
9108
9109
9111
9121
9124
9130
9131
9135
9142
9143
9146
9148
9150
9152
9154
9155
9156
9165
9169
9173
9174
9175
9177
9178
9179
9181
9184
9194
9198
9199
9203
9207
9208
9209
9210
9211
9212
9213
9214
9215
9216
9217
9218
9219
9220
9223
9231
9232
9236
9239
9242
9246
9270
9271
9274
9284
9287
9288
9293
9295
9316
9317
9320
9325
9326
9327
9334
9338
9351
9352
9360
9367
9369
9371
9374
9382
9383
9384
9385
9390
9392
9404
9409
9412
9417
9423
9429
9441
9445
9446
9448
9453
9459
9461
9467
9476
9481
9490
9494
9498
9501
9508
9514
9521
9524
9526
9529
9530
9533
9537
9544
9549
9550
9552
9554
9556
9562
9563
9567
9568
9569
9571
9575
9576
9586
9588
9593
9595
9600
9607
9609
9625
9626
9630
9634
9638
9639
9640
9646
9653
9656
9661
9663
9665
9669
9670
9676
9677
9678
9679
9686
9693
9694
9695
9696
9697
9699
9701
9709
9712
9715
9717
9721
9728
9747
9749
9753
9756
9758
9759
9761
9764
9766
9767
9768
9771
9776
9777
9778
9780
9788
9791
9804
9810
9813
9816
9819
9824
9825
9828
9829
9831
9833
9835
9838
9852
9860
9867
9868
9877
9884
9888
9893
9897
9899
9902
9907
9908
9909
9911
9920
9921
9941
9942
9945
9950
9953
9964
9975
9982
9987
9994
9995
10001
10009
10013
10023
10032
10034
10036
10044
10050
10055
10060
10063
10064
10066
10067
10068
10074
10075
10079
10088
10096
10110
10127
10146
10154
10156
10158
10164
10173
10180
10181
10184
10185
10186
10189
10190
10192
10193
10194
10195
10217
10218
10227
10233
10237
10243
10245
10253
10257
10258
10262
10265
10266
10268
10272
10273
10274
10275
10279
10281
10283
10288
10290
10302
10306
10314
10334
10335
10338
10342
10345
10351
10388
10404
10426
10435
10436
10439
10447
10468
10480
10482
10485
10486
10495
10520
10533
10543
10550
10570
10571
10576
10577
10583
10585
10587
10591
10605
10607
10609
10610
10616
10622
10627
10640
10647
10654
10664
10667
10670
10675
10695
10699
10710
10715
10717
10726
10728
10731
10733
10742
10743
10745
10747
10748
10749
10751
10755
10757
10758
10761
10764
10772
10776
10777
10779
10780
10784
10796
10801
10802
10803
10805
10806
10807
10809
10814
10815
10816
10821
10822
10829
10831
10839
10846
10864
10869
10870
10876
10881
10889
10897
10912
10914
10916
10919
10920
10935
10938
10941
10942
10945
10948
10957
10964
10969
10972
10974
10976
10978
10988
10994
11003
11005
11013
11014
11015
11029
11036
11037
11044
11046
11051
11053
11062
11064
11065
11072
11082
11088
11090
11102
11108
11121
11123
11131
11146
11153
11154
11157
11159
11160
11181
11194
11206
11210
11212
11218
11229
11242
11258
11266
11270
11305
11307
11322
11329
11339
11341
11345
11363
11383
11387
11394
11400
11401
11402
11403
11404
11405
11406
11411
11413
11414
11418
11423
11425
11426
11438
11444
11449
11450
11456
11458
11460
11470
11485
11512
11524
11529
11530
11533
11535
11538
11542
11543
11545
11546
11556
11563
11566
11568
11572
11574
11577
11578
11590
11619
11626
11632
11637
11639
11640
11641
11644
11646
11676
11679
11718
11720
11740
11743
11747
11794
11795
11818
11840
11851
11863
11886
11910
11922
11939
11940
11948
11955
11957
11973
11977
11981
11983
11995
12000
12002
12038
12042
12044
12055
12057
12059
12066
12083
12087
12101
12104
12111
12123
12124
12133
12135
12138
12139
12140
12142
12143
12144
12145
12150
12157
12180
12183
12194
12195
12213
12230
12231
12236
12247
12251
12260
12263
12276
12280
12293
12316
12318
12321
12322
12328
12355
12358
12366
12385
12386
12390
12395
12406
12410
12438
12470
12483
12499
12512
12515
12521
12522
12523
12531
12533
12548
12551
12568
12577
12585
12591
12594
12634
12654
12655
12666
12676
12677
12680
12681
12682
12686
12692
12699
12707
12709
12710
12715
12716
12733
12734
12747
12752
12758
12759
12760
12762
12764
12772
12773
12787
12788
12792
12795
12798
12801
12803
12810
12815
12828
12860
12879
12881
12893
12895
12898
12904
12905
12911
12914
12917
12919
12925
12928
12940
12943
12948
12950
12952
12954
12956
12960
12971
12978
12979
12986
12994
13011
13012
13014
13016
13024
13039
13061
13070
13085
13092
13097
13100
13109
13113
13130
13131
13144
13146
13168
13181
13190
13198
13209
13215
13222
13224
13226
13227
13229
13239
13244
13249
13254
13263
13272
13275
13283
13309
13311
13314
13317
13318
13323
13326
13334
13354
13360
13366
13382
13391
13398
13405
13409
13418
13419
13427
13431
13432
13440
13448
13458
13462
13475
13492
13496
13511
13536
13539
13544
13554
13556
13567
13569
13570
13578
13586
13601
13609
13615
13617
13627
13647
13651
13655
13663
13664
13684
13685
13687
13688
13689
13690
13691
13708
13715
13762
13772
13773
13777
13789
13793
13804
13811
13820
13821
13824
13842
13851
13870
13875
13877
13893
13910
13917
13937
13938
13940
13942
13959
14001
14032
14057
14058
14104
14117
14132
14161
14173
14205
14214
14245
14254
14263
14272
14280
14281
14312
14313
14334
14335
14362
14363
14367
14393
14410
14460
14468
14515
14556
14557
14561
14564
14594
14627
14634
14638
14658
14663
14664
14675
14676
14677
14678
14703
14720
14725
14747
14748
14749
14752
14760
14761
14766
14776
14786
14792
14794
14798
14802
14805
14808
14821
14832
14834
14843
14855
14857
14858
14866
14874
14878
14900
14901
14904
14921
14934
14944
14952
14968
14988
14990
14993
15005
15011
15019
15040
15051
15052
15054
15066
15071
15085
15088
15089
15097
15101
15117
15124
15162
15164
15172
15175
15220
15226
15227
15228
15236
15241
15245
15257
15258
15272
15274
15287
15290
15295
15296
15315
15316
15319
15340
15350
15353
15357
15384
15389
15404
15417
15429
15430
15434
15446
15463
15483
15485
15514
15515
15517
15518
15524
15571
15610
15612
15627
15632
15671
15672
15673
15674
15675
15676
15677
15678
15679
15680
15681
15682
15683
15684
15723
15740
15747
15755
15761
15764
15765
15777
15851
15854
15858
15881
15885
15916
15932
15936
15944
15954
15956
16007
16035
16041
16060
16062
16063
16067
16071
16086
16089
16154
16167
16173
16219
16220
16221
16222
16223
16224
16225
16228
16269
16275
16276
16344
16345
16346
16350
16356
16366
16368
16370
16375
16386
16399
16408
16423
16431
16436
16443
16447
16454
16458
16483
16494
16508
16514
16522
16523
16542
16546
16551
16570
16583
16596
16622
16625
16628
16687
16738
16739
16754
16758
16763
16771
16775
16814
16829
16884
16936
16950
17108
17149
17169
17213
17326
17357
17406
17408
17425
17533
17566
17572
17574
17635
17787
17820
17824
17837
17858
17877
17949
18062
18063
18064
18065
18066
18071
18109
18156
18165
18167
18189
18194
18196
18225
18263
18275
18328
18373
18374
18391
18396
18416
18423
18426
18431
18454
18455
18456
18462
18463
18464
18471
18472
18498
18499
18505
18506
18526
18553
18556
18562
18563
18590
19004
19005
19007
19021
19235
19245
19296
19360
19361
19888
