9
82
99
101
125
278
395
432
468
521
541
576
666
717
744
755
768
806
918
921
961
1034
1069
1084
1098
1114
1161
1162
1220
1311
1312
1314
1331
1436
1451
1472
1514
1566
1630
1710
1845
1853
1877
2048
2065
2129
2136
2150
2194
2300
2309
2368
2403
2416
2489
2515
2521
2550
2557
2582
2595
2613
2666
2669
2678
2685
2737
2738
2792
2832
2853
2885
2897
2971
3002
3095
3097
3126
3152
3334
3359
3410
3417
3518
3544
3604
3632
3698
3706
3715
3786
3813
3822
3831
3954
3981
4036
4098
4163
4184
4197
4215
4238
4293
4340
4368
4405
4439
4445
4469
4479
4492
4734
4743
5022
5205
5268
5369
5403
5471
5486
5773
5794
5858
5897
5901
5968
6122
6144
6193
6212
6319
6322
6344
6350
6354
6389
6418
6420
6544
6665
6759
6762
6765
6794
7049
7131
7183
7257
7285
7410
7452
7461
7480
7626
7710
7770
7966
8276
8282
8314
8370
8482
8624
8705
8772
8915
9066
9109
9117
9131
9150
9174
9205
9217
9271
9549
9653
9677
9684
9721
9994
10181
10633
10827
10900
10967
12140
12761
12800
12947
13059
13101
13366
13557
13848
13990
14447
14705
14754
14766
14849
14953
14986
15180
15204
15317
15463
15600
15676
16063
16405
16423
16583
17032
17857
18115
18133
18223
18437
19348
