0
233
318
2
6
1
18
0
1722
1
53
29
3
579
32
1
27
320
28
624
0
921
7
31
9
6
22
743
35
29
73
1
77
241
53
3
8
89
17
0
467
7
4
38
8
31
2
29
1
65
64
41
122
877
195
15
130
272
11
1
9
97
2
10
1
0
65
42
64
1
11
9
3
34
29
11
82
14
18
84
4
319
125
6
12
5
0
672
1
36
9
20
16
5
20
0
31
244
19
26
6
131
66
0
108
170
942
53
11
833
3
4
6
1
42
145
8
42
0
90
32
9
601
454
83
0
0
56
160
6
4
66
9
4
6
319
6
68
4
1
215
0
81
22
0
13
16
1
0
371
0
99
47
9
4
363
0
36
7
8
1
76
7
18
13
9
1
52
18
48
263
0
5
10
80
27
2
20
0
177
23
12
516
36
1018
202
71
276
44
4
27
0
9
13
4
7
3
5
7
5
16
1
7
66
11
21
81
26
544
17
16
1
2
1865
45
23
45
0
19
48
431
76
118
0
19
4
3
222
39
300
1
1
1
187
13
1
193
203
123
33
15
102
42
5
647
42
18
0
204
35
104
103
26
45
2
90
