346
3
48
816
18
0
32
133
92
162
9
12
97
489
495
58
1377
45
2
82
26
34
595
1
183
17
1
202
0
1113
388
81
153
71
74
434
23
200
181
386
709
593
19
6
0
1
53
24
5
34
536
16
377
363
174
55
331
83
4
7
823
9
357
163
0
30
88
18
3
7
30
15
37
102
13
3
460
10
30
0
21
30
20
96
277
35
28
1
19
2379
29
37
3
9
359
544
2
64
2
128
179
323
481
5
82
15
4
49
626
45
22
215
20
108
32
3
39
9
0
7
36
27
5
13
2
6
18
576
435
5
7
2
2
773
224
2
79
1
1
739
453
474
96
29
103
41
0
180
97
1
2
1427
73
6
109
154
44
8
271
2
194
88
363
101
20
40
486
191
11
22
12
42
6
80
14
32
168
255
1
1034
400
223
498
67
2
7
209
1320
74
23
7
53
1
0
24
161
66
4
4
0
152
110
23
50
3
15
392
39
21
227
482
11
589
13
118
108
24
240
36
1
98
27
12
1
16
161
6
17
279
65
189
573
6
37
87
74
5
136
39
101
51
24
2
68
53
3
700
21
5
1
3
4
14
1
179
2
