82
2
47
391
240
13
770
29
1416
1552
513
16
2161
532
56
912
27
9
206
232
32
10
114
79
15
405
44
158
52
2
1521
6
633
302
6
2
250
1029
2
108
613
158
16
152
19
32
1401
2277
443
78
1
27
27
154
11
364
814
21
2
25
25
1534
2
229
79
29
1129
12
10
582
19
51
1510
81
29
239
13
3284
28
41
4078
34
184
1
1401
2
1534
4594
134
1555
188
9
7
11
16
60
5
471
48
39
10
1125
450
353
11
799
13
351
5
0
35
5
238
16
2
31
1248
632
16
129
37
39
1636
363
54
516
7
814
16
29
4
547
33
1249
448
350
128
5
448
52
3335
236
20
760
246
399
431
3330
26
402
18
1062
2
192
235
26
532
29
128
216
108
610
69
125
16
3284
249
891
190
1
17
1638
30
112
20
3315
19
7
52
2
75
4
23
305
4
1248
52
20
65
1103
158
38
16
25
423
203
4
41
644
736
11
5
229
11
13
21
248
1641
358
1470
1638
0
11
758
67
44
3
55
402
43
11
1
16
473
2036
309
27
1
194
516
1151
0
238
10
2
1552
1666
27
1
377
78
362
180
60
236
248
456
16
1193
60
17
168
76
25
1583
196
