78
2
1
21
21
2
5
0
25
29
4
35
3
64
2
126
3
3
4
4
30
1
0
141
9
241
587
12
54
5
0
1
16
0
550
8
41
24
9
0
0
27
31
6
43
0
40
0
0
12
17
11
0
5
46
0
0
23
0
2
2
8
16
69
42
0
31
4
21
157
41
10
3
6
17
52
54
239
0
1
6
2
2
0
12
5
88
136
11
8
376
4
101
1
90
16
0
2
12
11
5
1
30
3
15
27
79
30
24
1
1
152
64
2
8
0
43
13
0
12
9
0
8
9
2
4
0
0
41
255
0
51
38
3
27
106
28
12
254
21
1
10
3
22
46
3
10
8
2
72
118
6
209
1
10
74
0
192
0
16
1
7
9
70
42
13
1
26
28
15
6
2
10
13
124
1
55
34
28
9
4
57
29
0
65
2
11
11
0
81
7
1
0
7
0
0
2
6
1
5
7
1
2
9
1
8
6
7
24
61
46
86
9
5
126
2
23
59
0
0
1
91
53
16
39
19
6
6
1
26
51
0
0
91
0
2
203
2
1
2
96
19
0
16
0
2
18
162
0
1
2
72
13
47
7
154
