7
14
16
17
23
26
29
31
36
37
39
54
59
60
62
69
71
72
74
77
79
86
88
93
94
97
99
106
107
108
109
110
112
119
123
126
128
129
130
131
136
138
142
155
167
172
181
197
203
204
207
210
211
214
215
219
226
228
229
232
235
236
237
240
243
247
248
262
263
271
272
273
275
280
293
295
297
302
303
306
312
314
317
322
323
336
340
342
344
345
346
349
356
363
366
369
370
371
377
379
381
388
389
395
402
409
410
417
427
431
438
439
446
453
459
463
465
474
477
481
482
491
495
500
513
523
527
529
540
546
549
551
553
555
563
572
579
601
603
611
613
628
632
634
635
638
648
650
651
652
656
663
673
678
685
693
707
708
715
721
734
736
737
739
744
748
753
755
758
762
773
782
786
790
791
792
796
806
807
815
817
827
830
836
843
849
850
857
864
872
878
880
883
884
888
889
900
911
917
922
934
947
956
958
963
973
980
983
992
999
1012
1013
1018
1024
1030
1055
1062
1069
1075
1076
1077
1082
1084
1103
1109
1122
1123
1132
1133
1141
1156
1159
1162
1163
1167
1180
1181
1189
1190
1199
1206
1207
1217
1220
1223
1229
1234
1253
1254
1268
1272
1286
1296
1312
1322
1339
1347
1360
1362
1370
1373
1387
1399
1406
1410
1418
1431
1433
1437
1450
1465
1472
1474
1485
1487
1494
1497
1503
1508
1514
1527
1562
1566
1567
1570
1571
1576
1581
1584
1589
1590
1610
1613
1625
1627
1633
1644
1647
1654
1655
1665
1679
1683
1692
1699
1708
1712
1713
1722
1731
1736
1757
1759
1772
1773
1792
1795
1808
1811
1812
1822
1830
1841
1875
1894
1904
1919
1932
1940
1945
1951
1972
1973
1977
1982
1986
1996
2003
2004
2017
2019
2027
2033
2036
2038
2046
2055
2070
2075
2076
2083
2085
2090
2099
2104
2107
2109
2127
2134
2135
2140
2144
2148
2151
2156
2157
2160
2165
2167
2176
2199
2238
2259
2262
2264
2273
2276
2291
2300
2323
2324
2336
2344
2354
2365
2366
2367
2377
2378
2379
2403
2407
2418
2430
2435
2444
2447
2448
2450
2453
2463
2473
2477
2487
2493
2501
2514
2517
2518
2520
2521
2528
2530
2537
2539
2549
2550
2551
2559
2567
2574
2581
2582
2587
2593
2595
2604
2608
2615
2616
2625
2640
2641
2644
2645
2646
2651
2656
2662
2669
2671
2680
2681
2682
2685
2696
2700
2702
2708
2714
2715
2717
2724
2727
2732
2733
2738
2747
2748
2759
2760
2763
2766
2772
2775
2778
2780
2781
2784
2786
2790
2792
2795
2809
2810
2813
2816
2822
2825
2828
2832
2839
2840
2846
2848
2852
2853
2864
2865
2870
2871
2893
2897
2900
2904
2928
2930
2932
2953
2970
2973
2976
2980
2983
2988
2989
2996
2999
3002
3009
3015
3020
3044
3046
3056
3060
3084
3090
3091
3092
3095
3097
3104
3107
3114
3119
3123
3126
3127
3132
3136
3152
3153
3156
3163
3166
3169
3171
3174
3175
3184
3189
3194
3199
3211
3214
3217
3232
3250
3254
3256
3264
3266
3270
3282
3295
3298
3315
3328
3330
3331
3337
3341
3346
3347
3357
3368
3372
3375
3377
3383
3388
3398
3403
3412
3413
3414
3430
3436
3450
3455
3461
3466
3467
3470
3473
3475
3476
3477
3482
3483
3503
3507
3508
3509
3510
3525
3526
3529
3543
3545
3552
3553
3556
3560
3565
3568
3570
3571
3573
3574
3578
3579
3580
3581
3583
3590
3591
3600
3604
3615
3621
3623
3624
3626
3632
3633
3650
3655
3660
3665
3679
3682
3686
3693
3697
3698
3699
3700
3702
3703
3704
3708
3711
3713
3721
3727
3728
3729
3730
3732
3733
3734
3744
3749
3751
3757
3760
3766
3767
3795
3800
3809
3818
3824
3831
3834
3836
3857
3860
3868
3870
3886
3898
3902
3912
3919
3920
3922
3923
3930
3943
3959
3963
3982
3989
3994
4003
4004
4012
4013
4017
4023
4024
4030
4036
4039
4059
4070
4071
4087
4090
4104
4107
4108
4111
4113
4118
4119
4120
4121
4122
4125
4129
4131
4139
4147
4148
4160
4163
4184
4186
4188
4211
4215
4217
4218
4220
4228
4243
4248
4250
4252
4268
4269
4300
4308
4322
4323
4330
4336
4337
4340
4347
4353
4359
4368
4371
4382
4383
4388
4389
4390
4395
4396
4400
4415
4430
4434
4454
4470
4479
4491
4493
4511
4537
4543
4546
4558
4561
4566
4572
4600
4604
4612
4614
4622
4630
4635
4644
4660
4662
4666
4668
4670
4678
4679
4683
4691
4699
4707
4709
4710
4715
4716
4725
4726
4728
4744
4756
4763
4764
4766
4788
4803
4816
4817
4827
4833
4841
4850
4881
4882
4886
4887
4910
4912
4914
4917
4919
4931
4936
4942
4955
4976
5011
5013
5042
5047
5051
5061
5074
5075
5099
5109
5110
5111
5114
5148
5151
5177
5191
5197
5198
5204
5227
5234
5265
5270
5275
5287
5289
5291
5306
5326
5334
5351
5352
5356
5359
5360
5369
5382
5387
5388
5392
5408
5419
5438
5458
5470
5473
5476
5497
5504
5515
5521
5526
5536
5546
5549
5550
5553
5557
5564
5566
5585
5615
5631
5660
5688
5706
5715
5730
5737
5743
5755
5760
5763
5778
5794
5798
5804
5833
5837
5856
5866
5875
5876
5880
5890
5897
5903
5911
5918
5922
5933
5985
5987
5995
6023
6027
6031
6032
6039
6044
6046
6052
6053
6056
6057
6064
6073
6085
6100
6103
6104
6109
6110
6111
6113
6121
6143
6144
6150
6175
6181
6182
6200
6202
6212
6214
6219
6250
6253
6259
6271
6276
6284
6291
6309
6312
6322
6324
6340
6344
6348
6350
6356
6358
6372
6373
6379
6393
6399
6450
6451
6485
6491
6507
6529
6580
6584
6586
6600
6612
6613
6621
6626
6646
6651
6667
6673
6674
6679
6683
6685
6694
6718
6722
6747
6749
6762
6769
6772
6800
6834
6844
6879
6884
6918
6970
6972
6977
6981
6990
6993
6994
7005
7027
7069
7093
7098
7108
7112
7127
7131
7134
7135
7136
7144
7148
7175
7179
7182
7186
7191
7193
7223
7225
7233
7235
7239
7240
7246
7257
7259
7268
7280
7298
7303
7314
7326
7338
7353
7358
7377
7395
7405
7409
7420
7450
7451
7455
7458
7468
7469
7473
7476
7479
7488
7496
7513
7519
7524
7532
7542
7555
7557
7569
7588
7594
7604
7605
7618
7619
7624
7633
7637
7641
7657
7662
7678
7680
7699
7707
7713
7725
7746
7759
7761
7762
7766
7770
7774
7787
7795
7797
7804
7809
7810
7819
7824
7826
7828
7834
7835
7844
7852
7856
7862
7868
7877
7878
7886
7907
7913
7915
7917
7918
7923
7947
7955
7956
7957
7958
7961
7980
7981
7984
7994
7999
8008
8051
8065
8071
8074
8078
8087
8102
8120
8122
8137
8143
8161
8194
8195
8196
8229
8230
8235
8248
8249
8271
8276
8281
8282
8291
8314
8324
8327
8347
8354
8366
8368
8376
8410
8418
8421
8444
8455
8458
8463
8471
8472
8481
8488
8578
8579
8590
8599
8605
8608
8611
8642
8648
8680
8684
8732
8733
8735
8737
8773
8775
8802
8808
8809
8826
8830
8835
8849
8856
8860
8866
8917
8920
8922
8932
8943
8970
8980
8986
9002
9006
9008
9046
9061
9066
9071
9076
9083
9085
9086
9090
9094
9097
9109
9123
9140
9170
9176
9185
9195
9206
9211
9213
9217
9238
9239
9244
9248
9249
9250
9265
9274
9275
9281
9304
9308
9310
9325
9326
9352
9359
9366
9378
9383
9384
9391
9417
9438
9450
9468
9474
9476
9484
9485
9488
9491
9535
9545
9548
9549
9563
9565
9575
9582
9589
9598
9607
9617
9642
9666
9667
9681
9687
9693
9694
9695
9699
9717
9721
9747
9751
9759
9764
9767
9768
9798
9800
9845
9873
9878
9886
9898
9935
9949
9960
9976
9995
10009
10013
10018
10063
10114
10125
10143
10154
10163
10172
10181
10241
10243
10248
10254
10256
10298
10308
10316
10323
10359
10375
10387
10394
10428
10434
10482
10548
10580
10595
10614
10670
10699
10720
10728
10734
10743
10751
10757
10761
10771
10775
10777
10782
10788
10791
10799
10808
10849
10853
10870
10881
10939
10942
10944
10949
10955
10998
11005
11008
11021
11031
11036
11051
11081
11082
11096
11116
11131
11153
11157
11170
11195
11244
11251
11287
11299
11316
11319
11356
11371
11386
11406
11414
11439
11450
11454
11464
11477
11496
11527
11541
11574
11612
11619
11643
11661
11679
11723
11751
11766
11781
11794
11798
11890
11914
11928
12003
12033
12060
12062
12080
12087
12112
12139
12145
12149
12169
12189
12195
12199
12227
12247
12253
12271
12288
12332
12392
12442
12499
12500
12522
12650
12669
12682
12694
12705
12716
12738
12745
12832
12907
12934
12954
12958
12967
12976
12983
13019
13092
13119
13227
13254
13274
13279
13282
13291
13334
13360
13396
13409
13419
13438
13483
13496
13529
13533
13556
13567
13602
13617
13623
13627
13649
13690
13735
13748
13757
13760
13776
13792
13807
13810
13854
13980
14000
14014
14029
14032
14038
14094
14098
14105
14111
14207
14294
14340
14349
14370
14400
14404
14530
14548
14557
14646
14654
14669
14701
14714
14742
14779
14793
14832
14841
14843
14852
14877
14890
14916
14925
15000
15035
15072
15086
15097
15117
15124
15135
15154
15167
15179
15180
15214
15229
15278
15365
15414
15423
15451
15460
15467
15485
15518
15526
15552
15557
15581
15595
15596
15597
15627
15650
15689
15714
15739
15740
15755
15842
15848
15865
15881
15911
15993
16050
16100
16101
16112
16158
16241
16269
16343
16361
16407
16421
16436
16455
16504
16556
16583
16585
16595
16605
16609
16784
16865
17122
17153
17155
17192
17255
17262
17265
17267
17302
17362
17425
17430
17479
17546
17558
17566
17576
17588
17813
17887
17890
17897
17970
18102
18108
18109
18110
18112
18113
18116
18120
18121
18126
18131
18137
18138
18141
18146
18152
18170
18180
18186
18187
18205
18211
18219
18223
18224
18229
18260
18266
18323
18328
18349
18351
18381
18391
18413
18448
18514
18619
18625
18678
18728
18735
18855
18864
18949
18985
18988
19110
