0
7
9
10
15
17
24
26
29
34
39
47
54
55
57
58
60
64
68
71
74
79
82
84
86
87
89
97
100
101
108
112
113
115
123
130
131
136
137
138
142
143
144
146
149
152
159
163
165
168
170
181
182
187
189
191
204
206
207
208
217
226
227
228
230
239
262
273
275
278
279
293
296
299
305
308
311
322
331
337
344
351
352
360
366
367
368
387
388
389
402
406
409
419
421
425
427
428
431
432
436
438
442
447
451
464
471
474
478
480
482
500
504
505
513
522
539
541
553
554
562
566
582
585
588
594
595
596
605
609
611
616
619
623
632
640
645
650
658
660
665
673
682
683
688
690
718
722
724
725
727
734
736
739
742
758
780
789
798
801
805
806
807
815
817
820
822
832
846
851
852
867
870
871
875
880
882
883
886
888
891
892
902
911
918
921
922
924
929
932
937
938
943
944
949
963
985
995
1006
1009
1011
1018
1019
1025
1030
1062
1063
1065
1069
1071
1074
1077
1082
1084
1085
1086
1123
1127
1129
1131
1158
1159
1169
1179
1181
1209
1213
1219
1223
1265
1309
1323
1328
1345
1351
1358
1365
1379
1383
1392
1415
1420
1429
1436
1440
1442
1444
1447
1449
1450
1451
1453
1455
1463
1464
1465
1473
1474
1475
1478
1479
1483
1492
1495
1510
1541
1558
1572
1576
1579
1580
1587
1589
1610
1625
1629
1636
1641
1652
1654
1659
1661
1679
1683
1690
1703
1705
1715
1727
1736
1739
1740
1742
1762
1769
1770
1773
1774
1778
1783
1792
1798
1828
1841
1843
1869
1874
1881
1902
1903
1904
1905
1906
1913
1915
1918
1935
1940
1947
1950
1951
1974
1977
1982
1990
2003
2004
2009
2012
2039
2046
2047
2050
2052
2064
2068
2073
2087
2089
2092
2098
2099
2100
2103
2124
2128
2151
2154
2159
2160
2168
2176
2180
2194
2197
2198
2212
2219
2224
2235
2238
2254
2264
2292
2301
2307
2310
2322
2323
2337
2338
2341
2354
2359
2364
2366
2376
2385
2388
2393
2423
2429
2432
2435
2436
2444
2448
2452
2455
2467
2499
2501
2505
2510
2514
2517
2518
2521
2523
2529
2536
2539
2548
2549
2552
2563
2564
2568
2582
2586
2591
2604
2605
2615
2622
2623
2624
2625
2638
2640
2645
2646
2648
2651
2652
2658
2659
2660
2663
2666
2669
2670
2671
2711
2714
2719
2724
2727
2759
2763
2766
2772
2775
2778
2792
2796
2809
2811
2827
2848
2852
2855
2859
2867
2869
2919
2931
2951
2952
2953
2955
2976
2987
2988
2989
2998
3032
3050
3060
3069
3070
3071
3083
3100
3115
3116
3130
3150
3152
3156
3161
3165
3176
3208
3213
3217
3224
3232
3250
3254
3258
3261
3265
3287
3292
3301
3308
3311
3331
3340
3342
3347
3350
3356
3357
3368
3375
3376
3383
3389
3405
3407
3417
3442
3450
3452
3456
3470
3472
3475
3478
3496
3497
3500
3504
3507
3513
3526
3527
3529
3532
3538
3542
3543
3550
3551
3554
3561
3565
3566
3572
3575
3578
3581
3583
3594
3600
3601
3604
3613
3614
3622
3624
3632
3640
3648
3651
3684
3689
3703
3705
3706
3707
3708
3718
3729
3740
3748
3749
3755
3758
3759
3764
3795
3801
3812
3817
3818
3819
3822
3826
3831
3849
3851
3861
3864
3884
3886
3887
3891
3897
3898
3901
3902
3917
3922
3923
3938
3940
3941
3961
3963
3969
3975
3980
3982
3996
4008
4009
4013
4023
4030
4033
4056
4071
4074
4086
4096
4101
4107
4110
4111
4119
4129
4141
4143
4153
4154
4159
4179
4181
4191
4197
4199
4200
4205
4212
4217
4218
4224
4228
4229
4230
4250
4253
4275
4277
4278
4281
4289
4290
4304
4308
4316
4331
4334
4389
4390
4412
4430
4439
4441
4442
4443
4446
4455
4490
4492
4493
4544
4545
4559
4566
4569
4572
4591
4597
4625
4633
4634
4643
4649
4660
4676
4679
4680
4691
4692
4693
4694
4702
4703
4710
4711
4722
4726
4734
4749
4754
4757
4765
4798
4802
4807
4811
4812
4851
4863
4864
4875
4878
4880
4882
4883
4884
4889
4900
4907
4909
4918
4919
4920
4931
4962
4967
4969
4976
4988
4993
4994
4996
4997
5011
5014
5032
5035
5045
5074
5087
5102
5110
5119
5121
5125
5176
5193
5221
5236
5247
5255
5272
5300
5306
5309
5310
5327
5329
5367
5369
5382
5399
5425
5435
5438
5478
5481
5486
5498
5500
5511
5515
5521
5536
5544
5549
5556
5575
5582
5586
5597
5598
5601
5605
5617
5661
5698
5735
5738
5742
5743
5747
5755
5776
5780
5789
5793
5797
5805
5817
5818
5829
5830
5833
5837
5848
5853
5858
5860
5867
5884
5888
5901
5911
5933
5936
5949
5955
5956
5966
5990
5992
6002
6011
6038
6039
6042
6057
6061
6066
6070
6076
6092
6093
6113
6139
6143
6144
6154
6158
6161
6166
6196
6199
6213
6218
6252
6261
6267
6272
6275
6279
6290
6303
6309
6317
6326
6349
6353
6363
6369
6371
6379
6389
6391
6415
6416
6418
6427
6430
6452
6458
6463
6468
6480
6485
6487
6492
6496
6510
6537
6556
6576
6584
6588
6589
6596
6599
6602
6612
6627
6628
6636
6667
6673
6698
6703
6706
6708
6712
6718
6719
6762
6774
6807
6812
6813
6829
6842
6863
6900
6902
6907
6915
6917
6935
6943
6954
6963
6966
6970
6979
6992
7014
7104
7108
7152
7176
7178
7179
7208
7209
7211
7234
7238
7239
7245
7253
7256
7261
7279
7285
7294
7296
7314
7341
7349
7358
7359
7360
7366
7378
7382
7386
7403
7409
7413
7429
7451
7457
7459
7461
7463
7480
7483
7487
7501
7517
7542
7551
7555
7557
7558
7565
7573
7584
7588
7596
7605
7617
7630
7631
7635
7641
7646
7657
7658
7664
7666
7683
7684
7687
7695
7700
7707
7725
7736
7739
7751
7759
7797
7810
7825
7828
7852
7856
7862
7869
7873
7874
7877
7894
7898
7905
7908
7911
7925
7927
7934
7960
7961
7982
7993
8011
8017
8022
8025
8049
8051
8056
8061
8063
8074
8081
8084
8102
8105
8118
8119
8120
8131
8157
8161
8166
8170
8189
8194
8195
8230
8270
8278
8282
8314
8337
8342
8345
8349
8354
8370
8371
8396
8405
8462
8472
8518
8576
8580
8583
8601
8606
8612
8646
8648
8657
8694
8732
8733
8737
8742
8746
8779
8787
8799
8804
8811
8816
8818
8824
8835
8842
8856
8864
8866
8868
8874
8876
8896
8899
8917
8920
8927
8951
8973
8981
9011
9013
9014
9037
9044
9058
9060
9062
9064
9066
9073
9085
9095
9109
9149
9155
9157
9172
9174
9178
9179
9191
9204
9207
9208
9211
9227
9229
9235
9239
9242
9261
9263
9281
9282
9283
9287
9295
9326
9358
9366
9374
9387
9391
9412
9417
9459
9477
9485
9489
9494
9499
9507
9513
9514
9530
9550
9567
9586
9595
9603
9671
9672
9682
9693
9717
9764
9777
9788
9798
9801
9802
9810
9812
9813
9860
9868
9876
9884
9888
9911
10029
10065
10088
10099
10120
10181
10185
10205
10235
10275
10348
10357
10374
10380
10388
10413
10439
10509
10514
10538
10549
10562
10609
10610
10611
10630
10648
10664
10731
10738
10743
10761
10774
10779
10780
10782
10785
10801
10806
10808
10857
10872
10914
10941
10962
10985
10999
11044
11082
11090
11126
11131
11160
11172
11183
11234
11275
11352
11406
11417
11448
11457
11476
11496
11533
11535
11541
11543
11580
11648
11661
11675
11679
11695
11781
11824
11875
11941
12014
12055
12135
12137
12139
12180
12194
12243
12247
12263
12288
12289
12316
12323
12351
12355
12366
12385
12405
12533
12539
12561
12587
12593
12606
12659
12676
12705
12720
12741
12879
12881
12898
12904
12906
12926
12950
12954
12968
13062
13113
13138
13200
13227
13246
13252
13273
13291
13306
13315
13438
13440
13462
13525
13529
13587
13617
13668
13673
13683
13685
13687
13688
13757
13805
13812
13848
13857
13927
13997
14030
14034
14052
14055
14136
14156
14160
14319
14337
14367
14386
14447
14452
14454
14540
14561
14585
14594
14619
14665
14679
14732
14745
14867
14878
14918
15009
15016
15024
15030
15040
15045
15051
15067
15095
15136
15148
15155
15180
15210
15226
15278
15298
15350
15351
15379
15388
15417
15463
15484
15509
15526
15634
15648
15714
15717
15928
15981
16019
16071
16089
16143
16153
16154
16206
16228
16358
16377
16403
16421
16437
16466
16494
16504
16520
16524
16530
16590
16591
16615
16638
16646
16647
16739
16791
17155
17159
17178
17248
17261
17267
17272
17278
17295
17298
17308
17430
17493
17504
17505
17514
17541
17570
17652
17697
17821
17887
17890
17934
17972
18017
18052
18071
18093
18107
18117
18122
18125
18126
18137
18140
18152
18156
18169
18173
18196
18201
18223
18229
18241
18266
18279
18290
18319
18334
18336
18349
18350
18351
18391
18433
18493
18607
18608
18611
18633
18714
18771
18779
18983
18990
19594
