1
58
7
2
3
48
3
5
23
166
2
12
43
22
2
87
12
522
1
8
83
5
30
9
0
28
2
7
2
13
20
9
31
137
0
2
22
88
39
0
18
144
0
16
1
33
10
6
13
23
203
27
3
33
13
10
8
12
1
4
0
22
1
9
98
4
0
2
1
4
0
85
1
10
10
11
108
16
29
33
8
29
16
5
0
58
47
31
3
41
6
50
100
3
0
1
1
11
78
16
20
750
4
0
35
91
156
405
52
1
44
18
24
42
18
1
12
44
1
24
19
63
1
25
0
9
44
7
0
37
26
1
0
48
1
32
3
61
88
0
0
0
1
40
96
214
23
7
5
31
16
12
39
10
17
0
4
0
6
22
61
15
4
6
4
15
21
13
14
20
0
73
77
4
31
8
1
30
19
0
9
213
3
0
0
106
3
5
1
4
7
8
1
74
128
1
9
181
0
2
1
24
0
17
7
0
0
0
10
27
1
236
1
0
7
0
7
1
23
1
8
181
0
13
0
1
60
0
0
10
5
54
8
0
147
8
51
23
8
19
1
5
50
5
14
0
123
6
13
5
6
26
1
9
8
19
0
6
3
1
265
10
3
0
26
3
4
34
1
1
2
13
2
5
0
12
57
20
0
0
4
3
5
9
0
9
21
32
0
1
3
61
136
0
0
1
42
0
26
35
4
5
0
0
223
20
43
1
0
32
0
93
50
6
1
0
4
14
0
4
57
10
38
0
14
2
14
1
23
3
1
108
149
0
10
0
3
11
12
3
73
0
31
13
92
12
22
74
0
7
5
3
75
43
2
174
18
0
0
27
15
3
2
21
1
4
16
5
27
6
0
21
3
6
4
1
226
38
3
35
23
42
1
259
28
0
7
0
4
5
6
16
292
11
11
222
29
24
286
330
11
3
7
49
4
50
28
16
13
53
18
1
7
2
23
0
20
33
28
17
104
42
8
60
0
9
84
2
1
0
38
10
12
20
110
7
11
102
3
1
44
180
1
20
49
1
8
31
1
15
5
32
45
10
1
51
124
3
0
69
98
1
0
1
7
3
88
36
2
3
10
49
0
1
1
0
2
159
49
0
3
0
0
17
2
20
0
5
3
55
8
72
9
4
49
4
74
66
96
2
0
2
2
32
1
0
0
21
17
0
35
8
4
13
5
2
0
0
54
9
10
13
0
4
35
17
8
18
175
1
10
1
17
26
1
6
0
2
16
1
71
1
62
3
16
52
14
18
132
319
34
3
0
22
53
3
28
805
478
51
69
3
57
46
5
0
5
28
13
4
466
9
5
8
5
0
12
0
0
0
46
5
0
2
1
1
0
96
55
225
7
0
4
2
10
14
11
7
11
0
2
17
0
263
5
16
257
0
31
25
114
0
2
1
8
2
26
41
45
9
6
0
33
0
5
22
0
1
24
270
4
15
1
0
0
8
0
109
41
44
10
13
0
11
102
0
131
22
6
30
3
7
11
7
2
30
11
0
9
39
19
6
7
176
96
30
1
0
0
0
90
60
64
0
5
11
13
52
59
2
7
246
0
6
76
3
39
108
29
9
929
0
3
2
7
0
3
17
46
160
1
2
2
19
21
64
0
1
19
38
0
3
79
7
0
78
6
9
15
31
2
225
0
2
145
91
52
159
24
0
122
18
1
7
2
0
1
1
15
6
10
63
7
21
46
27
4
0
20
10
12
9
33
4
86
3
15
3
2
4
4
5
32
0
1
7
3
220
80
28
54
13
30
30
2
33
0
1
0
14
1
7
445
54
158
0
3
51
63
2
7
8
13
11
516
16
0
30
8
0
65
0
0
76
150
14
1
0
2
3
1
1
9
0
28
0
2
1
4
37
107
27
15
31
29
3
12
3
13
0
11
0
4
3
99
47
72
25
17
133
0
40
9
5
45
22
17
0
2
1
0
4
12
0
16
39
17
7
20
6
0
0
1
116
0
22
12
0
31
39
10
4
216
0
6
8
19
54
20
17
18
12
0
6
28
20
4
40
4
5
1
0
25
0
5
4
30
20
22
182
2
2
0
0
69
0
0
21
6
8
18
3
16
9
2
135
0
11
9
17
4
41
56
0
68
57
8
0
0
10
1
1
105
6
41
1
2
10
30
238
3
116
0
14
35
2
57
0
30
0
4
211
1
0
11
4
0
89
2
1
51
0
21
29
0
40
216
2
2
1
251
10
20
6
35
49
19
0
17
22
167
2
33
0
0
36
2
0
54
3
10
0
24
170
24
6
3
65
2
112
75
89
95
3
41
13
0
1220
10
1
16
14
24
4
18
2
7
3
6
2
41
0
0
13
74
14
0
12
71
113
7
88
0
9
516
54
6
56
38
36
10
0
3
73
0
39
57
106
103
6
20
1032
0
35
25
58
215
6
0
21
0
12
82
123
7
0
5
105
29
25
19
10
16
55
24
2
44
5
16
6
0
2
9
1
2
0
85
21
0
1
17
24
42
2
12
198
2
0
0
4
0
15
1
61
168
0
10
18
7
13
35
9
144
1
5
20
3
128
2
129
22
169
0
70
19
9
10
0
81
0
2
22
12
4
70
1
33
6
2
6
642
1
4
17
15
153
62
105
1
2
9
26
0
36
12
0
179
174
1
2
90
0
18
51
69
19
21
15
129
46
40
9
0
1
0
54
4
0
1
100
3
119
28
31
33
17
72
37
3
13
687
6
148
32
1
0
38
1
123
36
7
0
20
50
191
62
3
186
0
160
214
45
5
0
165
84
66
0
30
0
0
0
21
7
111
15
26
41
24
5
78
2
360
0
4
8
1
0
27
382
5
4
16
15
32
111
1
23
0
185
193
654
1
3
1
8
21
0
9
48
30
2
40
52
0
0
6
28
8
466
0
6
2
8
118
0
38
157
17
33
1
1
21
0
39
44
4
10
26
5
1
22
1
0
156
16
151
24
180
33
0
167
0
20
5
16
0
1
5
347
34
17
8
20
293
3
0
25
4
75
7
29
14
2
10
183
0
100
9
1
2
11
36
0
15
10
0
300
60
45
4
12
36
7
0
7
43
16
4
4
85
1
4
302
1
40
491
8
33
0
20
117
17
1
362
15
3
0
1
153
4
28
1
10
5
16
314
1
93
8
1
0
39
14
2
3
0
0
11
0
40
4
1
35
1
2
1
29
70
571
26
11
8
29
14
27
206
82
15
4
21
0
1
88
26
223
20
116
51
4
3
6
0
9
2
3
10
3
0
0
32
115
5
11
59
20
0
48
7
3
0
47
17
0
45
46
23
0
3
2
3
1
0
73
10
8
4
85
315
14
66
3
40
35
0
7
3
14
15
1
0
7
16
5
212
33
86
0
0
8
65
27
14
0
11
74
6
22
0
7
21
20
35
5
12
19
8
10
24
3
20
1
6
29
12
3
0
6
4
4
0
1
39
41
59
47
49
4
6
2
5
94
65
0
6
0
19
21
33
1
2
0
9
20
0
231
10
5
10
2
7
135
54
12
1
16
27
118
8
0
0
2
3
16
0
1
15
23
4
2
6
61
28
0
61
0
0
20
13
196
2
9
14
5
118
3
0
152
0
32
12
0
0
68
25
1
16
40
92
137
11
17
11
7
0
4
0
44
2
4
57
13
252
4
12
23
0
24
403
27
6
9
27
7
6
89
93
28
34
16
13
0
19
31
27
3
0
392
2
0
10
1
7
33
0
20
8
0
21
4
0
10
16
192
11
0
3
0
24
21
0
38
28
2
26
23
0
41
5
43
6
7
8
0
0
7
0
1
2
0
14
6
10
32
2
0
36
31
6
0
9
4
109
5
8
112
21
24
29
36
4
0
0
39
243
2
9
1
0
0
2
15
6
1
0
17
2
46
0
5
4
17
0
2
117
31
213
64
0
30
17
5
106
18
42
7
6
14
13
0
1
9
28
3
25
4
0
0
47
3
4
1
9
1
8
20
0
89
0
7
87
0
4
53
29
3
48
0
41
3
74
243
6
205
0
3
2
24
0
1
0
3
18
141
38
0
8
26
107
1
5
6
0
0
0
34
4
2
230
87
0
19
17
2
271
59
16
0
2
0
12
8
303
110
0
1
284
87
7
0
2
20
21
2
70
39
238
33
67
0
34
351
6
34
37
21
5
2
0
0
19
59
14
10
37
16
16
45
5
6
4
31
1
0
5
8
1
25
0
134
33
14
0
17
15
1
13
1
39
0
4
0
1
32
33
23
2
41
0
3
119
0
0
288
0
62
216
12
1
28
1
313
0
0
15
17
16
19
19
81
17
26
2
16
35
1
0
2
4
0
0
1
15
7
148
32
203
9
3
4
4
0
31
23
37
3
44
6
5
19
171
2
9
22
14
14
54
6
139
0
9
31
1
130
7
0
1
7
12
2
0
0
0
1
5
20
2
11
39
62
8
0
0
0
0
49
0
2
0
13
0
11
0
60
955
42
15
0
5
8
14
27
1
3
69
9
33
4
0
38
21
51
1
10
0
2
41
0
24
9
190
5
13
11
0
0
15
47
8
0
