30
98
2
15
6
1
0
1
0
37
4
39
9
0
2
411
6
150
12
17
6
0
14
65
19
163
0
13
228
3
2
45
88
0
4
7
60
1
212
13
4
63
5
624
0
12
62
0
20
2
22
26
0
8
340
2
38
35
2
0
28
137
69
36
1
28
1
46
105
97
35
1
1
540
94
0
12
30
257
2
43
502
11
7
80
0
5
6
650
10
19
1
16
131
137
113
1
1
3
7
16
7
2
2
6
34
15
1
0
13
8
108
1
4
3
0
44
5
0
382
109
48
76
4
7
11
5
267
5
32
1
0
178
70
12
50
136
222
21
58
2
143
71
285
77
19
226
1
248
158
1
48
12
10
14
42
9
0
0
0
764
0
76
46
24
155
60
57
70
3
17
125
28
15
7
4
262
13
187
12
27
48
16
8
14
43
10
1
0
7
1
27
239
3
13
1
52
10
61
0
3
13
160
4
8
356
8
16
1
73
0
0
3
1
10
131
187
397
43
57
84
64
43
4
5
183
0
7
7
1
464
181
109
22
8
19
0
159
66
155
28
54
42
30
10
0
0
1
0
18
6
30
4
65
19
38
3
0
133
15
24
24
0
1
2
68
298
18
2
3
2
7
28
2
68
37
154
1
312
83
200
25
144
52
4
16
1
328
42
196
5
31
11
2
20
5
3
0
31
10
409
6
1
22
3
58
6
3
3
225
21
65
4
1
10
112
56
42
107
102
0
111
38
77
9
162
1
104
25
6
96
163
50
11
7
1
18
4
3
65
0
44
168
4
9
2
71
0
4
31
6
139
0
22
86
13
69
43
15
18
244
25
902
45
8
33
80
30
54
26
109
0
3
73
19
12
118
23
33
0
152
4
31
36
50
210
496
54
28
1398
3
4
510
53
171
1
11
29
74
100
0
3
5
2
18
203
12
30
15
2
166
14
4
15
48
0
33
30
18
34
17
0
3
407
0
70
53
71
3
874
21
0
115
7
52
7
34
64
0
148
106
13
3
112
105
6
31
133
43
311
14
0
0
36
13
52
9
18
0
71
7
11
12
0
34
19
0
6
7
500
101
11
339
35
22
15
166
1112
5
316
3
0
1
2
0
3
214
119
80
0
1
16
7
1
169
13
31
76
30
1
368
19
12
6
45
11
31
117
20
151
55
8
83
55
63
353
1
0
0
55
3
193
5
14
2
0
0
0
19
2
6
191
18
57
0
6
72
8
27
14
0
2
2
2
43
62
34
12
2
3
1
7
136
85
6
0
5
3
75
15
18
14
2
31
430
1
28
15
16
53
4
125
51
72
2
1
12
4
21
2
2
5
0
3
0
21
7
16
25
0
12
17
9
37
102
4
478
64
1
94
6
6
244
18
9
60
8
28
20
18
6
101
14
36
10
11
10
287
1
26
2
1
1
2
127
25
1
3
1
8
72
143
7
38
24
16
17
17
17
1
7
24
10
4
118
873
5
134
0
151
4
2
231
2
20
4
116
0
1
0
1130
1
24
0
11
68
0
69
3
21
83
266
117
6
31
51
133
1
3
1
8
1
219
105
2
109
10
14
31
35
54
8
38
23
36
2
2564
0
192
10
3
13
17
1
49
10
5
114
40
184
10
3
0
3
5
78
1
16
0
311
72
4
88
37
62
79
25
0
79
205
1
10
0
0
26
3
22
102
7
23
151
19
0
199
89
0
66
34
158
15
266
15
290
76
3
3
60
158
1
41
65
36
428
12
0
0
0
6
0
23
39
246
5
175
12
2
0
43
184
120
2
1088
17
150
381
0
110
4
7
171
2
241
344
16
2
16
0
2
9
61
31
0
25
5
28
9
21
0
0
47
28
4
2
18
1
4
14
276
41
93
6
7
23
6
3
9
1
45
40
7
2
28
24
45
361
68
2
2
0
351
3
1
11
113
132
26
21
1
15
7
43
7
2
260
37
7
40
0
32
4
1
104
452
72
0
50
4
148
44
3
0
2
166
109
3
41
102
241
13
2
82
0
68
1
9
5
19
4
5
18
1
103
205
54
7
23
4
101
0
2
2
2
15
20
65
0
11
1
1
3
7
0
180
2
0
1
0
4
1
1
50
11
74
81
18
1
16
219
397
22
132
65
140
218
0
129
10
3
16
4
7
108
25
37
9
7
13
14
5
25
13
59
231
41
202
0
0
127
287
16
12
75
23
8
132
25
245
0
154
26
61
319
6
0
58
219
0
9
1
0
187
35
321
46
269
3
7
316
93
15
0
1
17
0
176
124
0
0
25
77
5
37
405
168
23
2
137
7
35
5
25
14
11
593
124
18
6
4
0
12
0
65
820
1
124
8
9
8
1
19
0
36
2
2
76
93
22
25
1
198
211
12
19
20
0
143
26
20
773
76
5
62
1
38
344
65
48
1
2
25
7
10
0
53
242
194
2
5
12
6
24
83
59
0
1523
26
18
2
39
103
1
3
432
1
8
33
95
5
134
0
2
44
110
30
157
7
464
0
3
12
23
538
8
101
4
2156
89
7
46
115
2
172
31
10
2
3
59
15
0
1
34
1
89
6
15
171
0
53
3
22
0
14
1
3
9
38
224
0
96
1
1
13
19
83
5
6
5
49
5
20
72
61
86
63
0
0
12
28
0
11
18
216
1
1
36
9
0
3
675
6
142
162
3
199
0
40
0
2
0
4
2
11
2
43
118
4
5
82
58
27
18
67
111
3
252
25
439
93
34
30
523
199
0
0
2
36
2125
18
61
27
456
9
1
2
75
184
9
341
1
4
352
7
226
0
25
7
4
11
4
99
43
55
72
0
0
37
47
0
2
0
1
0
349
74
2
4
104
4
105
8
27
2
489
3
36
15
77
20
18
3
6
91
153
1530
1
94
145
10
0
3
5
151
1
0
0
41
24
6
435
1
60
26
4
24
0
63
183
122
10
124
14
1
4
42
423
2
1
27
57
2
32
26
0
0
533
37
4
22
5
12
147
28
0
48
1
0
97
1050
6
0
95
18
5
23
256
1
0
57
7
13
159
5
13
13
0
187
16
93
25
39
111
17
0
0
0
56
14
2
40
22
0
56
81
49
0
4
18
27
0
57
339
2
50
5
0
17
1
1385
2
184
492
174
1
35
526
240
57
6
0
23
7
2
4
179
10
0
54
13
37
4
147
1
21
16
18
6
3
25
390
212
12
52
20
101
2
99
4
45
1
1
23
4
0
37
9
0
14
43
12
6
198
342
72
10
9
25
0
65
152
5
5
2
39
36
0
0
108
169
50
109
118
3
112
29
13
2
590
2
10
30
2
43
54
191
462
22
78
132
7
5
563
34
36
13
42
0
0
21
0
60
22
12
54
241
143
95
178
0
20
110
0
272
6
6
103
16
0
23
320
90
88
13
322
4
0
0
1
20
415
10
1
1
13
11
915
71
38
4
0
119
56
16
0
0
195
19
26
10
0
31
9
177
7
168
0
1024
6
447
1
153
33
15
3
8
149
46
13
94
231
57
38
35
274
5
78
40
2
3
11
7
3
117
95
0
53
166
55
0
4
4
27
35
1
13
30
122
136
4
8
35
60
73
53
3
169
54
17
34
33
358
13
40
124
108
19
173
2
71
1
12
11
35
130
2
1
0
25
827
13
22
348
189
22
126
21
5
1
6
7
6
0
5
15
479
11
1
7
3
44
61
11
69
10
101
6
21
120
23
40
0
26
40
66
0
48
167
2
71
7
173
19
38
23
12
127
0
7
21
102
0
8
18
34
2
7
16
9
60
13
0
12
3
58
47
0
5
135
4
20
14
24
10
1
39
4
2
1
43
1
19
84
60
3
2
13
8
2
47
734
49
166
11
107
15
23
0
67
6
8
167
2
199
58
1
0
331
99
9
1
161
75
15
0
1
78
685
8
0
9
99
138
108
0
288
0
9
0
0
0
15
0
3
148
1
9
260
144
19
99
1
51
11
69
2
38
0
80
10
0
4
9
10
12
28
18
2
181
2
21
15
146
13
1
10
2
1
28
0
29
0
0
65
0
536
1
31
6
2
13
51
45
38
11
0
117
0
77
0
48
185
8
0
9
79
20
1
12
61
434
41
0
35
16
28
4
77
139
2
0
90
1
14
62
2
2
74
234
51
19
32
1
22
17
11
54
10
250
6
19
0
6
33
25
53
21
23
33
46
35
9
2
713
0
30
50
91
2
120
16
58
6
2
12
15
633
4
177
4
786
77
19
435
1
12
7
9
0
6
2
21
15
32
84
208
18
14
1
248
528
17
12
9
50
9
0
0
37
90
37
0
1
0
1
39
15
198
25
3
6
67
12
18
0
40
60
0
9
0
638
54
1
6
0
49
8
12
8
31
8
13
74
338
0
0
34
125
20
26
17
31
24
2
4
64
2
3
0
1
188
41
51
19
0
3
67
239
0
2
12
1599
17
8
1
0
16
13
138
48
0
126
9
71
32
1
8
230
122
85
10
3
0
21
801
4
61
1
81
8
204
5
94
0
1
456
219
110
84
6
17
8
101
59
15
11
0
117
166
6
14
39
110
30
