1
519
32
205
312
3
122
150
28
579
4
0
438
170
209
0
81
31
207
70
0
39
43
67
43
6
19
10
93
2
345
264
5
41
184
0
42
14
619
23
60
49
195
166
307
1
27
1
12
142
164
32
12
42
60
482
26
925
1
2
36
18
1
21
156
12
23
365
407
625
332
6
0
108
122
10
0
32
6
339
19
484
1435
258
2
391
23
5
54
398
193
3
415
37
32
104
68
22
12
10
359
13
248
48
70
0
2
117
153
14
17
27
38
3
7
102
627
27
2
120
36
0
3
1
31
111
1
54
3
0
48
95
434
16
154
6
34
164
5
39
66
314
483
52
7
187
56
19
227
35
45
63
247
6
42
81
36
49
2100
23
8
236
710
2
48
65
83
474
102
6
18
4
240
278
263
1
1598
207
100
333
10
13
5
15
21
5
0
10
54
49
3
12
14
264
176
187
357
15
123
455
131
6
55
385
70
1683
116
472
196
20
453
616
2
68
112
132
5
134
5
29
139
258
102
8
18
38
277
356
284
441
6
108
13
4
480
110
71
125
14
198
119
468
4
1948
162
713
268
989
894
3
21
12
0
13
162
41
258
0
13
328
102
90
83
430
172
664
16
255
36
40
93
30
621
18
42
381
13
47
67
7
0
2063
3
139
33
30
678
41
53
79
14
13
6
103
24
12
397
136
24
176
2
0
15
0
4
71
153
337
13
0
136
32
15
323
147
116
9
48
16
128
79
99
14
86
0
0
91
0
3
73
209
12
34
15
291
12
326
22
163
16
84
37
18
1542
211
2
22
47
11
223
37
0
1223
124
6
180
20
64
532
14
3856
2
412
10
50
16
177
713
0
5
326
200
16
34
730
323
142
5
5
6
679
2
263
18
91
251
141
5
0
63
5
89
2564
572
105
1884
5
9
143
63
16
1
87
142
9
14
82
17
28
155
195
1
129
17
77
777
0
233
47
18
134
92
252
76
2
3
1631
0
595
1137
6
513
618
43
17
64
305
18
3
15
155
381
8
211
286
0
80
6
80
9
424
18
1
106
36
16
54
43
194
250
0
5
11
2
179
397
161
3
39
3
223
19
355
35
59
55
218
309
13
1
404
18
1567
25
97
522
31
31
27
29
267
68
800
4
19
21
114
223
3
186
717
19
197
62
1709
30
4
6
42
74
2
18
856
14
106
288
38
5
55
2
2
3
9
7
386
7
15
525
169
28
936
1
19
8
630
1
29
1
5
45
1
161
11
3
372
5
2
21
403
82
56
15
13
4
9
2
0
15
10
397
190
97
239
8
84
0
9
86
38
242
77
4
8
135
0
107
29
274
166
9
557
59
163
729
1178
15
0
66
629
74
40
420
182
46
427
44
88
5
45
99
15
39
11
209
2
80
2067
0
23
5
13
218
12
57
680
70
468
2
520
18
354
6
3
799
24
26
21
11
1388
18
238
372
54
394
218
372
20
33
18
266
206
335
30
2
2
446
76
3
1
24
23
16
39
355
75
149
23
2
6
145
120
1
1
4
0
827
23
36
56
0
122
80
240
21
14
2
81
17
8
312
1
104
409
8
30
190
1
0
386
494
205
1141
246
33
27
40
101
11
20
122
42
109
20
46
107
704
100
938
0
2
23
78
14
12
17
40
424
125
40
95
4266
109
327
99
84
7
34
23
32
7
36
34
26
124
91
3896
430
750
125
34
241
0
17
3
36
104
19
0
5
50
21
1
135
299
1
15
9
11
4
53
82
2
27
3
19
83
838
9
243
4
288
5
51
273
7
1888
1
3
264
117
46
12
403
21
114
171
31
347
54
159
118
69
31
20
9
52
110
3
4
146
54
12
187
434
5
201
341
24
3
1
1
5
200
1
17
1
1665
102
2
51
17
10
18
141
10
7
6
9
134
1232
203
63
373
715
6
85
42
3
335
44
13
159
103
7
313
40
28
10
18
54
12
348
5
339
3
1095
131
47
3
2
50
1787
84
50
3
127
15
14
198
707
4
308
2
9
8
189
109
6
597
3
453
1
16
355
5
292
27
504
304
464
56
92
137
2
410
71
43
0
84
8
66
14
115
6
29
24
29
1
3
2
0
0
69
364
1
19
629
788
63
67
11
41
20
12
10
497
92
0
72
205
37
69
82
8
23
47
5
198
3
46
0
316
0
98
565
219
2
430
66
135
385
32
140
8
150
45
1
97
0
19
2
0
48
367
233
99
0
67
8
67
21
13
18
260
96
161
48
72
15
3
138
16
63
18
56
289
265
447
11
1057
99
4
1
29
45
150
149
33
29
109
138
60
33
3
2
138
16
16
2
863
155
1
13
24
72
77
16
975
7
1
43
154
9
22
194
0
65
44
33
79
22
362
170
15
13
885
27
4068
1
338
150
16
2
5
6
6
33
62
10
132
783
2
50
351
321
32
3
36
212
5
19
77
0
85
138
546
204
47
250
2
19
130
349
10
23
2
33
65
24
100
969
14
117
17
385
103
0
383
0
7
19
6
11
5
26
40
11
6
229
2
110
19
47
57
75
81
4
256
5
10
5
18
26
2
33
81
317
58
37
10
1
37
186
35
317
368
45
279
479
76
114
249
127
100
112
43
56
102
68
1199
405
8
9
1
0
667
4
41
56
121
11
7
7
7
1132
0
6
117
64
282
34
5
223
22
32
16
1
79
510
74
19
28
7
0
104
1
50
383
15
22
7
6
4
42
2
1
7
31
71
22
185
4
7
0
16
15
1057
972
47
150
640
3954
243
9
3
28
97
2
282
334
84
25
15
11
314
3
23
46
15
35
116
5
4
3
12
10
2
113
13
4
257
196
11
94
92
64
3
0
22
80
1
752
5
396
142
6
1
20
232
5
80
196
4
8
153
1112
3
847
3
127
19
36
50
76
42
5
34
167
548
0
0
4
36
124
11
114
416
31
1
9
1
19
17
31
3
24
43
7
2
24
2
1
8
0
0
279
232
0
29
13
76
8
2
176
659
247
9
100
9
53
2
206
0
0
298
2
6
39
10
302
107
17
63
2492
31
6
97
37
87
103
460
10
1
28
193
51
4
35
317
16
20
7
39
479
785
444
175
1
15
16
83
958
5
1
144
19
25
0
16
355
1
15
0
1444
355
0
2
71
2007
2
111
191
47
32
10
839
56
471
1
27
2
30
136
3
22
96
45
3
384
269
115
1064
2
1
0
20
1011
9
27
4
17
113
2
15
15
50
121
350
2
2
59
1129
30
35
41
77
3
41
0
102
247
566
21
53
188
13
2
12
43
138
72
95
3
18
255
251
49
1536
329
0
2
2
18
0
115
11
6
430
39
19
2
57
53
6
2
151
35
69
29
3562
21
89
33
115
100
116
209
9
22
443
3
1
13
5
11
20
0
280
2
11
0
16
2
0
447
10
55
6
25
243
13
143
7
14
60
1103
0
13
21
430
365
4
14
81
68
81
210
2
41
5
83
1
9
1944
95
87
333
37
3
0
9
29
26
89
307
37
152
112
5
11
2
27
27
275
13
36
14
1
126
2
18
701
1173
42
380
129
511
94
41
1125
260
2
3
31
2
72
34
185
18
231
86
35
19
110
7
137
121
190
39
516
327
5
675
573
3
1
4
1
56
31
7
25
888
32
53
2
424
73
60
71
39
368
104
83
2067
22
444
332
158
13
36
359
1155
4
65
134
0
279
3
4
312
8
8
604
6
71
63
149
37
14
369
4
69
10
5
0
605
743
96
21
79
35
33
47
21
984
42
29
86
21
12
112
3711
33
209
0
461
157
6
101
200
2
299
256
87
64
8
333
6
22
17
16
378
2067
141
2536
20
155
1
11
316
41
10
36
5
5
18
234
1
466
19
586
77
7
95
170
16
20
1
57
32
156
21
7
1
75
187
74
8
274
710
181
30
134
469
226
3
19
72
263
41
12
662
5
37
12
5
184
6
94
39
331
1
2
96
72
11
109
6
1308
456
499
804
105
53
221
67
2
1706
456
1
139
12
121
0
549
20
5
0
0
44
2
13
289
310
48
1645
720
274
1676
426
68
1609
55
385
14
0
292
28
116
877
7
39
38
2
488
7
2
17
0
0
0
276
468
0
196
281
14
23
803
56
169
72
95
8
27
1
1
150
1
1
1788
47
11
19
342
1
38
40
770
21
0
5
12
137
20
4
19
187
2
3
9
192
132
265
417
1620
13
8
148
34
164
14
1547
34
20
101
56
16
1628
609
13
44
93
67
50
28
1337
109
100
16
205
62
18
27
23
4
6
4
11
158
74
206
11
150
17
0
93
235
703
12
7
28
0
198
3
31
16
3
0
2
21
1
121
228
10
1
88
255
9
318
3
35
45
3
111
4
8
22
27
91
74
37
20
17
821
384
54
23
4
20
43
46
4
1
27
38
1626
238
49
441
5
7
221
613
226
10
266
19
358
56
27
29
0
165
0
6
1
132
48
28
532
311
298
11
144
39
16
423
4
64
7
4
86
9
4
22
10
690
1
0
270
96
4
2011
431
60
25
7
266
18
32
6
0
405
37
2
10
32
5
73
222
7
9
3
11
166
224
0
736
79
572
274
0
14
359
10
0
60
1
119
