0
387
11
651
2
112
5
472
159
31
735
210
19
131
35
26
27
1
2
205
1
13
306
2
3
21
744
9
199
192
378
185
38
238
4
16
8
1
4
353
60
999
1627
0
2
129
21
615
68
455
13
33
244
1
28
10
71
22
442
4
1269
737
2
27
96
2
28
518
112
2080
116
8
34
27
6
13
2
1610
31
234
10
28
97
26
5
40
13
1317
33
236
597
66
21
610
4
1216
20
560
434
438
119
2122
9
50
28
297
11
17
35
22
366
154
118
16
4
103
3241
39
2
115
328
1618
37
82
316
5
26
688
844
10
2027
1
2
39
36
160
26
292
406
10
792
39
1
189
75
1693
187
332
2
10
2
21
41
1484
4
387
851
115
15
1231
41
226
11
494
320
19
744
193
11
342
224
7
29
436
7
435
22
40
96
21
96
182
4
2
608
143
156
433
29
269
217
42
37
0
41
347
56
345
8
69
43
2114
73
319
2
597
20
443
19
1162
3
22
60
65
27
111
51
21
1077
1094
39
1627
3143
11
304
382
18
32
3
59
3
1504
2
445
102
197
15
429
10
36
16
187
28
25
1
12
655
7
1062
70
1341
55
89
80
315
186
20
94
0
26
67
280
1195
53
11
20
68
47
57
1216
23
32
38
508
662
6
73
230
26
196
31
60
32
338
61
419
125
391
351
16
1093
3005
507
407
324
738
425
5
33
620
128
889
28
290
729
42
33
32
1
13
40
7
11
59
31
23
43
37
1405
170
6
38
10
194
22
5
783
119
2
54
64
3
638
28
68
26
7
2
13
981
615
73
613
1639
10
1769
9
211
37
1104
32
116
60
21
1
266
588
801
215
1019
959
307
43
2
55
20
388
13
731
45
3531
169
5
502
5
51
447
1560
42
316
22
174
2
353
52
328
186
118
1604
371
481
342
20
14
33
721
999
345
153
16
1065
32
20
257
25
505
1334
26
161
21
3127
262
1544
10
498
441
2
204
230
2
55
507
154
4109
110
529
10
17
8
33
442
69
13
3
120
6
14
30
231
69
741
2
209
10
445
606
181
16
180
5
35
26
433
1155
544
29
687
4
170
170
2
1550
22
10
75
281
28
102
389
2
6
525
1519
3137
29
328
39
19
200
342
4
20
40
1575
1215
4286
28
7
167
4
102
318
515
1
94
42
178
55
409
488
38
1
7
40
87
388
360
11
64
64
1047
223
29
14
5
2
717
1
1
63
16
81
4
19
444
26
1592
2082
40
38
33
13
174
41
4
1531
2
1562
50
1095
62
10
289
1509
6
3
74
3
837
15
524
21
74
63
18
323
38
2
38
16
740
29
450
860
11
31
2
10
636
344
11
159
346
107
21
9
60
27
1605
171
381
35
118
735
16
11
116
884
21
4
29
534
107
243
60
333
4
42
27
39
159
353
16
33
1600
295
1224
1
113
518
10
27
735
320
1477
320
26
9
6
553
353
32
26
1629
127
2
4
10
1586
228
9
2
603
22
708
149
3
63
609
19
234
3274
315
36
69
492
9
88
2
193
2
5
514
13
205
283
30
60
70
156
63
527
4
1
4427
37
55
611
63
407
1152
98
11
383
297
52
28
230
982
181
179
833
715
12
2
5
1611
437
3181
282
2070
520
16
860
409
3
66
1047
4
643
95
16
17
18
1107
29
5
10
26
3
26
761
12
110
46
16
1020
519
11
55
619
11
124
2
13
240
300
37
31
4
1648
1558
5
2
3
21
38
345
346
187
210
49
3
27
161
120
71
448
123
31
10
97
1639
1633
63
109
261
26
1195
315
224
3
65
17
28
235
170
3
7
40
188
120
3897
42
5
75
234
1701
321
94
11
329
4
667
1196
4
3
340
354
8
63
27
988
27
6
26
1302
343
3
1
2567
1604
37
396
3022
350
783
629
1075
5
882
613
2
435
22
110
56
19
129
14
472
31
56
1
2921
1026
238
121
203
19
1038
26
223
60
235
483
540
655
15
1018
1724
159
3183
2
7
99
162
109
65
46
24
179
18
2
812
61
1
891
43
0
45
33
6
16
628
484
1605
38
11
124
1546
22
189
795
75
595
67
1
51
20
3180
448
1522
25
9
264
186
31
63
567
18
294
828
233
40
722
605
452
20
228
1
27
1519
26
22
300
1
1
228
63
7
263
765
56
17
26
33
71
598
320
181
176
11
27
9
12
7
391
995
5
1339
3
27
97
345
34
19
9
3
196
2
393
26
21
1107
471
8
309
1049
95
50
117
19
6
1119
59
332
430
3
4
1328
75
441
292
205
69
10
1193
72
444
611
692
305
332
520
182
32
38
189
390
0
61
22
288
6
25
13
33
205
4
20
490
9
8
179
311
27
1
3
2050
171
29
1
24
16
29
0
10
356
117
175
334
1621
537
358
56
2145
104
42
122
96
3724
102
14
18
24
4
440
7
1
3036
12
1605
352
999
41
21
2690
435
26
60
37
56
80
858
26
29
0
8
238
495
21
10
180
27
618
130
316
230
13
397
341
13
1237
438
18
704
303
14
7
345
15
355
726
4
26
26
786
272
350
702
96
12
1598
12
14
59
958
10
31
38
210
307
19
349
3
24
383
26
11
295
31
241
38
62
595
382
27
1519
474
15
7
2
1087
598
344
477
4
732
31
382
34
50
5
29
61
56
328
488
2
177
70
29
60
444
1480
965
191
1795
16
347
46
25
16
383
3798
8
17
24
4
129
449
46
50
40
185
33
1
293
564
5
259
26
57
612
3419
38
24
197
28
254
102
22
1865
9
12
719
492
1
121
214
3
14
46
1609
27
9
1096
321
1388
61
236
19
623
19
18
74
7
96
1106
402
27
61
901
53
534
4
80
16
32
6
38
1
65
63
717
67
718
1035
3
159
242
4215
825
16
70
468
13
237
3640
15
82
11
299
80
59
111
1636
990
3565
81
522
350
439
285
37
81
460
516
4
60
81
1178
355
1771
65
30
288
387
450
63
599
121
189
649
862
631
2069
447
4
17
26
202
16
171
535
30
38
132
318
294
1599
42
3
10
81
2
110
1184
708
162
737
982
589
2
26
613
17
182
795
98
460
1374
32
2
959
3267
430
241
58
36
51
1334
188
1
104
76
38
1604
308
1802
14
21
482
1626
1439
229
173
396
59
60
39
1
40
384
26
7
191
1
2
205
252
2
352
10
15
337
430
80
1613
97
56
7
287
41
74
2
446
478
621
9
53
36
15
687
673
20
81
30
478
19
494
239
11
94
12
27
307
238
59
326
490
6
10
4
353
62
227
245
50
18
21
433
1633
13
11
206
157
60
10
176
60
52
172
35
7
615
173
342
448
7
18
7
8
1523
26
1
472
1639
14
25
21
2
62
104
5
314
9
52
520
1863
3056
794
25
349
5
16
184
352
186
15
7
95
475
231
1256
167
1
433
11
75
235
47
28
441
39
430
802
2328
25
16
11
801
21
104
24
1
49
347
235
398
4
322
10
10
37
406
54
310
16
108
1894
383
186
116
1556
26
437
342
1022
50
197
19
1633
440
182
230
717
18
1
618
192
2130
41
26
356
328
21
13
1229
62
498
72
1
95
207
2
37
95
25
28
125
474
1207
43
207
2
75
10
30
326
2084
51
18
722
16
296
10
9
21
4
10
1607
46
176
17
51
384
7
1
154
16
33
2
1636
24
66
55
10
40
1603
34
52
41
117
20
317
794
10
862
4
472
198
310
16
56
63
363
486
7
57
40
29
223
18
208
1743
55
27
8
55
154
81
8
162
422
769
1543
189
1898
59
39
69
342
21
1604
46
508
11
41
444
26
41
178
1
38
324
29
69
768
5
35
99
38
387
29
55
6
34
5
7
941
26
5
3
1
258
46
14
1561
191
18
161
328
4
15
2
44
390
5
26
909
41
655
778
213
189
444
618
657
81
458
342
179
117
1382
32
20
1531
799
14
1191
16
516
358
52
349
48
181
330
26
226
52
124
752
128
298
10
12
2
8
3
536
36
31
26
126
1621
26
1231
309
161
239
8
228
721
1173
248
26
8
13
29
6
1073
3192
32
15
1297
1105
2
784
20
1
2
29
239
52
86
9
750
490
19
7
30
68
749
578
1627
2
3392
805
69
335
54
26
52
23
118
190
36
1638
41
341
63
44
7
288
105
120
8
96
10
521
36
22
262
444
172
55
16
54
11
509
3288
12
3
17
156
470
302
218
622
758
458
2
1606
36
1546
665
619
22
995
7
130
10
352
2092
1615
44
1
276
1289
59
2
33
103
123
187
1639
15
22
4485
231
1631
1423
10
1379
20
50
1603
1724
966
49
665
915
42
1567
17
2
889
214
1
28
27
1038
2
5
220
384
154
227
1156
81
14
21
1
227
483
4
437
4
371
0
10
3
231
1610
15
161
12
110
25
34
712
3
346
3
571
155
36
4020
41
61
75
11
98
38
10
29
20
213
714
188
384
17
464
55
2208
236
306
37
2
19
227
39
196
24
42
127
2
1223
3
22
67
470
293
1641
41
19
25
21
196
31
25
5
28
19
700
307
451
834
17
349
609
239
14
56
661
977
22
10
12
74
4094
743
662
220
16
31
129
203
884
16
13
117
174
17
34
39
360
430
60
6
16
33
2
32
179
1
88
309
241
240
31
29
444
9
27
161
2072
680
16
17
16
111
26
1
415
1060
2261
556
122
1040
224
479
12
3197
824
174
28
56
435
119
945
90
4
21
29
419
721
428
