1
3
8
9
10
12
16
17
26
29
30
31
38
39
40
41
42
45
50
54
57
58
60
62
63
67
68
70
72
74
77
82
83
85
87
88
89
90
91
94
97
101
103
108
110
112
113
115
118
119
120
123
125
126
128
130
132
133
134
136
139
140
141
142
145
146
147
152
157
159
162
163
167
168
169
170
175
179
180
181
182
183
185
187
188
191
196
197
200
201
204
205
206
207
211
212
214
215
216
217
218
224
226
227
229
230
234
236
239
240
243
247
248
253
255
258
259
260
262
264
276
278
279
280
285
287
288
293
295
297
299
303
307
310
313
317
322
323
325
343
344
347
348
349
350
353
357
360
363
366
368
370
371
376
379
383
388
389
393
394
403
416
417
418
425
427
428
431
432
433
435
438
439
445
449
450
451
457
463
464
465
468
471
474
475
479
480
481
482
483
494
500
501
504
505
506
510
513
517
519
522
525
527
533
538
540
544
545
546
548
549
550
551
553
555
558
559
563
565
566
569
574
576
579
588
590
593
594
596
599
600
601
604
609
610
612
616
627
628
629
634
635
637
638
640
642
645
646
650
651
652
658
661
663
665
672
673
676
679
680
683
685
694
695
696
699
703
704
707
708
710
711
712
717
719
724
727
734
735
736
737
739
741
747
750
753
758
759
760
762
770
773
774
775
777
778
779
780
781
782
785
788
789
792
795
796
797
798
804
805
806
808
815
821
822
823
824
825
826
827
836
837
840
848
850
853
854
855
856
857
858
859
860
862
865
869
875
878
884
888
889
891
892
898
904
908
913
917
918
920
921
922
924
927
929
930
932
936
941
943
948
954
956
957
960
961
968
969
973
975
980
983
999
1003
1011
1015
1022
1024
1025
1028
1029
1030
1031
1034
1038
1043
1044
1051
1052
1056
1060
1062
1063
1064
1065
1072
1073
1074
1076
1077
1082
1084
1085
1086
1091
1093
1097
1098
1103
1106
1107
1126
1129
1132
1133
1145
1150
1152
1154
1159
1160
1161
1162
1164
1165
1167
1169
1172
1176
1178
1179
1180
1181
1184
1186
1190
1198
1200
1206
1209
1211
1212
1213
1219
1227
1229
1230
1231
1235
1237
1250
1251
1258
1260
1272
1276
1279
1287
1288
1293
1297
1299
1308
1310
1312
1319
1323
1327
1328
1329
1331
1343
1347
1348
1349
1351
1353
1359
1362
1378
1379
1380
1381
1386
1394
1395
1401
1403
1404
1410
1429
1430
1433
1434
1441
1443
1444
1449
1450
1451
1463
1467
1472
1473
1474
1479
1480
1485
1487
1490
1492
1498
1500
1503
1505
1506
1507
1512
1521
1522
1526
1528
1541
1544
1545
1551
1552
1560
1562
1563
1572
1579
1580
1581
1584
1596
1599
1600
1603
1613
1619
1622
1625
1629
1636
1637
1639
1640
1644
1647
1668
1677
1678
1679
1683
1684
1692
1697
1705
1708
1709
1710
1712
1714
1716
1720
1723
1729
1731
1733
1736
1738
1739
1744
1746
1747
1749
1753
1758
1766
1770
1771
1774
1789
1792
1794
1795
1802
1808
1809
1810
1811
1818
1828
1835
1841
1844
1853
1856
1880
1881
1890
1900
1902
1904
1909
1918
1919
1920
1923
1925
1932
1933
1938
1939
1944
1947
1948
1950
1951
1959
1961
1969
1974
1977
1980
1982
1986
1989
1997
2004
2006
2009
2011
2017
2024
2027
2028
2030
2032
2033
2036
2037
2039
2041
2045
2047
2048
2064
2065
2066
2067
2070
2073
2076
2083
2085
2092
2098
2099
2109
2114
2115
2124
2129
2132
2134
2136
2144
2150
2157
2165
2167
2174
2176
2177
2190
2196
2197
2198
2199
2202
2205
2211
2219
2223
2238
2246
2247
2249
2254
2256
2260
2266
2268
2269
2270
2277
2300
2308
2315
2316
2321
2322
2323
2328
2329
2338
2341
2344
2354
2355
2359
2365
2366
2368
2369
2370
2373
2376
2385
2390
2394
2397
2399
2403
2407
2414
2416
2417
2422
2424
2429
2434
2435
2436
2438
2444
2448
2450
2477
2487
2489
2491
2492
2493
2496
2499
2501
2507
2508
2514
2515
2517
2518
2521
2523
2526
2527
2536
2539
2543
2545
2546
2547
2549
2552
2556
2557
2559
2561
2565
2567
2568
2569
2570
2571
2575
2581
2582
2583
2587
2590
2593
2595
2598
2601
2604
2605
2608
2609
2610
2615
2619
2622
2623
2624
2625
2628
2637
2640
2641
2643
2644
2645
2646
2647
2648
2649
2651
2656
2660
2661
2662
2663
2664
2666
2668
2669
2670
2671
2677
2678
2680
2681
2682
2683
2691
2692
2694
2696
2700
2710
2711
2712
2714
2715
2717
2722
2724
2725
2727
2729
2731
2732
2733
2734
2746
2747
2749
2755
2757
2758
2761
2763
2766
2775
2777
2778
2780
2781
2782
2786
2790
2792
2793
2795
2796
2798
2800
2807
2808
2809
2819
2824
2827
2828
2833
2839
2840
2843
2846
2848
2850
2852
2853
2854
2856
2859
2861
2868
2871
2878
2879
2882
2884
2885
2892
2893
2895
2898
2899
2901
2902
2903
2904
2906
2907
2912
2914
2915
2921
2922
2928
2934
2939
2941
2946
2950
2954
2955
2959
2961
2962
2965
2976
2977
2978
2982
2984
2989
2992
2994
2997
3002
3006
3007
3008
3013
3014
3016
3018
3022
3029
3030
3033
3037
3046
3049
3051
3052
3057
3058
3060
3061
3064
3065
3079
3083
3091
3097
3100
3102
3103
3109
3110
3111
3113
3116
3118
3120
3124
3125
3126
3127
3133
3139
3142
3150
3153
3156
3157
3158
3161
3162
3163
3165
3166
3168
3169
3170
3171
3174
3176
3183
3184
3186
3187
3193
3206
3207
3211
3214
3216
3217
3224
3232
3237
3239
3242
3244
3248
3250
3251
3253
3256
3261
3263
3264
3265
3267
3268
3270
3274
3275
3278
3281
3285
3287
3288
3289
3291
3298
3301
3302
3309
3311
3313
3314
3315
3317
3322
3324
3326
3328
3331
3337
3341
3343
3344
3346
3347
3348
3351
3354
3368
3372
3373
3375
3376
3378
3383
3386
3396
3397
3398
3402
3403
3411
3412
3416
3418
3419
3420
3423
3424
3426
3428
3430
3432
3436
3446
3450
3456
3459
3461
3463
3465
3468
3469
3470
3471
3477
3478
3479
3483
3486
3487
3488
3489
3491
3494
3503
3506
3507
3509
3510
3513
3521
3525
3527
3530
3532
3533
3538
3543
3545
3549
3552
3553
3554
3555
3559
3560
3562
3563
3564
3565
3570
3573
3574
3576
3578
3579
3580
3581
3582
3583
3585
3590
3593
3594
3595
3596
3598
3600
3601
3603
3604
3605
3606
3607
3609
3610
3612
3613
3614
3619
3621
3622
3623
3624
3625
3626
3630
3632
3634
3639
3641
3646
3648
3649
3650
3651
3658
3661
3665
3667
3672
3673
3676
3679
3680
3681
3683
3695
3703
3704
3705
3706
3708
3709
3713
3720
3723
3725
3729
3734
3735
3737
3740
3742
3746
3750
3752
3753
3754
3757
3760
3763
3764
3766
3768
3771
3774
3776
3777
3778
3785
3786
3790
3791
3795
3799
3801
3802
3803
3804
3808
3813
3814
3815
3818
3819
3820
3822
3827
3830
3831
3833
3834
3837
3839
3841
3844
3850
3854
3860
3864
3865
3867
3869
3870
3879
3881
3886
3897
3898
3899
3900
3901
3912
3922
3927
3931
3934
3937
3938
3941
3943
3945
3946
3953
3956
3958
3962
3964
3967
3968
3970
3972
3979
3981
3984
3988
3989
3993
3997
4005
4006
4008
4010
4013
4018
4020
4021
4022
4023
4024
4027
4033
4035
4036
4042
4043
4046
4054
4056
4066
4071
4072
4079
4082
4088
4098
4103
4104
4106
4107
4112
4118
4122
4127
4131
4133
4134
4142
4147
4148
4152
4153
4155
4157
4159
4160
4163
4166
4169
4172
4176
4178
4179
4180
4184
4185
4186
4191
4196
4199
4202
4205
4212
4215
4217
4220
4224
4232
4238
4239
4242
4243
4250
4251
4252
4253
4254
4256
4258
4262
4264
4265
4266
4267
4268
4269
4270
4273
4274
4275
4278
4294
4298
4299
4303
4308
4310
4311
4324
4330
4336
4345
4352
4353
4358
4359
4364
4369
4374
4378
4381
4383
4387
4388
4389
4390
4402
4405
4414
4420
4421
4424
4425
4426
4430
4435
4439
4441
4444
4446
4447
4451
4455
4474
4477
4479
4480
4484
4486
4487
4491
4495
4497
4502
4504
4511
4513
4531
4535
4536
4545
4555
4556
4560
4561
4562
4563
4565
4566
4567
4571
4574
4575
4577
4578
4582
4591
4597
4601
4602
4603
4604
4605
4612
4613
4615
4618
4621
4622
4625
4628
4630
4634
4640
4642
4644
4651
4659
4660
4662
4666
4670
4676
4689
4693
4695
4698
4707
4708
4709
4710
4712
4716
4717
4719
4724
4726
4727
4734
4742
4744
4747
4751
4753
4765
4766
4774
4787
4802
4803
4812
4814
4816
4817
4821
4827
4828
4830
4831
4835
4839
4846
4850
4851
4859
4863
4864
4878
4881
4882
4883
4887
4888
4896
4907
4910
4912
4913
4919
4920
4922
4923
4927
4941
4953
4955
4957
4960
4961
4962
4963
4967
4969
4971
4975
4983
4988
4993
4994
5001
5005
5006
5009
5029
5035
5036
5045
5047
5051
5052
5055
5071
5074
5075
5076
5079
5082
5084
5090
5102
5105
5110
5111
5114
5116
5120
5146
5148
5159
5160
5167
5169
5172
5179
5187
5189
5193
5214
5231
5235
5243
5245
5247
5250
5252
5263
5265
5272
5273
5276
5279
5282
5287
5307
5309
5312
5316
5321
5326
5330
5331
5332
5333
5334
5340
5352
5358
5359
5361
5367
5369
5370
5377
5379
5382
5389
5395
5400
5409
5412
5421
5425
5431
5432
5433
5438
5439
5446
5451
5453
5459
5464
5466
5470
5471
5475
5476
5488
5492
5498
5505
5508
5511
5512
5515
5517
5519
5521
5523
5524
5529
5531
5534
5536
5544
5546
5549
5551
5555
5556
5558
5559
5560
5563
5566
5572
5573
5579
5580
5582
5583
5587
5593
5598
5602
5603
5605
5606
5618
5640
5649
5651
5652
5653
5654
5664
5668
5675
5679
5680
5689
5697
5702
5706
5708
5719
5720
5726
5732
5733
5734
5743
5745
5750
5759
5765
5766
5769
5778
5790
5793
5795
5796
5804
5805
5806
5810
5814
5830
5833
5835
5836
5837
5843
5848
5851
5855
5859
5861
5862
5867
5869
5875
5876
5878
5884
5885
5888
5901
5903
5905
5915
5918
5927
5942
5947
5956
5959
5960
5965
5968
5976
5981
5985
5999
6000
6011
6013
6015
6016
6021
6022
6026
6036
6037
6039
6041
6043
6045
6050
6054
6056
6059
6061
6063
6072
6076
6080
6091
6092
6093
6095
6096
6098
6103
6108
6111
6114
6137
6142
6157
6159
6162
6163
6172
6173
6179
6183
6185
6186
6189
6193
6199
6204
6212
6213
6214
6219
6254
6255
6263
6267
6272
6276
6283
6284
6287
6289
6290
6291
6293
6295
6297
6299
6300
6303
6306
6311
6314
6322
6337
6343
6351
6352
6353
6357
6359
6360
6361
6370
6372
6373
6389
6391
6392
6393
6411
6412
6413
6414
6416
6418
6420
6424
6425
6427
6432
6433
6441
6446
6447
6455
6457
6458
6461
6473
6474
6479
6480
6481
6491
6500
6507
6518
6530
6531
6535
6537
6539
6542
6544
6549
6550
6552
6553
6556
6560
6561
6564
6565
6566
6576
6578
6584
6586
6587
6592
6593
6599
6601
6610
6612
6616
6618
6624
6653
6656
6658
6660
6665
6668
6671
6672
6673
6687
6689
6702
6705
6706
6713
6717
6718
6719
6722
6729
6751
6767
6772
6787
6791
6792
6796
6800
6801
6805
6807
6812
6814
6815
6818
6826
6833
6837
6841
6844
6857
6865
6869
6870
6874
6880
6883
6884
6885
6889
6894
6900
6911
6913
6914
6915
6922
6926
6935
6941
6942
6950
6953
6957
6962
6969
6970
6972
6974
6990
6994
6995
6999
7005
7006
7012
7027
7035
7038
7040
7042
7045
7046
7049
7054
7061
7072
7079
7083
7089
7097
7101
7102
7110
7112
7116
7117
7126
7129
7135
7137
7141
7148
7153
7176
7177
7184
7186
7189
7194
7203
7207
7209
7213
7216
7220
7224
7226
7232
7235
7239
7242
7245
7254
7256
7257
7285
7286
7289
7291
7292
7298
7307
7314
7318
7321
7322
7326
7333
7340
7342
7349
7354
7357
7358
7360
7365
7366
7375
7382
7384
7385
7386
7394
7403
7405
7406
7416
7418
7419
7438
7439
7441
7442
7444
7446
7451
7461
7463
7470
7472
7476
7478
7480
7486
7497
7507
7508
7513
7514
7519
7525
7529
7531
7532
7533
7538
7551
7552
7553
7557
7562
7569
7570
7571
7572
7573
7576
7578
7582
7583
7587
7588
7592
7594
7598
7604
7614
7615
7617
7620
7621
7627
7630
7633
7635
7636
7637
7638
7641
7642
7645
7646
7647
7655
7657
7664
7665
7666
7669
7670
7682
7689
7690
7695
7700
7706
7707
7708
7720
7727
7730
7739
7746
7750
7751
7759
7760
7761
7766
7772
7774
7780
7783
7785
7794
7802
7804
7806
7807
7810
7812
7814
7816
7819
7820
7825
7834
7836
7837
7838
7847
7852
7856
7862
7865
7868
7870
7874
7881
7886
7887
7891
7898
7899
7902
7907
7908
7911
7915
7922
7923
7925
7928
7929
7940
7944
7946
7954
7956
7962
7964
7970
7971
7981
7992
7993
7994
8008
8009
8024
8025
8034
8041
8042
8049
8051
8053
8054
8060
8062
8065
8074
8080
8081
8084
8089
8090
8091
8092
8099
8101
8102
8110
8112
8118
8129
8131
8137
8141
8142
8146
8147
8150
8153
8157
8159
8161
8164
8170
8181
8194
8195
8196
8199
8201
8209
8211
8215
8227
8228
8229
8233
8234
8246
8251
8252
8253
8270
8281
8282
8287
8309
8314
8318
8322
8330
8331
8335
8341
8342
8343
8345
8348
8349
8354
8357
8359
8360
8362
8366
8368
8370
8371
8372
8381
8392
8400
8406
8409
8410
8412
8424
8435
8437
8440
8455
8460
8461
8462
8470
8471
8472
8481
8482
8488
8489
8500
8505
8511
8536
8537
8541
8542
8564
8567
8568
8577
8578
8579
8584
8588
8599
8600
8603
8605
8606
8608
8612
8614
8616
8627
8628
8629
8648
8659
8660
8684
8705
8716
8720
8732
8733
8741
8746
8753
8755
8758
8760
8764
8773
8775
8780
8789
8796
8803
8808
8812
8813
8816
8818
8826
8827
8828
8829
8830
8833
8834
8836
8837
8844
8855
8856
8857
8859
8866
8868
8876
8877
8882
8904
8910
8912
8913
8917
8920
8921
8924
8928
8932
8940
8943
8945
8946
8948
8952
8961
8970
8973
8974
8988
8991
8995
9000
9002
9013
9015
9025
9037
9044
9047
9048
9062
9066
9069
9076
9077
9078
9080
9083
9086
9091
9095
9096
9101
9102
9106
9108
9111
9130
9140
9143
9148
9149
9150
9164
9189
9191
9195
9207
9208
9210
9211
9212
9215
9216
9217
9218
9235
9237
9239
9240
9243
9249
9250
9252
9254
9255
9256
9263
9271
9272
9276
9277
9279
9280
9283
9286
9287
9288
9295
9296
9299
9301
9305
9315
9326
9330
9338
9351
9359
9362
9373
9383
9384
9385
9391
9392
9396
9412
9417
9420
9423
9429
9432
9441
9445
9459
9467
9476
9494
9497
9510
9523
9525
9528
9529
9530
9540
9543
9550
9556
9558
9561
9563
9565
9569
9571
9576
9583
9593
9594
9608
9613
9615
9619
9624
9652
9653
9666
9668
9669
9672
9682
9687
9691
9693
9695
9704
9715
9717
9718
9728
9740
9753
9758
9759
9764
9766
9776
9777
9781
9789
9802
9810
9811
9815
9821
9832
9833
9835
9847
9848
9860
9881
9884
9886
9890
9894
9896
9903
9911
9913
9916
9920
9921
9922
9934
9945
9946
9975
9980
9981
9982
9990
9994
10008
10009
10023
10029
10034
10038
10044
10046
10055
10056
10062
10063
10064
10074
10078
10085
10091
10120
10122
10131
10154
10164
10169
10180
10181
10186
10189
10202
10227
10232
10237
10244
10245
10256
10259
10262
10266
10272
10301
10317
10334
10335
10347
10358
10380
10381
10388
10413
10426
10434
10435
10439
10459
10466
10467
10468
10475
10479
10480
10485
10486
10494
10495
10513
10517
10519
10521
10523
10543
10556
10560
10562
10572
10585
10594
10604
10610
10621
10636
10644
10651
10653
10670
10674
10704
10708
10710
10715
10720
10728
10731
10733
10749
10751
10759
10761
10763
10771
10772
10775
10776
10782
10784
10785
10788
10789
10790
10791
10808
10809
10832
10833
10838
10846
10872
10875
10881
10889
10898
10912
10917
10935
10942
10944
10945
10961
10964
10968
10983
10987
11008
11043
11044
11082
11094
11098
11116
11120
11125
11131
11132
11139
11141
11144
11145
11146
11148
11153
11157
11164
11181
11182
11194
11218
11251
11255
11256
11275
11276
11300
11314
11316
11323
11326
11342
11344
11352
11353
11358
11360
11383
11400
11402
11406
11411
11417
11418
11425
11438
11439
11444
11448
11451
11460
11464
11500
11502
11517
11533
11538
11547
11553
11556
11564
11566
11571
11574
11577
11578
11580
11583
11590
11619
11621
11631
11639
11640
11642
11670
11685
11710
11715
11716
11723
11744
11751
11758
11780
11782
11790
11799
11808
11814
11818
11837
11847
11849
11873
11881
11887
11891
11903
11930
11941
11983
12008
12011
12014
12047
12060
12067
12079
12081
12083
12087
12100
12117
12122
12124
12128
12138
12140
12145
12146
12149
12150
12157
12158
12169
12182
12190
12194
12203
12207
12210
12212
12227
12233
12252
12262
12263
12264
12277
12296
12297
12299
12310
12316
12322
12354
12355
12359
12362
12405
12406
12413
12429
12433
12482
12499
12506
12508
12511
12515
12521
12532
12537
12555
12562
12563
12564
12568
12571
12576
12582
12584
12587
12594
12605
12610
12626
12638
12676
12680
12682
12738
12741
12756
12764
12784
12785
12799
12803
12826
12833
12863
12870
12876
12891
12902
12914
12915
12919
12925
12926
12930
12946
12950
12954
12960
12962
12963
12965
12970
12975
12977
12983
12991
13019
13062
13068
13092
13101
13103
13124
13131
13156
13162
13169
13190
13209
13212
13216
13227
13235
13236
13238
13255
13260
13263
13267
13281
13289
13291
13298
13300
13301
13313
13318
13329
13339
13415
13419
13426
13429
13431
13433
13440
13454
13485
13486
13488
13491
13495
13517
13520
13536
13545
13548
13562
13566
13583
13584
13586
13610
13616
13629
13639
13645
13648
13650
13654
13663
13664
13685
13689
13690
13691
13718
13740
13749
13760
13770
13807
13809
13848
13854
13856
13877
13881
13890
13893
13897
13903
13915
13917
13919
13938
13942
13975
13978
13980
14006
14032
14039
14077
14089
14103
14112
14117
14123
14124
14165
14174
14208
14219
14226
14265
14279
14306
14329
14359
14386
14413
14426
14447
14529
14534
14536
14557
14561
14574
14608
14619
14626
14627
14638
14650
14664
14669
14676
14726
14734
14740
14746
14765
14766
14768
14798
14803
14811
14813
14827
14830
14832
14841
14849
14852
14877
14878
14901
14904
14918
14932
14939
14947
14966
14968
14976
14978
15000
15001
15010
15033
15051
15071
15072
15086
15141
15142
15161
15180
15186
15193
15208
15213
15228
15243
15249
15273
15275
15293
15319
15340
15344
15346
15373
15409
15427
15444
15478
15507
15549
15557
15559
15571
15591
15597
15599
15634
15642
15646
15648
15650
15742
15745
15767
15881
15914
15980
15981
15983
16035
16087
16089
16099
16112
16116
16152
16155
16173
16193
16196
16214
16220
16238
16241
16265
16281
16320
16356
16357
16372
16373
16386
16389
16390
16397
16399
16429
16439
16443
16446
16450
16494
16524
16525
16548
16556
16575
16576
16577
16597
16609
16611
16620
16625
16647
16678
16695
16704
16705
16710
16734
16752
16763
16792
16807
16808
16830
16835
16892
16946
17097
17105
17122
17169
17248
17251
17253
17257
17265
17266
17268
17270
17275
17285
17286
17293
17299
17309
17412
17420
17471
17472
17490
17493
17508
17514
17515
17539
17573
17596
17654
17661
17779
17802
17821
17857
17867
17878
17931
18008
18042
18057
18063
18065
18066
18091
18095
18105
18106
18107
18112
18114
18118
18119
18121
18123
18125
18127
18128
18129
18133
18135
18139
18140
18141
18142
18143
18144
18153
18170
18171
18173
18176
18177
18181
18182
18183
18184
18187
18194
18196
18212
18213
18219
18220
18221
18222
18225
18227
18228
18230
18262
18263
18266
18269
18283
18286
18298
18315
18318
18346
18351
18367
18391
18404
18410
18425
18464
18483
18485
18503
18550
18553
18556
18563
18569
18595
18617
18624
18672
18678
18694
18698
18704
18709
18711
18727
18761
18768
18811
18812
18827
18829
18847
18863
18878
18890
18891
18927
18977
18983
18996
19035
19130
19222
19269
19334
19351
19383
19441
19485
19659
19721
19754
19850
