112
259
50
600
242
234
102
226
102
31
207
129
70
471
348
275
243
404
77
174
51
193
268
145
450
257
496
243
144
286
224
421
201
412
163
88
286
273
160
465
164
233
349
360
254
259
112
133
217
313
138
261
137
225
39
145
402
293
265
389
242
386
263
114
353
217
79
175
76
233
82
434
244
124
124
516
150
307
379
245
300
263
285
129
213
219
215
437
80
301
260
433
89
122
240
246
134
267
94
231
126
264
130
146
51
267
221
229
315
390
295
345
281
94
203
274
138
294
290
96
314
321
364
356
228
250
328
152
322
258
304
336
104
124
237
371
358
243
314
95
238
268
274
112
241
481
245
268
204
222
95
404
454
225
294
156
249
125
115
106
143
281
356
340
252
78
82
224
33
136
398
234
323
299
286
382
191
250
447
34
326
235
167
236
205
48
273
136
260
363
236
421
424
322
119
282
283
220
297
105
111
460
287
75
295
246
252
329
345
396
351
235
176
502
280
109
209
275
218
413
176
131
259
196
240
384
365
126
353
67
405
107
283
495
494
331
313
358
217
140
218
240
279
339
325
256
269
431
439
256
324
415
269
127
230
239
