0
1
3
4
5
6
7
8
9
10
11
15
16
17
19
20
23
24
25
26
27
29
30
31
34
35
36
37
39
40
41
44
45
46
47
48
49
50
51
52
53
54
55
58
59
60
61
62
63
66
67
68
69
70
71
72
74
75
76
77
78
81
82
83
85
86
87
88
89
90
91
92
93
94
95
96
97
98
99
101
103
106
107
108
109
110
111
112
113
114
115
116
117
118
119
120
122
123
124
125
126
127
130
131
132
134
136
137
138
139
140
141
143
144
145
146
147
150
151
152
153
155
156
157
159
160
162
163
165
166
167
168
170
171
173
174
175
176
177
178
179
181
182
183
187
188
189
190
192
193
194
195
197
198
200
201
203
204
205
206
207
208
209
210
211
212
214
215
216
217
218
222
224
226
228
229
230
232
233
234
235
236
237
238
239
240
241
243
244
246
247
248
250
251
253
254
255
257
258
259
260
262
263
264
268
270
271
272
273
274
275
276
278
279
280
282
283
285
286
287
288
290
293
295
296
297
298
299
300
302
303
304
305
307
308
310
311
312
313
317
318
320
321
322
323
325
326
327
330
333
334
338
339
344
345
346
347
349
350
351
352
354
356
358
359
360
362
363
365
366
369
370
372
373
374
375
376
377
378
379
381
383
386
387
388
389
391
393
394
395
396
401
402
403
404
405
408
409
410
412
413
417
418
420
422
423
424
425
426
427
428
429
431
432
433
434
435
437
438
439
440
441
442
445
446
448
450
451
452
454
456
457
458
459
463
464
465
469
470
473
474
475
476
479
480
481
482
483
484
488
490
492
493
494
495
500
501
502
503
504
505
506
508
510
511
512
513
514
515
517
518
519
521
525
526
527
529
530
533
534
537
538
539
540
541
542
543
546
548
549
551
552
553
554
555
556
557
558
559
561
563
564
565
566
567
569
572
573
576
579
580
581
582
585
587
588
589
590
592
593
594
595
596
597
598
599
600
601
602
604
607
608
609
610
611
612
614
615
616
617
618
619
622
625
626
628
629
631
632
634
635
636
638
640
641
642
645
646
648
650
651
652
653
656
658
659
660
661
662
663
664
665
666
667
668
670
671
672
673
674
675
676
678
679
680
681
682
683
684
685
687
690
691
692
693
694
695
696
698
699
700
701
704
707
708
709
710
711
714
717
718
719
720
721
723
724
725
726
727
731
734
735
736
737
738
739
741
743
745
746
748
750
751
752
753
754
755
756
757
758
759
760
761
762
765
768
770
773
774
778
779
780
781
782
783
785
787
788
789
790
792
794
795
796
798
799
800
801
804
805
806
807
809
810
811
814
815
817
819
820
821
822
823
824
825
826
827
830
831
832
834
836
837
838
839
843
844
845
846
847
848
849
850
851
853
854
855
856
857
858
859
860
863
864
865
867
870
872
873
875
876
877
878
879
881
882
883
884
886
888
889
891
892
895
897
898
899
901
902
903
905
908
909
911
912
913
917
918
919
920
921
922
924
928
929
931
932
934
936
938
940
941
943
944
946
947
948
949
950
951
953
954
956
957
958
961
963
967
968
969
973
974
975
977
980
983
984
987
990
991
992
993
996
998
999
1000
1002
1004
1006
1008
1009
1012
1013
1014
1015
1016
1017
1018
1019
1020
1022
1024
1025
1027
1029
1030
1031
1032
1033
1034
1036
1037
1040
1041
1043
1045
1049
1051
1055
1056
1062
1066
1067
1069
1070
1071
1072
1073
1074
1076
1077
1078
1079
1080
1082
1083
1084
1085
1086
1088
1091
1094
1095
1097
1098
1103
1104
1105
1106
1107
1108
1109
1110
1112
1117
1118
1119
1120
1122
1124
1125
1126
1129
1132
1133
1139
1140
1143
1144
1145
1146
1149
1150
1154
1155
1156
1158
1159
1160
1161
1162
1164
1165
1166
1167
1172
1176
1179
1180
1181
1184
1187
1189
1190
1191
1198
1199
1200
1201
1204
1206
1207
1208
1209
1211
1213
1215
1217
1219
1220
1223
1225
1226
1227
1231
1234
1235
1237
1238
1244
1245
1248
1249
1250
1251
1253
1258
1259
1260
1261
1262
1271
1272
1274
1276
1277
1278
1279
1280
1286
1288
1292
1308
1312
1313
1315
1316
1321
1323
1324
1325
1326
1327
1328
1331
1334
1335
1339
1341
1344
1345
1347
1348
1349
1350
1351
1353
1354
1356
1358
1359
1362
1363
1365
1367
1369
1370
1372
1375
1378
1379
1380
1381
1383
1385
1387
1389
1390
1398
1400
1402
1403
1404
1406
1407
1408
1410
1411
1416
1419
1422
1425
1426
1427
1430
1433
1436
1443
1444
1446
1447
1450
1451
1455
1456
1457
1458
1462
1463
1464
1465
1469
1470
1472
1473
1474
1475
1476
1478
1479
1480
1481
1482
1483
1485
1487
1488
1490
1495
1496
1497
1499
1502
1503
1506
1508
1509
1512
1514
1516
1520
1521
1524
1526
1527
1528
1529
1536
1541
1545
1548
1549
1551
1552
1554
1556
1557
1558
1561
1562
1563
1565
1566
1567
1570
1571
1572
1573
1579
1580
1581
1583
1584
1587
1589
1592
1593
1595
1596
1598
1599
1600
1603
1605
1606
1608
1610
1613
1616
1618
1619
1620
1622
1623
1625
1628
1629
1632
1637
1639
1641
1642
1643
1644
1646
1647
1650
1652
1655
1656
1658
1659
1665
1668
1669
1670
1671
1674
1677
1678
1679
1680
1681
1682
1683
1685
1686
1688
1690
1692
1693
1696
1697
1699
1703
1705
1709
1710
1711
1712
1713
1714
1716
1720
1726
1729
1731
1732
1733
1736
1738
1739
1740
1744
1745
1746
1747
1748
1749
1750
1752
1756
1757
1758
1759
1760
1761
1762
1764
1766
1769
1770
1771
1772
1773
1774
1777
1778
1788
1789
1792
1794
1795
1798
1802
1805
1808
1809
1810
1811
1813
1819
1820
1821
1822
1828
1830
1832
1834
1835
1836
1837
1841
1845
1847
1848
1850
1852
1853
1856
1857
1858
1860
1867
1869
1870
1874
1876
1880
1881
1884
1885
1889
1891
1894
1895
1896
1897
1900
1902
1903
1904
1905
1906
1907
1909
1910
1911
1912
1918
1920
1922
1923
1925
1927
1933
1935
1937
1938
1942
1945
1947
1948
1950
1951
1952
1953
1956
1957
1958
1959
1960
1961
1965
1966
1968
1969
1972
1973
1976
1977
1980
1982
1985
1986
1989
1991
1996
1999
2000
2003
2004
2005
2006
2008
2009
2012
2013
2014
2016
2017
2019
2025
2027
2028
2031
2032
2033
2036
2037
2039
2040
2041
2043
2046
2047
2048
2050
2051
2052
2055
2057
2062
2064
2066
2067
2068
2070
2071
2073
2075
2076
2078
2079
2081
2085
2086
2088
2090
2091
2092
2097
2098
2099
2100
2103
2108
2109
2114
2123
2124
2128
2129
2130
2131
2132
2133
2134
2140
2143
2144
2145
2150
2154
2155
2157
2158
2160
2161
2162
2163
2164
2165
2167
2168
2174
2176
2177
2178
2179
2188
2189
2193
2194
2196
2197
2198
2199
2200
2201
2202
2204
2205
2209
2212
2215
2218
2220
2221
2223
2225
2226
2227
2229
2232
2233
2237
2238
2239
2240
2242
2246
2247
2248
2249
2251
2253
2254
2255
2256
2257
2260
2264
2266
2268
2269
2271
2272
2273
2276
2277
2281
2289
2292
2296
2299
2300
2301
2310
2311
2315
2318
2322
2323
2327
2328
2329
2330
2331
2333
2336
2337
2338
2341
2343
2344
2352
2353
2354
2355
2358
2359
2360
2363
2364
2365
2366
2367
2368
2369
2370
2371
2373
2376
2377
2379
2385
2388
2393
2394
2397
2401
2402
2403
2407
2408
2414
2416
2417
2418
2419
2421
2422
2424
2425
2427
2429
2431
2432
2434
2435
2436
2437
2444
2445
2446
2448
2450
2452
2453
2454
2455
2458
2460
2462
2463
2464
2467
2468
2472
2473
2477
2480
2487
2489
2491
2492
2493
2494
2498
2500
2501
2504
2506
2508
2509
2511
2513
2514
2515
2516
2517
2518
2521
2523
2526
2528
2529
2530
2531
2532
2533
2536
2538
2539
2543
2544
2545
2546
2549
2551
2552
2554
2555
2556
2557
2558
2559
2561
2562
2563
2565
2566
2567
2568
2569
2571
2574
2575
2581
2582
2583
2587
2590
2592
2593
2594
2595
2597
2598
2599
2600
2601
2602
2603
2604
2605
2606
2608
2609
2610
2611
2612
2613
2615
2617
2619
2622
2623
2624
2625
2628
2629
2633
2634
2635
2636
2637
2640
2641
2642
2643
2644
2645
2646
2647
2648
2649
2650
2651
2656
2657
2658
2659
2660
2661
2662
2663
2664
2665
2666
2669
2670
2671
2674
2677
2678
2679
2680
2681
2682
2683
2684
2685
2686
2687
2688
2689
2691
2692
2693
2694
2696
2698
2699
2700
2701
2702
2703
2704
2705
2709
2713
2714
2715
2716
2717
2718
2719
2721
2722
2723
2724
2725
2726
2727
2728
2729
2732
2733
2738
2739
2740
2744
2746
2747
2749
2750
2753
2755
2757
2759
2761
2762
2763
2765
2766
2769
2770
2771
2772
2774
2775
2777
2778
2779
2780
2781
2782
2783
2784
2785
2786
2787
2789
2790
2792
2794
2795
2797
2798
2799
2801
2802
2803
2804
2805
2807
2809
2814
2815
2816
2817
2818
2819
2821
2822
2824
2825
2826
2827
2828
2830
2832
2834
2836
2837
2838
2839
2840
2842
2843
2848
2850
2851
2852
2853
2855
2856
2857
2859
2861
2862
2864
2865
2866
2868
2869
2871
2873
2874
2876
2877
2880
2882
2885
2888
2889
2890
2891
2892
2893
2895
2896
2897
2898
2900
2901
2902
2903
2904
2906
2907
2908
2909
2910
2912
2914
2915
2916
2918
2920
2921
2922
2924
2926
2927
2928
2929
2931
2932
2933
2934
2935
2937
2938
2939
2941
2942
2943
2944
2945
2946
2947
2948
2949
2950
2951
2952
2953
2954
2956
2958
2959
2962
2965
2967
2970
2971
2973
2974
2976
2977
2978
2979
2980
2981
2983
2986
2987
2988
2989
2991
2992
2994
2997
2999
3002
3003
3004
3007
3008
3010
3013
3014
3016
3020
3021
3022
3025
3028
3029
3030
3031
3033
3035
3036
3037
3038
3039
3040
3042
3044
3046
3047
3049
3050
3051
3053
3056
3057
3058
3060
3061
3062
3068
3069
3072
3073
3076
3078
3079
3081
3082
3083
3084
3085
3086
3089
3091
3092
3093
3094
3095
3096
3097
3098
3099
3100
3102
3104
3105
3107
3108
3110
3111
3112
3113
3114
3115
3116
3117
3118
3124
3125
3126
3127
3130
3131
3132
3133
3134
3138
3140
3141
3142
3146
3150
3152
3153
3154
3155
3156
3157
3158
3159
3160
3161
3162
3163
3164
3165
3166
3168
3169
3170
3171
3172
3173
3174
3176
3177
3180
3182
3183
3184
3185
3186
3187
3188
3190
3191
3192
3193
3194
3196
3203
3205
3206
3207
3209
3210
3211
3212
3213
3214
3215
3216
3217
3218
3223
3225
3228
3230
3231
3232
3233
3234
3235
3237
3238
3239
3242
3243
3244
3248
3249
3250
3251
3253
3254
3255
3256
3257
3259
3260
3261
3263
3264
3265
3267
3270
3271
3275
3277
3278
3279
3281
3282
3285
3286
3287
3288
3289
3290
3292
3293
3296
3298
3301
3302
3305
3307
3308
3309
3310
3311
3312
3313
3314
3315
3316
3317
3318
3319
3321
3322
3323
3324
3325
3327
3330
3331
3332
3336
3340
3341
3342
3343
3344
3345
3346
3348
3350
3352
3357
3359
3361
3365
3367
3368
3369
3371
3372
3373
3375
3376
3378
3380
3383
3384
3387
3390
3394
3397
3398
3400
3401
3402
3403
3404
3405
3406
3407
3408
3410
3411
3412
3413
3415
3416
3418
3420
3421
3422
3424
3426
3428
3430
3431
3432
3433
3434
3435
3437
3438
3439
3440
3441
3442
3443
3444
3447
3448
3450
3452
3453
3454
3455
3456
3457
3458
3459
3461
3462
3463
3465
3466
3467
3470
3472
3473
3475
3476
3477
3478
3479
3480
3482
3483
3484
3485
3486
3487
3488
3489
3491
3492
3493
3495
3496
3500
3503
3504
3505
3506
3507
3509
3510
3511
3512
3513
3515
3518
3520
3521
3522
3523
3524
3525
3526
3527
3528
3529
3530
3532
3533
3534
3535
3536
3538
3539
3540
3542
3543
3544
3545
3547
3548
3549
3550
3551
3552
3553
3554
3556
3558
3559
3560
3562
3563
3565
3566
3567
3568
3570
3572
3573
3574
3576
3578
3580
3581
3582
3583
3584
3589
3590
3591
3592
3594
3595
3596
3597
3598
3599
3601
3604
3605
3606
3607
3608
3609
3610
3611
3612
3613
3614
3615
3616
3617
3619
3620
3621
3623
3624
3625
3626
3627
3630
3632
3633
3634
3635
3637
3638
3642
3644
3645
3646
3647
3648
3649
3650
3651
3652
3654
3655
3657
3658
3659
3660
3661
3662
3665
3666
3667
3668
3672
3673
3674
3679
3680
3682
3683
3685
3687
3688
3689
3690
3691
3692
3693
3694
3695
3697
3698
3699
3701
3702
3703
3704
3705
3706
3707
3708
3709
3712
3714
3715
3716
3717
3718
3720
3722
3723
3725
3727
3729
3731
3732
3733
3734
3735
3736
3737
3738
3740
3746
3747
3748
3751
3753
3755
3756
3757
3758
3759
3760
3763
3764
3766
3767
3768
3770
3771
3774
3776
3777
3778
3779
3780
3782
3783
3785
3786
3789
3790
3791
3795
3799
3800
3801
3802
3803
3806
3808
3811
3813
3814
3815
3816
3817
3818
3819
3820
3821
3822
3826
3827
3828
3830
3831
3833
3834
3837
3838
3839
3840
3841
3842
3844
3845
3847
3848
3849
3852
3854
3855
3856
3857
3858
3860
3862
3863
3864
3865
3866
3867
3868
3869
3870
3871
3872
3873
3874
3878
3879
3880
3881
3884
3885
3887
3889
3892
3896
3897
3898
3899
3900
3901
3902
3911
3912
3913
3919
3921
3922
3923
3924
3926
3927
3930
3931
3932
3933
3934
3935
3936
3938
3939
3941
3943
3944
3945
3946
3947
3948
3952
3953
3954
3956
3957
3958
3960
3961
3962
3963
3965
3967
3968
3969
3972
3974
3979
3980
3981
3982
3983
3984
3993
3999
4000
4001
4003
4005
4006
4008
4009
4010
4012
4013
4015
4016
4018
4019
4020
4022
4023
4027
4032
4033
4034
4035
4036
4038
4039
4041
4042
4043
4044
4045
4046
4048
4049
4050
4053
4055
4058
4059
4066
4067
4070
4071
4072
4073
4079
4081
4082
4084
4086
4087
4088
4089
4090
4094
4096
4098
4101
4103
4104
4108
4109
4110
4111
4112
4113
4118
4119
4120
4122
4124
4125
4129
4131
4134
4136
4137
4138
4139
4141
4142
4143
4145
4146
4147
4148
4149
4152
4153
4154
4155
4156
4157
4159
4160
4164
4165
4172
4173
4176
4178
4179
4180
4183
4184
4185
4186
4188
4189
4190
4191
4192
4193
4194
4196
4197
4200
4201
4205
4207
4208
4212
4215
4216
4217
4218
4219
4220
4222
4224
4225
4226
4228
4229
4231
4233
4235
4236
4237
4238
4240
4241
4242
4244
4245
4250
4251
4253
4255
4256
4258
4264
4265
4266
4267
4269
4270
4272
4273
4274
4275
4276
4278
4283
4285
4290
4292
4293
4294
4298
4300
4303
4308
4309
4310
4313
4316
4322
4323
4324
4328
4329
4330
4331
4334
4336
4337
4340
4345
4347
4349
4352
4353
4354
4358
4359
4360
4362
4364
4367
4369
4371
4373
4375
4377
4378
4382
4384
4385
4388
4389
4390
4391
4392
4397
4398
4401
4402
4403
4405
4406
4408
4415
4418
4420
4421
4422
4423
4425
4426
4427
4430
4432
4434
4435
4436
4437
4438
4439
4444
4445
4446
4448
4451
4452
4454
4455
4456
4458
4466
4467
4468
4469
4471
4474
4476
4477
4478
4479
4480
4481
4483
4484
4486
4487
4490
4491
4492
4493
4494
4495
4497
4500
4502
4503
4510
4511
4514
4515
4519
4523
4528
4529
4531
4536
4539
4542
4543
4544
4545
4546
4555
4556
4559
4560
4562
4563
4566
4567
4568
4569
4571
4572
4574
4576
4577
4579
4581
4582
4585
4587
4588
4591
4593
4595
4596
4597
4602
4603
4607
4610
4611
4612
4614
4616
4618
4619
4622
4623
4624
4625
4630
4631
4632
4633
4634
4635
4636
4637
4638
4639
4640
4642
4643
4646
4648
4649
4650
4651
4652
4657
4658
4659
4660
4661
4662
4663
4666
4667
4671
4674
4676
4677
4679
4683
4685
4688
4690
4691
4694
4695
4696
4697
4699
4700
4701
4702
4703
4704
4705
4706
4707
4708
4710
4713
4714
4715
4716
4718
4719
4722
4723
4726
4727
4728
4729
4734
4735
4738
4742
4744
4749
4753
4756
4757
4758
4759
4760
4765
4766
4767
4768
4769
4774
4775
4780
4787
4790
4791
4794
4795
4798
4799
4802
4803
4804
4805
4806
4807
4808
4809
4810
4812
4813
4815
4816
4817
4820
4821
4827
4828
4829
4831
4833
4834
4837
4838
4839
4847
4850
4851
4853
4857
4859
4860
4861
4863
4864
4865
4868
4869
4872
4873
4875
4876
4878
4879
4880
4881
4882
4883
4886
4887
4888
4889
4890
4894
4895
4896
4898
4900
4906
4907
4909
4910
4912
4913
4915
4917
4918
4919
4920
4923
4926
4927
4928
4931
4935
4936
4937
4941
4943
4944
4951
4952
4953
4954
4955
4959
4961
4963
4967
4969
4970
4971
4972
4973
4974
4976
4979
4981
4982
4983
4988
4993
4994
4997
4998
5001
5002
5005
5006
5008
5010
5011
5013
5025
5032
5034
5036
5038
5040
5041
5042
5045
5047
5048
5051
5052
5055
5056
5063
5064
5074
5076
5078
5079
5081
5082
5084
5087
5090
5093
5097
5101
5102
5110
5111
5112
5114
5117
5119
5120
5121
5123
5124
5125
5126
5127
5132
5133
5134
5135
5137
5140
5142
5151
5152
5153
5154
5160
5161
5167
5169
5170
5172
5175
5176
5179
5186
5187
5190
5192
5193
5195
5199
5204
5205
5210
5211
5220
5221
5222
5227
5228
5230
5233
5234
5235
5240
5243
5244
5245
5247
5248
5250
5251
5252
5253
5254
5255
5257
5258
5261
5262
5263
5264
5265
5268
5271
5272
5273
5275
5277
5279
5282
5285
5286
5290
5292
5294
5300
5301
5306
5309
5310
5312
5315
5316
5317
5321
5322
5323
5326
5327
5329
5330
5331
5333
5335
5336
5340
5347
5352
5356
5358
5360
5361
5364
5365
5366
5367
5369
5370
5373
5375
5376
5380
5382
5386
5387
5388
5390
5395
5399
5400
5401
5403
5405
5408
5412
5413
5416
5418
5419
5421
5422
5423
5425
5428
5431
5432
5433
5437
5438
5441
5443
5446
5448
5449
5450
5452
5453
5454
5456
5457
5458
5459
5460
5461
5462
5464
5465
5466
5471
5472
5473
5476
5477
5478
5479
5480
5481
5486
5487
5491
5493
5494
5496
5497
5499
5502
5503
5504
5505
5508
5511
5512
5513
5514
5515
5516
5517
5519
5521
5522
5526
5528
5530
5531
5536
5538
5544
5546
5548
5549
5550
5551
5555
5556
5557
5558
5559
5560
5561
5562
5563
5564
5565
5566
5567
5570
5571
5572
5573
5574
5575
5578
5580
5582
5583
5584
5586
5588
5589
5590
5591
5592
5593
5595
5596
5597
5598
5601
5602
5603
5604
5605
5606
5608
5609
5614
5615
5618
5621
5624
5626
5628
5630
5631
5635
5638
5639
5640
5643
5645
5646
5648
5649
5651
5652
5653
5654
5655
5658
5660
5661
5664
5668
5669
5670
5672
5674
5675
5676
5679
5680
5681
5682
5683
5684
5686
5688
5690
5692
5694
5700
5702
5703
5705
5706
5708
5709
5712
5718
5719
5720
5721
5724
5726
5728
5729
5730
5734
5736
5737
5738
5741
5743
5745
5747
5749
5754
5755
5758
5759
5760
5763
5764
5765
5766
5767
5768
5773
5778
5779
5782
5783
5784
5785
5789
5790
5791
5792
5794
5795
5797
5798
5799
5804
5805
5806
5810
5811
5814
5816
5817
5820
5822
5823
5826
5829
5832
5833
5834
5835
5836
5837
5838
5840
5843
5847
5850
5853
5854
5855
5856
5858
5859
5860
5861
5866
5867
5868
5869
5871
5872
5873
5874
5875
5876
5878
5882
5883
5884
5888
5891
5894
5896
5897
5898
5901
5903
5906
5908
5911
5912
5913
5914
5917
5918
5922
5923
5927
5929
5930
5931
5932
5934
5936
5942
5943
5946
5947
5948
5949
5950
5952
5953
5955
5956
5959
5960
5961
5962
5963
5964
5966
5967
5968
5971
5973
5974
5976
5977
5983
5987
5991
5993
5994
5996
5997
5999
6000
6005
6009
6011
6013
6015
6020
6022
6023
6026
6027
6028
6031
6033
6035
6036
6037
6038
6039
6041
6042
6043
6044
6045
6048
6049
6050
6052
6053
6054
6056
6057
6064
6067
6072
6073
6074
6076
6077
6079
6080
6081
6085
6086
6087
6088
6089
6091
6092
6093
6094
6095
6096
6102
6103
6104
6106
6107
6108
6110
6111
6112
6113
6114
6117
6118
6122
6124
6125
6126
6133
6134
6137
6138
6139
6140
6141
6142
6143
6145
6146
6149
6150
6153
6154
6155
6156
6157
6159
6161
6162
6164
6166
6170
6179
6181
6183
6184
6185
6186
6191
6193
6199
6202
6204
6205
6206
6209
6211
6212
6213
6214
6215
6218
6219
6221
6223
6224
6225
6227
6230
6232
6235
6236
6239
6241
6242
6243
6251
6253
6254
6255
6267
6272
6273
6274
6277
6282
6283
6286
6290
6291
6292
6293
6297
6299
6300
6303
6304
6306
6309
6310
6311
6314
6317
6321
6322
6324
6326
6331
6334
6335
6336
6337
6340
6344
6345
6347
6348
6350
6351
6353
6357
6360
6361
6365
6366
6367
6369
6370
6371
6372
6373
6374
6375
6378
6379
6381
6383
6385
6389
6391
6392
6393
6394
6396
6399
6400
6401
6405
6406
6409
6411
6413
6414
6415
6418
6419
6420
6423
6424
6425
6427
6428
6429
6433
6438
6441
6444
6450
6451
6453
6455
6457
6458
6461
6462
6463
6464
6467
6468
6472
6474
6475
6479
6480
6485
6487
6489
6490
6491
6495
6496
6500
6507
6508
6509
6514
6515
6517
6529
6531
6532
6533
6535
6536
6539
6540
6544
6548
6549
6550
6553
6555
6556
6559
6561
6564
6571
6574
6576
6577
6578
6579
6580
6585
6586
6587
6588
6589
6590
6591
6593
6594
6596
6597
6600
6601
6602
6603
6605
6606
6607
6608
6609
6612
6615
6616
6620
6621
6623
6626
6627
6628
6631
6632
6636
6637
6639
6640
6642
6646
6649
6652
6653
6655
6660
6661
6662
6663
6667
6668
6670
6671
6672
6673
6675
6676
6679
6680
6682
6683
6684
6687
6689
6691
6694
6695
6696
6698
6700
6701
6703
6705
6706
6710
6712
6713
6718
6719
6720
6722
6723
6726
6727
6728
6729
6731
6732
6735
6737
6738
6741
6743
6747
6751
6754
6756
6757
6759
6762
6764
6765
6767
6772
6773
6778
6780
6781
6782
6784
6786
6787
6788
6790
6791
6792
6795
6796
6798
6799
6800
6801
6802
6804
6805
6806
6807
6810
6812
6813
6814
6818
6824
6825
6833
6836
6837
6840
6842
6844
6847
6851
6857
6859
6863
6865
6866
6868
6869
6871
6878
6879
6883
6884
6886
6893
6894
6895
6901
6903
6906
6907
6910
6913
6915
6916
6918
6920
6922
6924
6926
6929
6930
6934
6935
6936
6938
6941
6943
6944
6945
6950
6953
6955
6956
6957
6961
6962
6963
6964
6965
6966
6967
6969
6970
6972
6973
6976
6977
6979
6981
6982
6984
6990
6991
6992
6994
6995
7004
7005
7009
7010
7019
7020
7025
7027
7029
7034
7035
7036
7037
7038
7039
7041
7044
7045
7046
7048
7049
7050
7052
7053
7056
7058
7060
7061
7063
7064
7066
7067
7068
7069
7072
7074
7078
7079
7083
7086
7087
7089
7091
7093
7099
7101
7103
7104
7109
7110
7117
7122
7124
7125
7126
7129
7131
7132
7133
7134
7136
7140
7141
7143
7148
7152
7154
7157
7159
7164
7165
7167
7173
7174
7175
7176
7177
7178
7179
7183
7184
7188
7189
7191
7194
7199
7203
7208
7209
7211
7213
7216
7220
7221
7222
7223
7224
7225
7226
7230
7231
7232
7235
7240
7241
7242
7243
7245
7247
7250
7253
7256
7257
7259
7261
7267
7268
7271
7273
7275
7276
7279
7280
7282
7284
7285
7289
7290
7292
7293
7294
7296
7297
7298
7299
7302
7308
7310
7312
7314
7315
7319
7320
7321
7322
7323
7324
7325
7326
7328
7340
7341
7342
7343
7344
7345
7346
7349
7351
7352
7353
7357
7358
7359
7360
7362
7364
7365
7366
7367
7370
7375
7377
7378
7379
7382
7383
7385
7390
7395
7397
7398
7399
7402
7403
7404
7405
7406
7409
7410
7412
7416
7419
7420
7422
7426
7429
7430
7437
7439
7441
7442
7446
7449
7450
7452
7454
7458
7460
7461
7462
7465
7466
7468
7470
7472
7475
7476
7478
7480
7483
7487
7488
7490
7491
7492
7494
7501
7503
7505
7507
7508
7512
7514
7515
7516
7517
7518
7519
7523
7525
7526
7527
7529
7530
7531
7532
7533
7534
7535
7538
7539
7541
7542
7543
7544
7547
7549
7551
7552
7553
7555
7557
7558
7562
7567
7569
7570
7571
7572
7573
7574
7575
7576
7578
7581
7585
7587
7588
7591
7592
7593
7594
7596
7598
7602
7604
7605
7608
7611
7614
7615
7617
7618
7620
7621
7626
7627
7629
7630
7631
7633
7636
7637
7638
7639
7641
7642
7644
7645
7646
7649
7654
7657
7661
7664
7665
7666
7669
7670
7671
7672
7673
7678
7679
7683
7686
7687
7691
7692
7693
7694
7695
7700
7702
7706
7707
7713
7717
7722
7724
7725
7727
7728
7729
7730
7732
7736
7739
7741
7744
7746
7748
7750
7751
7754
7755
7756
7759
7760
7761
7762
7765
7768
7769
7770
7772
7774
7775
7777
7778
7779
7780
7781
7783
7784
7785
7786
7787
7793
7794
7795
7796
7800
7804
7806
7807
7809
7810
7811
7816
7817
7818
7821
7822
7824
7825
7827
7828
7830
7832
7834
7835
7836
7837
7847
7849
7852
7853
7854
7855
7856
7858
7861
7863
7864
7867
7868
7869
7870
7871
7874
7877
7878
7879
7880
7881
7882
7883
7886
7887
7888
7894
7895
7898
7903
7905
7906
7909
7910
7913
7914
7915
7916
7917
7918
7919
7921
7923
7924
7925
7926
7927
7928
7929
7930
7932
7934
7937
7939
7940
7943
7944
7946
7947
7948
7950
7952
7954
7955
7956
7957
7958
7959
7960
7962
7964
7968
7970
7971
7972
7980
7981
7982
7984
7986
7987
7988
7991
7993
7994
7995
7997
7998
7999
8002
8003
8008
8009
8010
8013
8016
8021
8026
8035
8036
8039
8041
8042
8043
8044
8047
8049
8051
8054
8059
8060
8062
8063
8064
8065
8066
8068
8069
8070
8071
8072
8074
8076
8077
8078
8080
8081
8083
8084
8087
8088
8089
8091
8093
8099
8100
8102
8104
8106
8107
8108
8111
8112
8117
8118
8119
8120
8125
8126
8130
8131
8134
8135
8137
8138
8141
8143
8144
8145
8146
8147
8149
8150
8151
8153
8155
8158
8160
8161
8164
8165
8169
8170
8175
8181
8183
8194
8195
8196
8197
8198
8200
8205
8209
8211
8213
8215
8222
8223
8224
8225
8227
8228
8229
8232
8233
8234
8236
8239
8243
8245
8246
8247
8249
8251
8253
8256
8259
8261
8265
8271
8276
8277
8278
8281
8282
8287
8289
8292
8297
8298
8306
8309
8312
8313
8314
8315
8317
8318
8319
8320
8322
8325
8327
8330
8333
8335
8336
8339
8342
8343
8345
8346
8347
8348
8349
8350
8353
8354
8358
8359
8360
8361
8362
8364
8366
8368
8369
8370
8371
8372
8376
8377
8378
8379
8382
8386
8387
8389
8392
8394
8397
8400
8401
8402
8403
8404
8405
8406
8409
8412
8415
8417
8418
8421
8423
8424
8425
8428
8430
8434
8437
8443
8444
8448
8449
8455
8457
8458
8460
8461
8462
8463
8466
8467
8468
8469
8471
8472
8475
8477
8481
8486
8488
8491
8501
8506
8509
8511
8512
8514
8515
8516
8519
8527
8530
8531
8533
8536
8546
8567
8568
8571
8572
8578
8579
8580
8586
8588
8590
8594
8599
8600
8603
8605
8606
8607
8608
8609
8612
8613
8614
8616
8619
8622
8624
8629
8635
8637
8640
8643
8647
8648
8651
8652
8654
8655
8659
8660
8667
8669
8670
8676
8684
8686
8687
8691
8693
8699
8702
8705
8711
8716
8719
8726
8731
8732
8733
8736
8737
8739
8741
8745
8746
8750
8753
8755
8756
8758
8760
8761
8764
8768
8769
8773
8775
8780
8783
8785
8786
8789
8790
8792
8793
8796
8798
8799
8800
8803
8804
8809
8811
8816
8817
8818
8820
8822
8823
8824
8825
8826
8827
8828
8830
8834
8835
8836
8837
8839
8841
8847
8849
8851
8852
8856
8860
8862
8863
8864
8865
8866
8867
8868
8870
8871
8873
8874
8877
8878
8879
8886
8889
8893
8896
8897
8901
8902
8904
8905
8912
8913
8914
8916
8917
8920
8921
8922
8927
8928
8932
8933
8944
8945
8947
8948
8949
8954
8955
8964
8965
8968
8970
8973
8974
8977
8979
8980
8981
8985
8989
8992
8995
8998
8999
9000
9006
9007
9008
9011
9013
9015
9016
9019
9020
9024
9025
9028
9029
9035
9036
9037
9038
9039
9040
9045
9047
9048
9052
9054
9056
9057
9058
9059
9062
9063
9065
9066
9069
9071
9078
9079
9081
9083
9085
9086
9090
9091
9092
9093
9095
9096
9099
9101
9102
9104
9105
9106
9109
9110
9111
9112
9118
9122
9127
9130
9131
9135
9137
9139
9140
9141
9143
9148
9149
9152
9155
9157
9159
9163
9167
9169
9172
9174
9175
9177
9178
9179
9180
9182
9184
9185
9189
9192
9194
9195
9198
9199
9206
9207
9208
9210
9211
9214
9215
9216
9219
9220
9222
9223
9231
9232
9238
9239
9242
9244
9248
9250
9252
9253
9255
9257
9258
9261
9262
9263
9264
9265
9266
9268
9269
9270
9271
9272
9273
9274
9275
9278
9279
9280
9281
9282
9283
9284
9286
9287
9289
9290
9295
9297
9298
9299
9300
9303
9305
9310
9311
9315
9316
9320
9325
9326
9327
9330
9332
9334
9335
9336
9337
9338
9340
9343
9346
9351
9352
9355
9357
9360
9366
9368
9371
9377
9378
9383
9384
9385
9388
9389
9390
9391
9393
9396
9401
9403
9404
9405
9412
9413
9417
9420
9422
9423
9425
9426
9428
9429
9430
9432
9435
9440
9441
9445
9446
9447
9450
9452
9454
9455
9457
9460
9465
9466
9476
9477
9478
9481
9484
9485
9489
9490
9494
9496
9498
9500
9501
9502
9503
9504
9505
9507
9508
9510
9511
9517
9518
9519
9521
9525
9528
9529
9530
9532
9533
9535
9537
9540
9542
9543
9547
9548
9549
9550
9554
9556
9559
9560
9561
9563
9564
9565
9568
9569
9571
9572
9576
9581
9583
9584
9585
9586
9590
9592
9593
9594
9598
9601
9603
9605
9606
9609
9611
9612
9613
9615
9617
9618
9619
9621
9622
9625
9628
9630
9639
9652
9653
9655
9656
9657
9662
9665
9666
9669
9672
9673
9679
9681
9682
9685
9693
9695
9696
9699
9706
9708
9709
9711
9713
9715
9716
9717
9718
9721
9728
9740
9747
9748
9749
9750
9752
9753
9758
9759
9764
9766
9768
9770
9771
9778
9781
9783
9784
9788
9796
9797
9798
9800
9802
9810
9812
9815
9816
9821
9822
9824
9827
9828
9829
9831
9833
9835
9838
9845
9846
9847
9848
9849
9850
9860
9861
9863
9866
9868
9870
9876
9878
9884
9886
9888
9894
9896
9899
9902
9904
9906
9907
9909
9911
9913
9917
9919
9921
9926
9931
9939
9941
9942
9951
9952
9954
9955
9962
9975
9981
9982
9986
9987
9990
10001
10003
10007
10008
10009
10018
10023
10024
10029
10033
10034
10036
10038
10039
10044
10050
10052
10056
10058
10061
10063
10064
10065
10066
10073
10074
10075
10085
10088
10099
10100
10102
10106
10110
10114
10121
10124
10125
10129
10131
10132
10148
10149
10151
10152
10154
10155
10156
10157
10159
10161
10163
10164
10169
10172
10173
10180
10181
10184
10186
10187
10188
10190
10194
10201
10203
10210
10212
10214
10218
10219
10225
10227
10229
10232
10235
10237
10244
10245
10249
10252
10254
10258
10266
10268
10271
10272
10277
10290
10292
10293
10295
10296
10297
10305
10307
10308
10309
10315
10316
10317
10324
10332
10335
10336
10342
10348
10357
10365
10380
10381
10384
10385
10389
10390
10395
10397
10399
10404
10411
10413
10414
10426
10428
10433
10434
10436
10439
10445
10446
10449
10450
10459
10465
10471
10473
10474
10480
10482
10483
10485
10486
10488
10494
10495
10499
10501
10502
10509
10511
10513
10519
10521
10523
10529
10538
10542
10543
10544
10545
10548
10550
10551
10556
10558
10562
10571
10572
10576
10578
10579
10582
10583
10585
10587
10591
10592
10595
10596
10599
10605
10609
10613
10626
10627
10640
10646
10648
10654
10670
10672
10674
10675
10684
10689
10691
10695
10702
10704
10708
10710
10720
10722
10724
10728
10731
10733
10736
10740
10743
10748
10749
10751
10753
10758
10759
10764
10768
10771
10773
10774
10775
10776
10777
10779
10780
10781
10782
10783
10784
10785
10786
10787
10788
10789
10790
10791
10792
10793
10796
10798
10799
10800
10801
10802
10803
10804
10805
10806
10807
10808
10809
10814
10815
10818
10831
10833
10836
10837
10838
10839
10846
10849
10866
10869
10872
10879
10881
10889
10892
10893
10896
10897
10900
10908
10912
10915
10918
10920
10935
10937
10941
10942
10943
10944
10945
10948
10950
10955
10962
10964
10969
10971
10972
10979
10982
10983
10987
10988
10992
10994
11005
11009
11012
11015
11016
11019
11021
11023
11029
11031
11032
11034
11036
11040
11041
11044
11045
11046
11050
11058
11064
11066
11067
11068
11075
11079
11082
11083
11087
11089
11090
11093
11094
11096
11108
11112
11115
11127
11132
11134
11141
11144
11145
11151
11153
11154
11157
11159
11160
11163
11166
11169
11172
11181
11182
11195
11197
11203
11204
11210
11212
11215
11218
11224
11227
11236
11238
11243
11244
11251
11256
11266
11270
11271
11275
11276
11285
11287
11288
11292
11293
11299
11300
11307
11316
11320
11321
11323
11326
11328
11333
11342
11343
11348
11352
11353
11358
11359
11360
11365
11371
11375
11383
11386
11387
11395
11400
11401
11403
11404
11405
11406
11411
11413
11414
11417
11418
11419
11420
11421
11425
11427
11435
11439
11448
11449
11453
11455
11456
11460
11463
11464
11469
11472
11474
11476
11477
11480
11483
11485
11500
11502
11509
11512
11515
11517
11524
11526
11527
11529
11530
11533
11535
11537
11538
11540
11541
11545
11546
11548
11553
11554
11556
11557
11561
11562
11565
11566
11574
11578
11580
11583
11585
11591
11593
11596
11597
11605
11606
11607
11609
11614
11617
11619
11621
11630
11632
11634
11637
11639
11640
11643
11644
11647
11650
11670
11685
11689
11690
11697
11700
11701
11702
11704
11708
11710
11713
11714
11715
11716
11718
11723
11728
11730
11731
11742
11745
11750
11751
11758
11762
11765
11784
11787
11790
11797
11804
11814
11818
11826
11829
11831
11836
11837
11842
11847
11849
11850
11851
11855
11860
11864
11866
11870
11874
11883
11886
11899
11903
11915
11918
11923
11940
11941
11948
11955
11960
11963
11964
11978
11982
11994
11998
11999
12003
12011
12012
12014
12015
12021
12025
12028
12040
12048
12055
12060
12062
12064
12066
12079
12080
12083
12086
12100
12104
12117
12123
12124
12126
12128
12133
12134
12136
12137
12139
12140
12141
12142
12145
12146
12147
12148
12149
12150
12151
12157
12158
12161
12164
12167
12171
12175
12179
12180
12183
12187
12189
12194
12195
12197
12205
12207
12209
12211
12216
12218
12221
12225
12227
12231
12232
12234
12239
12242
12243
12247
12252
12259
12261
12263
12264
12275
12277
12281
12288
12289
12298
12302
12317
12320
12321
12325
12327
12328
12335
12344
12346
12349
12353
12354
12355
12358
12374
12385
12386
12388
12395
12405
12406
12414
12415
12418
12419
12427
12428
12436
12440
12445
12458
12467
12482
12483
12499
12501
12506
12507
12512
12514
12520
12525
12526
12528
12529
12530
12531
12532
12534
12538
12539
12548
12554
12555
12558
12562
12565
12568
12569
12585
12586
12587
12614
12618
12629
12630
12638
12648
12650
12653
12659
12661
12665
12676
12677
12680
12682
12687
12692
12699
12705
12706
12709
12710
12714
12715
12716
12718
12726
12728
12730
12736
12737
12738
12740
12741
12760
12774
12782
12786
12798
12799
12800
12804
12809
12828
12833
12839
12856
12857
12858
12876
12879
12881
12884
12898
12905
12914
12915
12919
12921
12922
12927
12930
12933
12934
12936
12945
12950
12955
12958
12960
12961
12962
12963
12965
12969
12970
12971
12977
12991
12994
12995
13013
13019
13021
13028
13034
13039
13040
13041
13048
13053
13061
13068
13070
13075
13088
13097
13100
13101
13109
13112
13113
13121
13124
13131
13133
13134
13137
13144
13152
13158
13161
13163
13169
13171
13172
13181
13190
13194
13200
13203
13205
13219
13224
13227
13231
13237
13241
13242
13245
13246
13248
13255
13258
13260
13263
13265
13267
13275
13278
13281
13288
13290
13291
13295
13296
13297
13300
13306
13309
13313
13314
13317
13319
13325
13327
13328
13331
13337
13341
13347
13354
13356
13361
13369
13379
13381
13382
13385
13389
13393
13397
13400
13401
13403
13409
13413
13415
13418
13419
13421
13426
13427
13430
13431
13432
13447
13455
13468
13469
13471
13472
13480
13482
13483
13484
13485
13488
13489
13491
13494
13495
13496
13503
13506
13507
13511
13514
13517
13518
13519
13520
13523
13529
13530
13532
13538
13539
13543
13557
13559
13562
13566
13572
13574
13578
13581
13584
13585
13587
13588
13599
13608
13609
13611
13616
13617
13628
13630
13632
13647
13651
13652
13656
13658
13661
13663
13674
13679
13684
13685
13686
13687
13689
13690
13691
13692
13695
13706
13708
13709
13712
13713
13714
13718
13724
13732
13735
13741
13748
13756
13758
13762
13764
13767
13769
13770
13771
13775
13780
13781
13792
13796
13800
13807
13811
13812
13813
13820
13821
13825
13835
13837
13848
13850
13854
13856
13857
13858
13867
13868
13869
13870
13875
13881
13890
13893
13899
13903
13912
13915
13917
13920
13921
13924
13927
13938
13942
13947
13951
13954
13960
13967
13974
13975
13977
13980
13981
13986
13993
13997
14000
14008
14011
14015
14018
14042
14046
14070
14074
14089
14096
14103
14105
14114
14117
14121
14123
14124
14128
14131
14133
14145
14150
14151
14157
14165
14168
14173
14188
14192
14193
14196
14200
14205
14222
14239
14244
14248
14257
14260
14261
14267
14268
14272
14280
14281
14282
14288
14304
14312
14329
14335
14337
14344
14363
14374
14377
14379
14381
14383
14386
14392
14400
14405
14410
14411
14419
14447
14449
14451
14472
14474
14487
14528
14529
14535
14539
14552
14554
14557
14563
14564
14566
14567
14577
14581
14582
14590
14594
14609
14619
14621
14622
14626
14642
14646
14648
14650
14652
14653
14658
14662
14664
14665
14669
14670
14671
14675
14677
14685
14697
14702
14703
14705
14708
14714
14718
14720
14734
14735
14736
14745
14747
14752
14753
14754
14761
14765
14766
14773
14776
14783
14792
14793
14796
14797
14798
14802
14804
14805
14807
14808
14812
14819
14822
14823
14826
14832
14847
14848
14850
14852
14858
14859
14866
14867
14868
14880
14882
14885
14893
14894
14901
14903
14904
14905
14910
14913
14914
14924
14927
14932
14933
14936
14940
14942
14950
14953
14961
14963
14967
14968
14970
14971
14980
14982
14991
14993
14996
15000
15001
15003
15007
15010
15011
15014
15019
15024
15031
15033
15043
15045
15049
15051
15054
15056
15057
15062
15065
15066
15067
15072
15086
15087
15088
15093
15097
15098
15107
15110
15129
15131
15135
15153
15156
15157
15159
15163
15167
15177
15179
15180
15182
15183
15184
15191
15206
15208
15209
15210
15213
15214
15216
15217
15226
15227
15232
15234
15238
15242
15243
15245
15249
15257
15258
15263
15273
15277
15278
15279
15282
15284
15286
15288
15294
15296
15298
15300
15303
15304
15319
15321
15327
15336
15337
15340
15341
15346
15347
15350
15361
15364
15368
15370
15371
15373
15378
15382
15384
15385
15397
15421
15435
15436
15444
15463
15478
15485
15500
15503
15507
15515
15518
15519
15522
15525
15533
15535
15537
15552
15556
15557
15558
15559
15570
15579
15581
15593
15597
15600
15610
15619
15627
15634
15642
15645
15648
15651
15655
15661
15663
15664
15665
15668
15677
15689
15691
15696
15702
15706
15714
15717
15722
15726
15737
15742
15743
15746
15749
15750
15754
15765
15777
15811
15825
15835
15837
15838
15839
15845
15847
15852
15860
15865
15867
15875
15881
15904
15906
15911
15914
15919
15929
15932
15935
15947
15948
15954
15971
15975
15981
16008
16018
16019
16033
16035
16036
16041
16047
16051
16056
16062
16064
16077
16087
16089
16099
16108
16116
16148
16153
16154
16156
16157
16162
16170
16171
16180
16187
16194
16199
16201
16225
16227
16238
16243
16252
16259
16269
16274
16281
16320
16325
16328
16350
16355
16356
16357
16359
16360
16372
16373
16377
16384
16397
16399
16407
16408
16423
16427
16429
16435
16437
16439
16440
16442
16447
16449
16455
16458
16466
16485
16488
16489
16490
16494
16499
16500
16504
16506
16510
16516
16523
16524
16536
16546
16548
16551
16556
16560
16568
16572
16577
16579
16591
16596
16601
16602
16605
16609
16619
16622
16624
16625
16628
16630
16635
16638
16649
16655
16674
16678
16695
16700
16703
16710
16712
16734
16753
16763
16765
16768
16771
16772
16775
16792
16800
16805
16808
16812
16818
16827
16829
16830
16832
16892
16918
16949
16960
17000
17096
17097
17105
17111
17116
17118
17122
17132
17134
17141
17151
17152
17155
17159
17169
17192
17213
17234
17254
17255
17256
17257
17258
17259
17265
17266
17267
17268
17269
17270
17271
17272
17273
17276
17278
17280
17281
17282
17283
17286
17288
17292
17294
17300
17303
17304
17310
17311
17313
17316
17320
17324
17332
17345
17347
17384
17405
17406
17419
17428
17430
17440
17443
17452
17454
17466
17479
17480
17486
17487
17493
17496
17497
17508
17514
17515
17518
17526
17535
17539
17555
17565
17566
17570
17575
17640
17654
17661
17664
17678
17720
17748
17751
17787
17792
17798
17801
17819
17820
17821
17822
17823
17824
17826
17841
17852
17853
17857
17877
17883
17887
17905
17921
17928
17929
17930
17931
17934
17945
17946
17949
17955
17959
17968
17972
17988
18014
18017
18041
18052
18053
18056
18057
18058
18062
18063
18064
18065
18066
18067
18068
18071
18077
18078
18083
18084
18092
18093
18095
18096
18098
18105
18106
18107
18108
18109
18110
18111
18112
18113
18115
18116
18117
18118
18119
18120
18121
18122
18123
18124
18125
18126
18127
18128
18129
18130
18131
18132
18133
18134
18135
18136
18137
18138
18139
18140
18141
18142
18143
18144
18145
18146
18150
18153
18156
18157
18167
18168
18171
18173
18174
18175
18176
18177
18178
18179
18181
18182
18183
18184
18185
18187
18196
18199
18201
18205
18208
18211
18212
18214
18218
18219
18220
18221
18223
18225
18226
18228
18229
18230
18232
18238
18240
18243
18246
18256
18259
18261
18263
18266
18269
18270
18271
18275
18282
18286
18288
18294
18295
18304
18305
18306
18307
18312
18315
18316
18319
18321
18328
18345
18346
18349
18350
18352
18354
18357
18368
18369
18378
18388
18395
18400
18418
18433
18442
18443
18444
18448
18459
18461
18462
18477
18481
18482
18485
18487
18488
18490
18504
18515
18517
18520
18532
18540
18542
18543
18556
18557
18563
18575
18581
18582
18591
18600
18601
18612
18619
18624
18641
18643
18656
18661
18668
18686
18699
18704
18708
18709
18722
18727
18732
18737
18739
18741
18757
18758
18762
18767
18768
18777
18783
18799
18800
18828
18829
18836
18839
18842
18843
18845
18846
18863
18878
18879
18885
18890
18894
18896
18926
18927
18933
18943
18967
18969
18982
18984
18988
18992
18994
18996
18997
19007
19010
19012
19029
19035
19036
19042
19087
19100
19116
19130
19136
19147
19150
19165
19169
19211
19222
19225
19227
19233
19258
19294
19398
19411
19441
19445
19506
19552
19604
19622
19638
19659
19747
19755
19778
19882
19915
