23
87
119
131
147
205
208
210
230
270
278
279
482
665
693
829
830
869
870
978
1030
1209
1321
1714
1760
1788
2009
2408
2434
2593
2980
3094
3473
3474
3475
3476
3480
3483
3556
3565
3604
3610
3732
3733
3734
3742
3921
4119
4215
4298
4350
4351
4352
4390
4470
4568
4702
4843
4847
4882
4895
4909
4915
5041
5566
5783
5784
5850
5927
5985
6038
6061
6157
6158
6252
6491
6492
6661
6757
6891
6938
7037
7040
7249
7290
7401
7475
7533
8652
9054
9297
9532
9694
10413
10791
11484
12042
12083
12501
12923
13239
13462
13870
15514
15515
15517
16276
16344
16570
16596
16739
18553
