224
308
394
425
160
414
117
104
67
137
332
251
299
328
369
84
378
115
438
48
267
210
644
247
377
175
235
299
219
290
273
206
210
46
290
123
331
117
163
81
196
124
208
68
92
255
354
138
406
410
301
106
88
243
299
199
68
145
224
304
19
143
355
138
259
233
404
374
305
222
279
220
60
155
441
241
134
146
105
17
251
98
84
430
79
198
440
196
131
211
30
209
417
325
153
147
170
121
261
285
116
260
233
227
50
99
260
430
115
96
153
238
117
398
560
363
225
250
228
257
282
305
257
257
254
140
273
134
397
20
342
265
365
78
342
249
283
168
219
180
271
155
275
272
167
270
451
211
426
68
376
295
298
521
397
192
507
300
343
346
276
85
388
395
351
291
271
256
67
73
111
240
72
339
100
235
357
96
453
106
223
106
70
225
104
142
237
413
148
187
256
194
69
246
440
131
153
116
110
151
95
221
468
311
260
176
464
295
536
274
145
238
319
235
139
162
230
114
297
289
86
229
77
87
77
527
125
279
197
146
246
118
218
94
59
543
93
255
320
93
154
50
291
442
231
56
154
303
434
114
239
263
304
409
133
105
