192
242
247
102
70
205
372
162
291
249
98
271
126
141
130
269
119
287
49
176
190
370
150
194
237
514
153
207
352
185
79
169
65
226
176
213
134
224
253
90
394
79
119
142
320
222
165
426
291
106
265
78
275
293
98
107
236
276
306
189
271
309
18
65
388
277
196
263
143
469
143
515
267
126
232
231
135
342
307
88
85
235
272
139
240
410
180
252
379
103
159
322
191
295
112
119
441
245
171
140
302
91
324
185
78
408
187
110
51
98
211
108
403
107
271
260
126
384
94
353
304
413
353
121
110
196
80
86
114
241
213
494
203
270
221
238
96
70
392
314
107
100
67
128
298
256
324
388
130
344
164
300
19
388
127
120
81
296
379
330
40
325
130
151
353
174
75
238
99
174
209
235
242
334
270
115
334
249
188
343
230
83
113
120
81
237
163
107
252
244
186
181
228
189
396
237
114
268
370
231
317
306
239
66
308
100
125
81
103
247
29
130
236
184
100
119
315
118
103
262
268
173
96
270
243
67
257
345
94
84
155
125
205
233
200
126
262
128
209
268
188
12
369
110
186
279
76
149
201
280
295
563
340
68
80
350
