125
229
193
240
130
314
77
267
291
116
65
237
135
83
113
95
139
174
64
155
121
368
247
79
75
85
308
136
410
226
256
220
309
280
318
175
134
52
214
129
182
99
237
129
244
191
289
254
108
288
291
130
256
74
244
129
135
274
267
242
283
245
286
137
121
198
82
341
366
100
92
236
263
106
141
125
223
112
254
228
173
200
92
176
112
126
259
621
243
204
80
226
175
234
200
137
298
252
262
55
206
112
289
92
168
44
280
165
210
331
171
195
315
253
269
375
121
332
251
268
243
203
247
155
224
171
314
217
212
261
284
101
309
116
248
313
151
200
100
211
124
144
219
126
231
125
107
47
106
112
215
117
203
158
257
105
69
103
48
157
92
275
199
152
212
138
116
239
194
233
222
120
258
113
477
130
171
174
361
192
123
228
209
50
195
107
223
237
140
116
142
338
158
203
119
117
295
336
158
303
217
198
147
180
100
280
158
79
138
161
135
302
271
82
196
316
184
242
74
241
222
248
291
322
302
249
164
227
277
213
63
298
165
290
220
113
126
238
288
66
95
136
169
96
118
374
237
150
51
163
253
105
85
328
240
206
