7
16
17
24
37
38
39
41
56
59
60
63
69
71
72
79
82
86
92
93
94
97
101
106
110
115
119
123
125
126
127
130
136
138
155
157
159
170
181
197
200
203
205
207
208
210
211
228
229
230
232
237
240
248
262
295
297
312
317
320
322
344
346
369
370
377
379
381
402
403
424
425
427
431
442
459
482
491
495
501
513
522
523
533
546
549
553
555
563
572
573
579
582
594
596
602
610
611
628
634
635
638
649
652
663
673
678
690
707
708
734
736
737
753
755
758
762
782
790
791
792
796
798
806
807
824
827
850
857
864
872
875
878
884
892
900
928
947
973
980
992
1004
1024
1041
1056
1065
1069
1075
1077
1084
1085
1106
1109
1112
1122
1123
1141
1162
1163
1167
1189
1190
1206
1209
1217
1268
1286
1312
1347
1351
1360
1365
1399
1406
1418
1437
1440
1457
1467
1468
1472
1474
1485
1494
1495
1497
1503
1514
1551
1552
1562
1567
1576
1580
1581
1633
1644
1654
1673
1683
1709
1713
1731
1757
1759
1769
1771
1772
1792
1795
1811
1812
1820
1932
1945
1955
1957
1970
1972
1977
1991
1996
2019
2027
2033
2038
2055
2070
2075
2076
2083
2099
2105
2109
2146
2148
2156
2157
2165
2176
2238
2242
2259
2262
2273
2276
2291
2300
2354
2376
2403
2424
2434
2435
2444
2448
2450
2453
2463
2473
2477
2491
2493
2501
2508
2518
2520
2521
2528
2539
2543
2551
2567
2581
2582
2583
2587
2593
2595
2602
2604
2610
2627
2628
2640
2642
2644
2645
2646
2648
2656
2662
2669
2671
2680
2681
2682
2690
2692
2702
2708
2710
2714
2717
2729
2746
2748
2763
2766
2779
2780
2781
2784
2792
2795
2802
2807
2810
2813
2818
2822
2828
2832
2840
2848
2852
2853
2861
2864
2865
2869
2904
2912
2924
2928
2930
2945
2967
2973
2976
2982
2988
2989
3002
3004
3007
3015
3044
3084
3097
3100
3104
3105
3111
3113
3119
3127
3133
3136
3139
3153
3169
3184
3194
3232
3235
3248
3250
3265
3270
3271
3292
3295
3298
3315
3334
3341
3346
3347
3380
3388
3390
3402
3412
3442
3445
3450
3461
3467
3471
3473
3475
3476
3480
3482
3485
3503
3504
3509
3510
3525
3529
3559
3562
3563
3565
3570
3573
3574
3578
3581
3583
3590
3591
3604
3611
3620
3624
3632
3633
3655
3665
3686
3693
3697
3698
3704
3707
3713
3729
3730
3733
3734
3744
3757
3760
3766
3767
3773
3776
3780
3790
3818
3828
3834
3836
3866
3870
3873
3886
3892
3893
3898
3899
3912
3920
3922
3923
3959
3963
3971
4012
4013
4021
4023
4030
4036
4059
4087
4107
4113
4119
4120
4121
4131
4179
4184
4195
4205
4207
4217
4221
4228
4238
4241
4250
4252
4274
4322
4331
4340
4353
4367
4371
4381
4388
4389
4405
4438
4441
4470
4473
4490
4491
4511
4537
4546
4566
4568
4596
4600
4612
4618
4619
4630
4632
4635
4656
4660
4662
4674
4709
4756
4757
4766
4781
4803
4816
4817
4841
4850
4860
4861
4881
4886
4912
4914
4916
4917
4938
4942
4976
5011
5013
5035
5074
5097
5099
5114
5116
5132
5133
5148
5153
5160
5177
5189
5191
5198
5227
5230
5231
5242
5245
5265
5275
5286
5287
5291
5306
5326
5334
5359
5364
5369
5382
5408
5419
5425
5458
5473
5476
5482
5486
5497
5515
5519
5521
5546
5557
5566
5639
5668
5730
5755
5760
5792
5817
5825
5833
5848
5861
5866
5875
5918
5933
5949
5968
5987
5989
5995
6006
6042
6044
6052
6057
6058
6064
6093
6103
6121
6133
6142
6144
6150
6154
6200
6202
6205
6212
6213
6242
6284
6291
6314
6340
6356
6373
6392
6399
6590
6600
6621
6627
6637
6674
6675
6679
6719
6747
6757
6795
6821
6834
6844
6878
6906
6918
6956
6963
6970
6972
6993
7005
7012
7037
7052
7055
7074
7093
7112
7127
7131
7135
7175
7176
7195
7208
7212
7259
7284
7303
7333
7338
7351
7366
7395
7405
7409
7420
7428
7450
7451
7469
7476
7488
7491
7496
7513
7519
7532
7542
7569
7583
7588
7605
7608
7624
7641
7669
7678
7699
7726
7746
7759
7761
7762
7770
7774
7787
7790
7804
7810
7819
7824
7826
7828
7835
7851
7852
7858
7859
7876
7886
7891
7906
7918
7980
7981
7999
8049
8051
8073
8074
8087
8120
8122
8131
8137
8147
8161
8169
8192
8194
8196
8205
8208
8227
8229
8271
8276
8281
8291
8314
8327
8330
8331
8342
8349
8354
8368
8374
8376
8403
8410
8417
8440
8463
8472
8481
8537
8578
8605
8614
8648
8705
8800
8802
8808
8814
8829
8835
8856
8864
8865
8894
8915
8917
8922
8930
8943
8986
9002
9006
9066
9083
9085
9086
9094
9109
9176
9239
9244
9248
9250
9263
9275
9290
9304
9310
9359
9366
9384
9429
9438
9461
9474
9476
9484
9485
9491
9532
9535
9545
9563
9575
9582
9589
9617
9640
9642
9679
9681
9717
9764
9766
9800
9847
9849
9878
9942
9949
9960
9990
10003
10063
10064
10079
10154
10156
10163
10181
10201
10248
10254
10256
10359
10375
10434
10548
10580
10595
10614
10627
10670
10682
10699
10731
10743
10751
10771
10776
10782
10799
10836
10849
10853
10881
10945
10949
10998
11021
11082
11087
11116
11126
11131
11170
11202
11316
11342
11356
11371
11406
11464
11474
11574
11605
11612
11619
11643
11661
11723
11751
11781
11798
11807
11873
11914
11928
12003
12011
12060
12104
12122
12145
12149
12158
12209
12225
12253
12271
12332
12359
12384
12413
12442
12500
12539
12560
12594
12614
12649
12676
12682
12705
12711
12738
12745
12891
12899
12907
12950
12954
12956
12967
12987
13037
13119
13279
13282
13291
13301
13327
13360
13368
13396
13419
13496
13566
13587
13627
13690
13719
13757
13780
13807
13848
13857
13889
13980
14038
14094
14111
14117
14207
14282
14370
14381
14400
14447
14548
14594
14648
14652
14654
14664
14670
14714
14754
14877
14889
14890
14956
14980
14982
15001
15005
15040
15135
15179
15210
15220
15229
15317
15414
15460
15467
15485
15552
15581
15650
15689
15740
15755
15842
15848
15865
15911
16010
16035
16050
16085
16089
16100
16101
16158
16361
16453
16478
16546
16595
16609
16784
17122
17153
17192
17255
17265
17272
17291
17515
17566
17588
17887
17897
17905
18068
18102
18109
18110
18113
18115
18116
18120
18121
18131
18137
18141
18184
18186
18204
18205
18223
18229
18328
18345
18400
18413
18437
18514
18619
18631
18728
18864
18988
19140
