1
7
17
29
51
54
74
88
89
119
142
185
207
212
230
247
248
262
287
304
344
349
393
412
421
435
436
511
517
625
651
658
672
673
693
695
724
727
734
736
752
770
772
773
776
804
811
838
858
879
884
886
891
919
968
997
1013
1029
1037
1056
1092
1105
1143
1158
1162
1204
1223
1231
1265
1272
1276
1321
1338
1465
1528
1572
1589
1596
1645
1682
1697
1781
1802
1810
1852
1896
1923
1946
1947
1979
2064
2097
2137
2240
2273
2338
2354
2369
2400
2434
2435
2489
2491
2528
2549
2559
2582
2590
2601
2610
2615
2640
2678
2747
2748
2755
2775
2777
2794
2801
2803
2807
2817
2832
2853
2860
2869
2901
2927
2933
2945
2950
2973
2985
2992
3004
3095
3115
3150
3168
3211
3230
3256
3275
3301
3350
3373
3384
3402
3412
3437
3466
3470
3521
3525
3543
3552
3560
3561
3567
3573
3574
3583
3597
3604
3607
3611
3626
3649
3655
3665
3703
3714
3715
3725
3730
3752
3780
3795
3799
3852
3866
3901
3952
3958
3961
3981
3994
4008
4032
4046
4134
4172
4175
4192
4208
4220
4242
4297
4335
4340
4353
4366
4389
4430
4456
4539
4555
4596
4651
4662
4726
4749
4761
4790
4806
4833
4851
4900
4923
4938
4942
4961
4998
5011
5036
5066
5082
5156
5160
5234
5254
5261
5268
5369
5422
5504
5544
5555
5586
5626
5639
5657
5661
5675
5684
5708
5712
5738
5755
5810
5817
5918
5959
6015
6039
6093
6113
6126
6199
6283
6299
6302
6353
6374
6418
6461
6552
6585
6586
6597
6626
6703
6736
6772
6790
6844
6885
6886
6922
6965
6990
6995
6999
7061
7065
7067
7126
7203
7207
7323
7386
7446
7495
7547
7562
7604
7635
7639
7687
7707
7770
7779
7793
7827
7840
7869
7926
7935
7951
8071
8074
8161
8166
8227
8264
8281
8364
8581
8599
8605
8629
8648
8696
8732
8800
8802
8811
8820
8823
8828
8864
8867
8869
8917
9036
9045
9072
9113
9218
9220
9236
9263
9286
9295
9402
9422
9432
9443
9514
9554
9593
9633
9716
9821
9845
9860
9863
9907
9964
10097
10154
10298
10317
10423
10437
10459
10480
10701
10772
10789
10836
11044
11069
11146
11148
11194
11297
11403
11405
11406
11414
11503
11643
11764
11816
11847
12036
12112
12155
12158
12211
12230
12491
12550
12562
12587
12678
12680
13238
13248
13282
13403
13514
13620
13689
13724
13844
13848
13858
14383
14431
14642
14703
14760
14982
15030
15051
15095
15148
15207
15210
15500
15557
16299
16578
16716
16818
17059
17152
17254
17289
17406
17493
17988
18142
18144
18145
18210
18216
18347
18410
18413
18493
18889
