7
8
9
10
11
12
16
17
23
29
34
39
41
42
51
52
54
60
62
64
67
68
72
74
75
76
77
79
83
85
86
87
88
89
97
98
99
101
107
108
110
111
115
118
119
120
122
125
127
130
131
132
133
135
136
137
138
140
142
146
152
162
166
168
169
170
173
178
181
182
189
193
199
200
203
204
205
206
212
213
215
217
218
219
222
226
237
239
240
242
243
247
248
254
262
263
264
268
273
275
278
280
283
287
288
295
297
299
301
307
308
309
310
312
315
317
318
321
322
323
325
330
337
340
344
345
350
351
352
360
362
363
367
371
373
376
384
385
387
388
389
399
400
402
405
409
422
423
424
425
427
428
431
432
436
437
438
441
448
449
450
451
454
463
465
470
471
473
474
477
481
482
486
492
493
494
496
500
501
504
505
510
511
513
514
517
518
524
529
533
537
538
539
541
544
546
549
550
553
555
559
561
564
565
566
567
569
579
582
588
595
596
597
599
610
619
622
625
628
631
635
636
640
646
647
648
650
651
652
655
656
658
659
665
670
672
673
674
679
681
682
684
687
689
692
693
697
698
699
704
705
708
710
719
720
722
725
732
736
737
739
749
752
754
755
757
758
759
763
765
767
768
770
772
775
777
780
781
782
785
786
788
789
790
792
793
795
796
798
799
801
804
805
806
809
811
815
817
821
824
825
826
832
846
848
850
854
856
857
862
865
869
870
878
879
880
881
884
886
888
889
895
898
901
904
908
912
918
919
921
923
928
929
935
942
944
946
947
948
950
954
960
968
973
974
976
978
980
983
989
990
999
1006
1013
1014
1016
1018
1019
1020
1024
1025
1027
1029
1031
1034
1035
1041
1043
1048
1056
1057
1062
1069
1070
1073
1074
1077
1082
1083
1084
1086
1092
1098
1099
1104
1106
1110
1123
1124
1126
1127
1129
1131
1132
1133
1139
1141
1143
1145
1150
1156
1159
1161
1162
1165
1167
1181
1184
1185
1190
1191
1194
1196
1199
1200
1206
1209
1210
1213
1216
1217
1219
1223
1230
1232
1248
1249
1250
1251
1253
1262
1268
1269
1272
1274
1275
1279
1281
1286
1295
1319
1320
1323
1327
1328
1331
1338
1347
1348
1350
1356
1362
1367
1372
1373
1375
1377
1378
1389
1396
1400
1402
1404
1406
1407
1410
1426
1430
1432
1433
1435
1442
1443
1450
1451
1455
1458
1459
1463
1464
1465
1468
1469
1470
1472
1473
1474
1479
1480
1487
1489
1498
1503
1504
1507
1514
1518
1526
1536
1541
1543
1546
1552
1558
1563
1565
1568
1573
1577
1579
1580
1587
1589
1590
1592
1593
1596
1599
1610
1616
1622
1625
1627
1629
1637
1638
1641
1642
1651
1655
1659
1669
1670
1671
1677
1679
1680
1683
1698
1706
1709
1711
1716
1719
1722
1726
1729
1732
1740
1744
1746
1762
1769
1771
1772
1773
1783
1792
1795
1798
1802
1809
1810
1811
1819
1830
1832
1841
1850
1853
1860
1864
1870
1872
1880
1881
1903
1904
1910
1920
1922
1923
1925
1929
1930
1935
1939
1940
1941
1945
1947
1950
1951
1953
1956
1957
1958
1959
1962
1969
1972
1973
1977
1982
1983
1985
1986
1987
1989
2009
2015
2019
2022
2025
2027
2030
2033
2035
2037
2039
2041
2043
2046
2054
2064
2067
2069
2070
2073
2079
2088
2092
2098
2099
2103
2109
2114
2124
2130
2133
2141
2143
2145
2146
2155
2157
2160
2167
2168
2169
2177
2190
2191
2194
2196
2197
2199
2200
2201
2202
2205
2207
2214
2219
2227
2232
2234
2238
2248
2251
2252
2254
2256
2268
2270
2281
2282
2284
2300
2301
2307
2322
2327
2332
2337
2344
2354
2359
2363
2364
2366
2369
2376
2380
2381
2385
2386
2402
2403
2406
2407
2417
2418
2427
2434
2435
2444
2448
2450
2455
2456
2460
2464
2491
2494
2498
2499
2501
2508
2517
2518
2521
2524
2525
2536
2537
2539
2548
2552
2554
2559
2561
2562
2566
2567
2568
2571
2581
2582
2583
2584
2593
2595
2599
2600
2601
2610
2615
2616
2618
2622
2623
2624
2625
2628
2634
2643
2644
2645
2646
2647
2648
2650
2656
2657
2658
2659
2660
2661
2662
2666
2669
2671
2674
2678
2680
2682
2684
2688
2691
2692
2693
2694
2696
2699
2702
2706
2710
2717
2724
2725
2727
2728
2729
2732
2739
2742
2743
2746
2747
2755
2756
2757
2758
2759
2762
2765
2766
2769
2770
2775
2777
2778
2779
2786
2787
2790
2792
2797
2809
2811
2814
2821
2823
2830
2834
2837
2839
2840
2841
2845
2846
2850
2851
2852
2853
2859
2860
2863
2865
2868
2872
2881
2885
2886
2887
2892
2893
2894
2896
2898
2899
2901
2902
2906
2907
2908
2919
2922
2928
2931
2932
2933
2939
2941
2943
2945
2949
2950
2952
2953
2954
2962
2965
2967
2970
2971
2976
2980
2987
2994
2999
3002
3003
3007
3008
3011
3013
3015
3017
3020
3023
3029
3031
3033
3037
3044
3046
3053
3058
3059
3061
3065
3068
3069
3072
3078
3079
3083
3084
3087
3092
3094
3095
3097
3098
3100
3107
3111
3112
3115
3116
3117
3119
3124
3126
3127
3132
3133
3134
3139
3141
3146
3150
3152
3153
3154
3156
3157
3161
3162
3163
3164
3165
3168
3169
3170
3175
3187
3188
3205
3207
3210
3211
3212
3217
3219
3223
3232
3237
3238
3242
3243
3246
3248
3250
3253
3254
3264
3265
3267
3270
3271
3275
3281
3288
3292
3295
3296
3298
3305
3311
3314
3316
3317
3318
3319
3322
3325
3327
3328
3330
3331
3336
3337
3340
3343
3346
3348
3357
3361
3367
3371
3373
3379
3383
3385
3388
3396
3398
3402
3403
3404
3405
3407
3413
3417
3422
3425
3430
3433
3435
3439
3443
3450
3452
3453
3457
3459
3461
3462
3463
3466
3467
3470
3471
3472
3473
3474
3478
3479
3480
3483
3484
3487
3489
3495
3496
3500
3503
3504
3506
3512
3516
3518
3520
3521
3522
3525
3527
3533
3544
3545
3547
3548
3553
3554
3556
3557
3559
3560
3565
3568
3569
3573
3574
3577
3578
3581
3582
3583
3585
3590
3591
3599
3601
3602
3604
3605
3608
3609
3611
3612
3618
3619
3620
3623
3624
3625
3626
3632
3633
3641
3643
3644
3646
3648
3650
3651
3655
3658
3659
3661
3672
3675
3676
3680
3692
3693
3695
3698
3699
3700
3702
3703
3704
3705
3706
3707
3708
3713
3714
3718
3721
3729
3731
3732
3733
3734
3735
3739
3742
3751
3752
3753
3756
3758
3760
3761
3764
3766
3767
3770
3776
3780
3791
3795
3797
3799
3800
3802
3803
3813
3814
3815
3818
3819
3821
3823
3824
3831
3836
3839
3840
3844
3845
3846
3852
3854
3861
3863
3864
3865
3866
3869
3870
3871
3885
3886
3887
3892
3894
3897
3901
3902
3911
3913
3921
3923
3924
3927
3930
3935
3940
3941
3943
3947
3950
3954
3955
3962
3963
3967
3971
3993
4005
4006
4009
4012
4013
4017
4023
4027
4032
4033
4039
4045
4052
4066
4067
4071
4074
4077
4080
4087
4090
4096
4103
4106
4111
4112
4115
4118
4119
4122
4127
4129
4131
4134
4136
4145
4146
4149
4151
4152
4153
4155
4159
4164
4170
4179
4183
4185
4190
4191
4197
4198
4208
4209
4212
4220
4225
4228
4229
4234
4243
4250
4253
4256
4258
4269
4274
4275
4276
4284
4298
4300
4308
4309
4311
4313
4322
4323
4328
4340
4345
4353
4359
4366
4368
4381
4382
4383
4384
4387
4388
4389
4396
4401
4407
4415
4439
4441
4443
4453
4454
4456
4462
4466
4474
4480
4481
4486
4490
4491
4492
4495
4497
4502
4513
4514
4523
4532
4533
4543
4545
4546
4547
4549
4555
4556
4559
4562
4563
4566
4571
4574
4575
4577
4579
4586
4593
4603
4604
4612
4614
4615
4618
4619
4625
4626
4628
4630
4632
4633
4634
4635
4636
4638
4639
4644
4651
4660
4666
4674
4690
4691
4702
4710
4716
4723
4725
4726
4727
4728
4734
4742
4745
4748
4750
4751
4757
4759
4765
4766
4774
4787
4790
4797
4807
4813
4816
4817
4820
4827
4830
4832
4833
4836
4842
4846
4847
4850
4851
4855
4869
4872
4881
4882
4887
4891
4894
4910
4912
4917
4918
4919
4920
4925
4927
4938
4942
4944
4946
4951
4953
4955
4959
4961
4963
4968
4970
4976
4983
4986
4988
4993
4994
4996
4997
5001
5002
5005
5013
5019
5021
5029
5033
5036
5040
5042
5047
5051
5052
5054
5056
5064
5069
5071
5075
5081
5082
5087
5089
5090
5096
5097
5099
5102
5105
5111
5114
5116
5119
5121
5123
5124
5125
5127
5151
5153
5156
5160
5162
5167
5169
5176
5184
5195
5218
5222
5229
5231
5235
5237
5243
5247
5252
5261
5263
5265
5271
5272
5273
5275
5276
5282
5300
5301
5308
5309
5310
5316
5321
5325
5326
5327
5330
5332
5340
5348
5352
5356
5361
5362
5365
5366
5367
5369
5376
5380
5382
5387
5388
5392
5397
5403
5408
5417
5421
5425
5428
5431
5432
5438
5441
5442
5447
5449
5460
5464
5470
5471
5472
5475
5481
5484
5489
5491
5496
5497
5499
5504
5511
5515
5519
5521
5523
5532
5533
5535
5536
5540
5549
5550
5556
5560
5563
5565
5566
5567
5571
5574
5580
5581
5583
5589
5591
5592
5593
5598
5599
5602
5605
5606
5616
5620
5621
5625
5633
5636
5638
5645
5652
5653
5654
5656
5668
5673
5674
5675
5676
5681
5683
5686
5706
5710
5712
5719
5722
5724
5726
5734
5735
5736
5737
5743
5747
5750
5755
5760
5763
5764
5765
5768
5770
5773
5778
5779
5782
5785
5790
5791
5793
5800
5804
5810
5812
5816
5817
5821
5829
5831
5834
5836
5840
5841
5851
5854
5858
5861
5864
5871
5875
5876
5883
5884
5888
5894
5896
5897
5899
5903
5911
5918
5923
5929
5942
5947
5949
5952
5953
5959
5960
5961
5966
5967
5971
5981
5985
5987
6001
6009
6011
6018
6027
6028
6031
6034
6036
6039
6041
6042
6044
6047
6050
6053
6061
6062
6063
6064
6073
6081
6086
6087
6089
6092
6093
6096
6103
6104
6107
6110
6113
6137
6138
6139
6144
6145
6148
6150
6157
6160
6161
6164
6174
6186
6193
6196
6199
6204
6205
6212
6213
6214
6217
6219
6221
6232
6235
6241
6242
6249
6253
6254
6261
6270
6272
6273
6274
6277
6279
6282
6286
6297
6299
6306
6309
6322
6323
6324
6329
6342
6350
6351
6353
6359
6361
6364
6366
6370
6371
6372
6373
6388
6389
6390
6391
6392
6393
6405
6409
6412
6415
6418
6420
6423
6424
6425
6427
6436
6444
6447
6451
6453
6457
6461
6464
6480
6481
6485
6488
6489
6495
6500
6513
6523
6530
6531
6532
6535
6537
6544
6545
6556
6558
6560
6564
6576
6580
6582
6586
6587
6588
6590
6593
6596
6598
6599
6610
6612
6621
6627
6636
6653
6661
6665
6667
6673
6674
6679
6681
6687
6689
6690
6694
6698
6703
6704
6705
6706
6718
6720
6722
6728
6750
6761
6772
6790
6791
6796
6799
6801
6807
6813
6825
6830
6833
6836
6850
6851
6859
6863
6881
6885
6886
6887
6900
6903
6907
6915
6921
6922
6926
6933
6943
6947
6950
6957
6962
6964
6965
6973
6977
6982
6990
6991
6992
6995
6999
7004
7005
7029
7035
7036
7041
7046
7048
7049
7052
7055
7056
7060
7064
7065
7080
7081
7093
7095
7103
7108
7112
7123
7124
7126
7127
7131
7132
7133
7134
7136
7140
7141
7148
7154
7159
7173
7175
7176
7177
7178
7183
7189
7198
7203
7211
7213
7223
7226
7229
7232
7235
7236
7238
7239
7240
7241
7242
7244
7246
7247
7250
7254
7256
7259
7268
7270
7275
7284
7285
7292
7303
7314
7321
7340
7352
7358
7362
7366
7375
7378
7379
7382
7385
7393
7394
7405
7406
7409
7416
7422
7437
7447
7449
7451
7458
7459
7460
7461
7476
7482
7494
7495
7498
7501
7504
7505
7508
7521
7523
7532
7533
7538
7547
7550
7551
7553
7559
7562
7565
7569
7570
7572
7573
7585
7588
7601
7605
7608
7609
7617
7618
7620
7622
7623
7624
7627
7630
7631
7633
7635
7636
7638
7640
7641
7643
7652
7654
7657
7662
7666
7670
7682
7683
7692
7700
7704
7707
7717
7718
7720
7722
7730
7735
7738
7739
7747
7751
7754
7757
7758
7759
7760
7770
7780
7785
7791
7796
7799
7803
7804
7808
7816
7819
7825
7828
7829
7835
7848
7852
7856
7865
7870
7879
7915
7916
7917
7920
7928
7934
7935
7939
7940
7944
7946
7950
7954
7956
7958
7959
7961
7962
7964
7969
7971
7972
7976
7980
7981
7983
7984
7987
7988
7989
7993
7994
7998
8006
8008
8013
8014
8015
8047
8049
8051
8057
8062
8064
8068
8071
8074
8077
8078
8079
8080
8081
8086
8088
8092
8093
8105
8115
8118
8119
8120
8133
8144
8145
8146
8152
8153
8157
8158
8161
8169
8176
8183
8185
8189
8192
8195
8205
8206
8229
8236
8246
8247
8253
8261
8268
8276
8279
8280
8308
8312
8317
8318
8325
8327
8335
8338
8342
8345
8346
8347
8349
8350
8354
8365
8366
8368
8371
8373
8379
8389
8399
8425
8426
8437
8440
8441
8449
8450
8455
8461
8468
8471
8472
8474
8476
8477
8481
8487
8488
8497
8500
8508
8522
8532
8533
8537
8547
8562
8568
8572
8579
8587
8603
8605
8612
8614
8617
8625
8628
8635
8638
8648
8655
8660
8684
8699
8702
8705
8732
8733
8737
8746
8770
8773
8786
8787
8797
8800
8803
8811
8816
8818
8820
8821
8822
8826
8827
8828
8829
8834
8835
8847
8849
8856
8863
8864
8866
8867
8868
8874
8877
8882
8899
8902
8917
8923
8934
8960
8968
8970
8973
8977
8980
8992
9002
9006
9007
9013
9017
9021
9024
9027
9038
9044
9047
9052
9058
9064
9066
9078
9081
9083
9085
9086
9091
9095
9096
9102
9105
9106
9109
9110
9113
9123
9124
9132
9135
9140
9143
9153
9165
9167
9175
9177
9178
9180
9194
9199
9206
9207
9208
9210
9211
9214
9215
9220
9223
9225
9233
9238
9239
9248
9252
9263
9270
9277
9282
9283
9284
9286
9287
9291
9299
9304
9309
9325
9328
9330
9337
9339
9350
9352
9359
9362
9371
9373
9377
9380
9383
9384
9388
9402
9426
9441
9450
9453
9468
9474
9476
9494
9499
9507
9513
9514
9519
9522
9525
9527
9529
9530
9532
9537
9540
9556
9557
9560
9562
9563
9594
9595
9610
9612
9615
9621
9631
9634
9652
9653
9662
9666
9668
9669
9670
9673
9681
9685
9693
9694
9714
9717
9718
9722
9724
9728
9752
9753
9766
9768
9776
9777
9787
9790
9798
9802
9810
9811
9816
9817
9823
9825
9835
9849
9850
9860
9863
9868
9911
9913
9918
9941
9952
9953
9964
9970
9975
9980
9987
10005
10023
10032
10033
10034
10036
10052
10056
10061
10063
10064
10065
10077
10080
10094
10096
10120
10139
10151
10158
10170
10181
10186
10189
10218
10229
10235
10237
10240
10244
10245
10264
10268
10269
10275
10283
10293
10295
10314
10316
10333
10334
10336
10339
10344
10345
10348
10355
10378
10384
10399
10419
10434
10471
10474
10480
10482
10499
10513
10555
10585
10587
10607
10610
10622
10636
10664
10669
10670
10672
10685
10692
10699
10709
10715
10716
10720
10731
10738
10743
10757
10761
10763
10771
10772
10773
10774
10779
10782
10785
10788
10789
10790
10791
10792
10795
10796
10830
10838
10849
10860
10881
10884
10889
10912
10927
10928
10938
10941
10942
10944
10945
10949
10961
10964
10979
10987
11005
11018
11021
11024
11036
11040
11041
11042
11053
11066
11068
11079
11081
11082
11115
11127
11153
11157
11193
11194
11211
11212
11218
11229
11244
11247
11259
11275
11277
11316
11323
11331
11339
11343
11351
11359
11360
11383
11387
11389
11400
11401
11402
11405
11411
11413
11418
11426
11430
11439
11464
11500
11512
11517
11527
11542
11545
11548
11556
11565
11566
11572
11577
11578
11582
11590
11597
11599
11602
11609
11619
11627
11631
11640
11642
11643
11644
11648
11650
11665
11679
11685
11697
11707
11729
11745
11797
11805
11810
11813
11847
11855
11873
11876
11911
11941
11964
11983
12015
12055
12061
12062
12081
12100
12103
12112
12116
12122
12123
12124
12128
12129
12136
12137
12138
12139
12144
12150
12172
12180
12195
12215
12218
12225
12231
12239
12241
12242
12247
12251
12252
12263
12264
12271
12314
12323
12346
12353
12355
12358
12359
12380
12385
12395
12406
12415
12428
12434
12448
12499
12516
12523
12530
12540
12554
12563
12568
12579
12583
12650
12658
12659
12676
12677
12680
12705
12707
12710
12716
12726
12741
12750
12751
12783
12791
12800
12828
12861
12873
12881
12914
12915
12917
12930
12962
12963
12972
12986
12990
12992
12994
12995
12997
13017
13048
13059
13068
13077
13084
13102
13113
13120
13130
13144
13150
13200
13217
13239
13241
13253
13258
13267
13281
13282
13295
13296
13306
13309
13312
13315
13317
13321
13362
13363
13368
13381
13382
13405
13415
13418
13419
13434
13476
13491
13498
13511
13528
13532
13535
13562
13571
13574
13576
13579
13587
13602
13614
13617
13627
13634
13673
13677
13681
13685
13688
13689
13690
13691
13715
13724
13741
13742
13753
13775
13792
13801
13802
13812
13815
13857
13865
13875
13896
13915
13926
13938
13964
13975
13978
13997
14003
14009
14011
14033
14047
14065
14096
14111
14112
14118
14133
14145
14168
14192
14193
14239
14244
14264
14272
14279
14342
14343
14383
14386
14391
14428
14431
14474
14528
14550
14552
14557
14564
14594
14602
14609
14614
14623
14648
14662
14663
14664
14676
14700
14703
14720
14726
14740
14753
14770
14772
14776
14780
14798
14803
14804
14829
14838
14848
14858
14861
14874
14878
14880
14887
14901
14910
14915
14923
14925
14929
14953
15000
15005
15009
15016
15039
15051
15056
15058
15071
15072
15089
15095
15097
15108
15121
15134
15153
15158
15159
15170
15172
15180
15184
15191
15195
15210
15249
15257
15278
15280
15292
15294
15298
15319
15324
15350
15355
15395
15429
15463
15478
15525
15533
15542
15557
15579
15597
15599
15634
15690
15691
15709
15714
15737
15739
15742
15754
15767
15825
15834
15847
15854
15875
15911
15925
15954
15975
15981
15990
15993
16034
16035
16047
16083
16089
16112
16152
16172
16191
16227
16284
16296
16325
16341
16356
16382
16409
16421
16429
16433
16460
16474
16491
16494
16498
16499
16524
16525
16546
16604
16623
16628
16679
16739
16743
16751
16758
16763
16792
16830
16842
16915
16918
16937
16949
16984
17133
17134
17153
17169
17253
17258
17267
17278
17286
17291
17298
17301
17304
17325
17356
17425
17471
17490
17515
17516
17559
17588
17609
17629
17651
17664
17748
17769
17820
17858
17882
17887
17898
17934
17972
17986
17988
18010
18017
18051
18061
18066
18068
18071
18079
18082
18092
18096
18106
18107
18110
18112
18113
18114
18117
18119
18126
18130
18134
18136
18140
18144
18145
18146
18157
18163
18170
18173
18175
18176
18179
18180
18181
18187
18189
18192
18198
18203
18210
18211
18213
18216
18225
18227
18238
18239
18242
18263
18282
18303
18304
18310
18312
18324
18325
18338
18344
18349
18350
18351
18356
18366
18377
18383
18416
18432
18433
18437
18449
18470
18474
18521
18536
18541
18709
18723
18804
18839
18841
18876
18903
18911
18968
18981
18993
18998
19006
19010
19012
19013
19047
19128
19138
19180
19184
19222
19225
19226
19644
19716
19767
19914
