0
7
9
17
23
26
29
39
40
47
55
57
58
60
65
67
68
75
77
82
84
85
89
97
101
107
110
113
124
133
137
138
141
143
146
149
152
160
168
170
178
187
189
193
194
197
206
225
230
237
239
241
244
248
250
253
259
262
264
275
278
279
293
295
296
297
299
300
303
307
308
319
323
326
331
344
345
352
356
367
368
387
394
405
416
419
421
427
428
431
438
441
442
451
482
490
501
503
504
505
508
513
532
541
553
554
555
567
575
581
585
587
594
596
601
605
611
627
628
645
647
660
665
672
673
677
683
685
686
690
692
696
708
709
718
727
739
743
749
751
753
754
755
758
763
771
773
777
778
779
780
781
782
795
798
805
815
820
822
832
836
843
846
850
852
857
859
863
867
875
882
886
892
908
911
918
920
921
938
943
957
961
963
973
974
978
986
997
1009
1019
1027
1041
1062
1064
1069
1074
1076
1082
1091
1098
1106
1110
1124
1129
1131
1149
1156
1158
1159
1162
1179
1190
1200
1210
1212
1219
1223
1227
1255
1279
1293
1294
1309
1322
1325
1328
1331
1345
1354
1356
1363
1375
1378
1392
1406
1410
1414
1415
1426
1436
1442
1450
1451
1465
1473
1477
1479
1483
1492
1495
1497
1510
1528
1545
1551
1555
1573
1579
1587
1589
1590
1596
1599
1605
1623
1625
1636
1654
1668
1674
1676
1677
1679
1680
1705
1715
1719
1720
1728
1736
1739
1759
1762
1769
1770
1792
1798
1808
1825
1828
1830
1832
1835
1845
1880
1891
1905
1935
1947
1951
1957
1974
1977
1982
1990
2003
2004
2005
2009
2016
2039
2047
2052
2053
2057
2070
2092
2109
2124
2140
2150
2154
2155
2168
2169
2177
2199
2212
2235
2246
2248
2255
2256
2269
2281
2310
2330
2337
2341
2359
2385
2400
2402
2403
2407
2423
2429
2448
2452
2455
2456
2463
2466
2477
2489
2498
2503
2510
2514
2515
2517
2531
2536
2539
2543
2549
2551
2563
2568
2580
2582
2583
2593
2595
2605
2618
2622
2623
2624
2643
2648
2649
2658
2663
2669
2678
2682
2716
2717
2746
2750
2757
2759
2763
2766
2771
2778
2783
2792
2805
2824
2830
2834
2837
2839
2840
2846
2848
2852
2853
2859
2863
2869
2884
2894
2899
2903
2914
2922
2925
2939
2945
2953
2963
2968
2970
2971
2975
2976
2983
2987
2988
2989
3016
3029
3047
3051
3058
3060
3071
3091
3094
3099
3100
3116
3128
3130
3134
3143
3152
3162
3165
3168
3171
3172
3208
3211
3217
3232
3250
3254
3256
3261
3264
3271
3279
3285
3292
3293
3295
3308
3322
3330
3342
3344
3350
3356
3357
3369
3376
3385
3388
3394
3403
3405
3421
3431
3441
3443
3459
3461
3466
3470
3476
3478
3480
3497
3533
3542
3544
3551
3560
3561
3566
3568
3570
3574
3578
3579
3584
3590
3601
3604
3607
3610
3613
3619
3620
3632
3634
3641
3662
3663
3667
3689
3693
3698
3705
3707
3708
3714
3725
3729
3731
3744
3756
3757
3764
3766
3776
3778
3813
3815
3817
3822
3827
3831
3838
3859
3866
3868
3869
3871
3881
3884
3887
3890
3891
3899
3908
3917
3922
3923
3938
3940
3943
3947
3963
3965
3971
3977
3980
4005
4009
4017
4019
4025
4054
4074
4080
4087
4090
4104
4107
4118
4119
4124
4129
4145
4147
4148
4153
4159
4164
4170
4179
4181
4186
4188
4197
4200
4205
4212
4220
4228
4229
4230
4240
4253
4256
4277
4281
4298
4305
4309
4316
4324
4389
4390
4398
4420
4430
4439
4441
4442
4491
4497
4499
4524
4544
4557
4560
4566
4572
4578
4585
4610
4621
4649
4676
4677
4679
4680
4691
4699
4703
4726
4727
4736
4744
4747
4774
4780
4787
4803
4811
4816
4836
4851
4860
4863
4875
4879
4882
4889
4906
4912
4914
4917
4927
4929
4967
4969
4971
4973
4980
4988
4994
5002
5011
5022
5035
5038
5041
5051
5071
5102
5123
5124
5161
5176
5179
5187
5220
5221
5243
5244
5247
5254
5269
5277
5282
5289
5297
5309
5316
5318
5321
5329
5352
5368
5382
5388
5397
5421
5438
5450
5467
5478
5498
5500
5511
5513
5527
5535
5556
5566
5575
5579
5581
5592
5597
5601
5620
5639
5640
5660
5667
5676
5686
5708
5726
5734
5735
5738
5763
5789
5794
5805
5817
5830
5837
5861
5869
5874
5897
5903
5923
5933
5936
5943
5953
5958
5959
5961
5966
5990
6039
6043
6050
6067
6070
6076
6092
6093
6095
6113
6133
6136
6138
6139
6144
6162
6166
6222
6224
6303
6309
6337
6339
6343
6350
6353
6366
6372
6373
6383
6389
6416
6427
6452
6455
6458
6461
6465
6485
6532
6559
6578
6580
6588
6596
6601
6602
6612
6626
6628
6636
6660
6667
6669
6670
6689
6698
6704
6705
6719
6741
6769
6772
6788
6796
6807
6820
6842
6852
6866
6894
6902
6907
6912
6926
6927
6966
6979
6989
6992
7034
7038
7039
7044
7049
7064
7069
7089
7094
7100
7104
7128
7176
7194
7205
7209
7211
7213
7220
7222
7223
7235
7238
7245
7250
7268
7284
7285
7287
7293
7294
7296
7302
7314
7358
7360
7363
7366
7379
7409
7420
7451
7462
7464
7472
7494
7508
7514
7525
7551
7557
7566
7573
7593
7599
7613
7623
7626
7633
7635
7641
7645
7657
7662
7670
7683
7700
7707
7709
7724
7725
7727
7729
7732
7745
7751
7757
7761
7762
7774
7787
7802
7804
7806
7810
7824
7828
7852
7863
7867
7874
7877
7905
7908
7912
7918
7925
7927
7928
7934
7952
7954
7956
7958
7959
7961
7970
7995
8011
8047
8049
8051
8061
8066
8071
8074
8078
8080
8084
8093
8102
8119
8120
8131
8150
8161
8169
8170
8189
8195
8227
8229
8243
8268
8270
8342
8349
8350
8370
8372
8418
8440
8455
8502
8533
8541
8554
8583
8601
8607
8610
8612
8648
8660
8665
8666
8694
8705
8733
8737
8742
8755
8799
8811
8816
8818
8820
8826
8827
8829
8830
8865
8866
8868
8880
8917
8920
8927
8947
8955
8973
8986
8989
8991
9003
9013
9014
9058
9062
9066
9083
9090
9106
9119
9143
9174
9178
9207
9208
9214
9227
9239
9260
9263
9269
9271
9277
9281
9282
9283
9287
9295
9310
9311
9383
9390
9391
9440
9459
9470
9494
9499
9507
9513
9516
9550
9562
9593
9595
9640
9655
9671
9672
9673
9677
9682
9688
9693
9717
9721
9722
9725
9764
9777
9791
9819
9835
9848
9868
9886
9904
9911
9953
9975
9981
9987
10068
10078
10091
10099
10154
10164
10244
10259
10272
10276
10288
10317
10342
10357
10359
10374
10388
10404
10436
10514
10609
10627
10708
10721
10738
10751
10761
10771
10779
10782
10785
10789
10791
10796
10799
10801
10804
10805
10881
10914
10944
10962
10964
10983
11032
11036
11051
11075
11126
11131
11151
11157
11160
11168
11181
11189
11220
11221
11226
11275
11299
11316
11322
11359
11379
11403
11413
11439
11457
11512
11527
11533
11577
11580
11607
11616
11637
11639
11655
11675
11685
11740
11751
11901
11925
12135
12140
12142
12149
12150
12177
12242
12247
12316
12518
12533
12539
12579
12606
12630
12659
12676
12691
12705
12709
12748
12761
12782
12803
12832
12914
12963
12968
12994
13012
13017
13082
13113
13121
13139
13167
13263
13273
13282
13297
13299
13302
13310
13338
13385
13438
13454
13532
13533
13545
13562
13567
13608
13676
13688
13691
13732
13775
13805
13812
13857
13858
13868
13982
13997
14014
14114
14125
14151
14160
14174
14265
14447
14452
14454
14540
14627
14648
14663
14665
14669
14676
14685
14766
14785
14850
14852
14882
14918
14972
15017
15024
15027
15040
15051
15067
15116
15135
15210
15259
15278
15350
15404
15421
15463
15507
15508
15526
15533
15564
15597
15602
15714
15819
15839
15847
15924
15925
16035
16041
16063
16087
16152
16153
16206
16228
16325
16339
16362
16374
16384
16482
16494
16504
16530
16590
16638
16646
16706
16765
16779
16915
17178
17266
17269
17278
17280
17295
17308
17323
17438
17446
17539
17581
17697
17747
17821
17824
17844
17934
17943
18017
18063
18068
18071
18090
18093
18099
18115
18117
18125
18126
18129
18137
18161
18173
18181
18201
18217
18221
18223
18241
18263
18266
18343
18349
18391
18413
18425
18433
18518
18650
18656
18723
18725
18744
18885
18891
18980
18982
18990
19009
19013
19531
19686
