3
4
8
9
10
17
20
24
28
29
33
48
54
56
67
68
71
72
74
82
87
88
95
96
97
98
99
101
106
112
123
124
125
127
130
132
134
136
137
138
140
142
144
147
152
155
157
163
167
168
172
173
176
178
180
181
185
188
193
201
203
206
210
215
216
221
222
228
229
230
236
264
270
276
278
287
288
289
297
300
306
307
308
310
313
321
322
325
330
333
339
349
351
352
356
357
360
362
363
366
402
403
409
427
428
430
431
432
433
438
439
441
444
445
446
448
464
467
474
477
483
488
494
501
505
519
529
538
540
546
551
553
555
565
585
596
597
608
632
650
651
654
658
659
662
665
671
672
679
684
688
693
694
695
696
700
721
724
736
748
749
753
768
769
780
781
786
798
806
813
817
819
824
825
829
860
873
877
884
918
932
933
938
940
941
947
952
963
965
973
976
977
979
999
1030
1031
1033
1034
1047
1077
1082
1083
1084
1085
1086
1089
1156
1159
1175
1181
1184
1191
1200
1213
1219
1245
1331
1344
1361
1392
1407
1422
1425
1426
1454
1464
1474
1495
1503
1504
1521
1538
1544
1545
1562
1585
1589
1603
1628
1629
1637
1644
1665
1683
1747
1757
1794
1846
1881
1896
1942
1956
1969
1984
1986
2001
2009
2016
2070
2088
2089
2092
2109
2124
2130
2131
2132
2183
2223
2225
2232
2246
2249
2250
2251
2293
2309
2344
2364
2407
2448
2462
2464
2477
2491
2501
2511
2521
2526
2536
2559
2567
2568
2582
2583
2598
2599
2608
2609
2610
2616
2622
2624
2625
2628
2636
2645
2669
2684
2705
2709
2722
2723
2725
2727
2733
2735
2746
2747
2762
2763
2769
2775
2781
2790
2792
2793
2801
2807
2809
2818
2830
2832
2850
2852
2857
2868
2896
2900
2907
2910
2915
2920
2927
2934
2940
2943
2952
2954
2955
2963
2988
2998
3003
3022
3044
3051
3057
3059
3066
3073
3083
3092
3094
3112
3127
3128
3134
3160
3172
3174
3192
3204
3207
3214
3223
3228
3231
3238
3239
3242
3244
3245
3254
3255
3265
3271
3275
3282
3285
3292
3293
3297
3298
3331
3340
3342
3351
3357
3361
3375
3407
3410
3413
3420
3421
3423
3424
3429
3432
3439
3450
3451
3466
3467
3489
3493
3495
3534
3538
3543
3544
3548
3550
3552
3556
3577
3581
3590
3594
3597
3602
3604
3608
3609
3613
3624
3625
3626
3630
3658
3660
3671
3676
3683
3690
3693
3697
3698
3714
3715
3719
3725
3726
3729
3731
3739
3740
3749
3772
3776
3782
3795
3797
3800
3801
3825
3826
3827
3828
3829
3880
3897
3899
3901
3902
3913
3932
3953
3960
3961
3979
3980
3981
3982
4000
4001
4005
4006
4007
4013
4019
4020
4040
4052
4053
4054
4076
4103
4108
4111
4112
4113
4118
4122
4127
4136
4153
4154
4155
4164
4176
4188
4191
4205
4208
4212
4218
4219
4220
4224
4234
4240
4250
4258
4293
4298
4299
4300
4304
4311
4316
4325
4330
4336
4351
4358
4388
4392
4393
4396
4404
4405
4408
4424
4425
4426
4427
4438
4441
4443
4446
4447
4455
4491
4515
4518
4533
4539
4543
4544
4563
4573
4574
4581
4601
4604
4605
4618
4632
4636
4637
4645
4649
4651
4652
4657
4663
4666
4668
4674
4676
4688
4699
4719
4724
4726
4728
4741
4754
4756
4766
4770
4798
4802
4817
4843
4873
4888
4896
4919
4920
4927
4934
4940
4941
4951
4955
4964
4971
4973
4979
4981
4992
4993
4996
4997
4998
5009
5011
5066
5081
5097
5099
5105
5106
5124
5127
5152
5153
5156
5167
5172
5243
5250
5265
5292
5319
5323
5326
5335
5347
5361
5369
5387
5396
5399
5416
5418
5431
5437
5440
5442
5452
5478
5483
5491
5496
5507
5513
5521
5522
5526
5528
5531
5534
5559
5568
5571
5573
5574
5575
5576
5577
5580
5581
5583
5585
5591
5592
5598
5600
5601
5605
5618
5621
5624
5631
5636
5648
5650
5655
5656
5657
5718
5719
5724
5729
5730
5743
5754
5755
5760
5773
5778
5794
5804
5806
5812
5816
5817
5828
5849
5856
5858
5859
5868
5869
5873
5876
5881
5882
5885
5886
5887
5892
5903
5904
5917
5922
5923
5926
5927
5928
5953
5954
5957
5959
5966
5967
5999
6036
6039
6049
6050
6056
6057
6060
6061
6067
6083
6085
6093
6104
6108
6109
6126
6134
6140
6143
6169
6193
6194
6196
6203
6205
6212
6213
6214
6219
6220
6226
6243
6246
6250
6251
6252
6253
6254
6261
6262
6263
6275
6277
6297
6298
6304
6309
6337
6341
6342
6366
6367
6368
6371
6381
6389
6395
6400
6418
6425
6427
6430
6480
6481
6491
6492
6500
6507
6508
6512
6515
6544
6545
6546
6555
6576
6588
6592
6596
6600
6602
6603
6609
6626
6627
6628
6646
6650
6653
6654
6660
6661
6668
6679
6698
6701
6702
6720
6722
6723
6733
6799
6800
6801
6809
6813
6821
6834
6841
6844
6876
6877
6886
6894
6897
6903
6907
6922
6926
6929
6935
6940
6943
6944
6954
6955
6957
6962
6966
6967
6968
6990
6991
6999
7004
7009
7044
7048
7061
7097
7112
7131
7133
7190
7201
7240
7257
7260
7268
7269
7273
7290
7296
7324
7340
7343
7349
7350
7358
7359
7363
7366
7376
7385
7419
7428
7460
7490
7496
7501
7551
7557
7567
7573
7576
7583
7586
7605
7608
7614
7641
7665
7666
7671
7689
7707
7708
7719
7725
7727
7735
7739
7756
7757
7758
7761
7765
7774
7810
7811
7819
7852
7857
7909
7947
7971
7978
8049
8062
8074
8102
8115
8131
8209
8223
8230
8278
8315
8338
8357
8358
8360
8366
8367
8368
8369
8384
8410
8415
8417
8443
8461
8471
8473
8512
8567
8578
8594
8732
8733
8742
8772
8785
8820
8827
8856
8874
8899
8917
9025
9026
9045
9050
9057
9078
9095
9096
9108
9109
9117
9172
9174
9178
9179
9191
9199
9238
9239
9242
9295
9307
9336
9337
9386
9412
9426
9429
9438
9442
9452
9488
9499
9524
9541
9555
9556
9563
9613
9640
9652
9677
9679
9681
9682
9709
9721
9747
9757
9791
9798
9801
9802
9818
9820
9822
9824
9825
9829
9833
9847
9850
9859
9874
9886
9908
9911
9935
9953
9964
10018
10034
10063
10097
10123
10222
10275
10287
10295
10303
10309
10337
10348
10358
10404
10435
10519
10532
10553
10558
10560
10576
10585
10605
10647
10651
10665
10677
10685
10695
10702
10704
10753
10758
10759
10769
10814
10903
10912
10964
11015
11033
11040
11131
11139
11146
11159
11160
11210
11251
11314
11316
11323
11389
11417
11439
11490
11504
11507
11529
11534
11541
11574
11585
11594
11608
11614
11619
11640
11643
11751
11842
11847
11850
11895
11978
11980
11983
11994
12021
12041
12045
12062
12093
12100
12122
12124
12127
12129
12130
12140
12144
12225
12267
12276
12328
12358
12406
12438
12526
12538
12540
12548
12579
12619
12660
12700
12701
12709
12743
12749
12751
12761
12795
12800
12861
12870
12902
12972
13019
13087
13106
13155
13181
13227
13240
13264
13267
13299
13306
13313
13317
13338
13384
13419
13421
13426
13464
13484
13511
13512
13514
13536
13544
13559
13629
13663
13713
13776
13778
13792
13812
13813
13833
13851
13899
14000
14045
14117
14123
14174
14192
14205
14281
14391
14427
14528
14536
14554
14560
14615
14664
14702
14720
14722
14766
14776
14819
14832
14878
14904
14918
14990
14995
15066
15097
15108
15164
15195
15202
15216
15222
15243
15255
15270
15275
15301
15344
15348
15388
15395
15418
15444
15576
15650
15670
15673
15709
15740
15764
15771
15825
15865
16019
16049
16112
16154
16170
16180
16183
16277
16281
16362
16375
16397
16421
16437
16498
16524
16537
16548
16575
16578
16590
16596
16602
16623
16645
16646
16694
16724
16791
16949
17097
17134
17155
17313
17320
17440
17467
17515
17558
17559
17575
17576
17581
17652
17801
17820
17858
17887
17931
17945
17972
18112
18125
18129
18156
18181
18182
18196
18210
18211
18212
18213
18214
18215
18216
18217
18218
18219
18220
18221
18222
18223
18224
18225
18226
18227
18228
18229
18230
18974
19017
19384
