54
67
91
131
182
212
226
236
282
349
367
369
427
445
479
492
521
542
612
685
718
754
918
986
1050
1098
1122
1166
1209
1372
1400
1771
1798
1810
1913
1946
1986
2088
2327
2331
2430
2467
2582
2628
2733
2920
2991
3010
3029
3033
3037
3042
3217
3256
3271
3309
3369
3534
3550
3590
3599
3683
3689
3799
3867
3879
3997
4012
4044
4046
4153
4298
4315
4349
4427
4437
4487
4643
4716
4742
4847
4884
4931
4961
5105
5176
5367
5498
5571
5599
5840
5869
5880
5895
5929
5933
5957
6022
6070
6137
6213
6455
6612
6634
6694
6811
6917
6977
6992
7049
7101
7124
7165
7302
7338
7526
7557
7670
7759
7980
8001
8074
8229
8342
8469
8733
8862
8917
9296
9549
9699
9881
9975
10218
10390
10608
10785
10807
10969
11037
11044
11082
11204
11413
11527
11895
12276
12318
12405
12499
12638
12891
13296
13685
13813
13989
14374
14383
14627
14642
14708
14866
14927
15000
15557
15881
17096
18136
18199
18910
