0
3
4
5
7
8
9
10
11
13
14
15
16
17
18
20
21
22
23
24
25
26
27
28
29
30
31
32
33
35
36
38
39
40
41
42
43
44
45
46
47
48
50
52
53
54
55
56
57
58
59
60
62
63
64
65
66
67
68
70
71
72
73
74
75
76
77
78
79
81
82
83
84
85
86
87
88
89
90
91
92
93
94
95
96
97
98
99
100
101
102
103
104
106
107
108
109
110
111
112
113
114
115
116
117
118
119
120
121
122
123
124
125
126
127
128
129
130
131
132
134
135
136
137
138
140
141
142
143
144
145
146
147
149
150
152
153
154
155
156
157
159
162
163
164
165
166
167
168
169
170
171
172
173
174
175
176
177
178
179
180
181
182
183
185
186
187
188
189
190
191
193
194
195
196
197
198
199
200
201
202
203
204
205
206
207
208
209
210
211
212
213
214
215
216
217
218
219
221
222
224
225
226
227
228
229
230
232
233
236
237
239
240
241
242
243
244
247
248
251
252
253
254
255
256
257
258
259
260
262
263
264
265
266
267
268
269
270
271
272
273
275
276
277
278
279
280
281
282
283
284
285
286
287
288
289
290
292
293
295
296
297
298
299
300
301
302
303
304
305
306
307
308
310
312
313
314
315
318
320
321
322
323
325
326
328
329
330
333
336
337
338
339
340
342
343
344
345
346
347
348
349
350
351
352
353
354
355
356
357
358
359
360
361
362
363
364
365
366
369
370
371
372
374
375
376
377
378
379
380
383
387
388
389
393
394
395
399
400
401
402
403
405
407
408
409
410
411
412
413
414
416
417
418
419
420
421
423
424
425
426
427
428
430
431
432
433
435
436
437
438
439
440
441
442
443
444
445
446
447
448
449
450
451
453
454
456
457
458
460
463
464
465
467
470
471
474
475
476
477
479
480
481
482
483
484
487
488
490
492
493
494
500
501
502
503
504
505
506
507
508
509
510
513
514
516
517
518
519
520
522
525
526
527
528
529
530
532
533
534
535
536
537
538
539
540
541
542
543
544
545
546
547
548
549
550
551
552
553
554
555
557
558
559
561
563
564
565
566
567
569
571
573
574
575
576
579
580
581
582
583
585
586
587
588
589
590
591
592
593
594
596
597
598
599
600
601
602
603
604
606
607
608
609
610
611
612
613
615
616
617
618
619
620
622
625
626
627
628
629
631
632
633
634
635
636
637
638
639
640
642
644
645
646
650
651
652
653
654
655
656
658
659
660
661
662
663
664
665
666
667
670
671
672
673
674
675
677
678
679
680
681
682
683
684
685
687
688
689
690
692
693
694
695
696
698
700
701
702
703
705
706
707
708
709
710
711
712
716
717
718
719
720
721
722
723
724
725
726
727
728
729
730
731
733
734
735
736
737
738
739
741
743
744
745
746
748
749
750
751
752
753
754
755
756
757
758
759
760
763
765
766
767
768
769
770
771
772
773
774
775
777
778
779
780
781
782
785
786
787
788
789
790
791
792
795
796
797
798
799
800
801
802
804
805
806
807
810
811
813
814
815
817
818
819
820
822
823
824
825
826
827
829
830
831
832
834
836
837
838
839
841
843
844
845
846
848
849
850
851
853
854
855
856
857
858
859
860
863
864
865
867
868
869
870
871
872
873
874
875
877
878
879
880
881
883
884
886
887
888
889
890
891
892
894
895
897
898
903
904
905
908
909
911
912
913
917
918
920
921
922
923
924
925
926
927
928
929
930
931
932
933
934
936
937
938
940
941
943
944
945
946
947
948
949
950
952
953
954
955
956
957
958
960
963
965
966
967
968
969
970
971
972
973
974
975
976
977
978
980
981
982
983
984
986
990
991
992
995
996
997
998
999
1002
1003
1006
1007
1008
1009
1010
1011
1014
1015
1016
1018
1019
1020
1021
1022
1024
1025
1027
1029
1030
1031
1032
1033
1034
1036
1038
1040
1041
1042
1043
1047
1050
1051
1052
1055
1056
1057
1059
1061
1062
1063
1064
1065
1066
1067
1068
1069
1070
1071
1074
1075
1076
1077
1078
1081
1082
1083
1084
1085
1086
1088
1089
1090
1091
1092
1095
1096
1097
1098
1103
1104
1105
1106
1108
1111
1112
1120
1122
1123
1124
1125
1126
1129
1132
1133
1138
1139
1142
1143
1144
1145
1146
1147
1149
1150
1152
1153
1155
1156
1158
1159
1161
1162
1163
1166
1167
1169
1171
1172
1175
1179
1180
1181
1184
1186
1189
1190
1191
1192
1194
1197
1199
1200
1201
1202
1204
1206
1208
1209
1210
1213
1215
1219
1220
1222
1223
1224
1227
1230
1231
1233
1234
1237
1240
1242
1243
1244
1245
1249
1250
1253
1254
1255
1256
1258
1265
1267
1268
1269
1270
1271
1272
1274
1276
1279
1283
1284
1286
1287
1292
1293
1295
1305
1310
1312
1314
1315
1319
1320
1321
1323
1325
1326
1327
1328
1331
1332
1333
1337
1338
1341
1344
1345
1346
1347
1348
1349
1350
1351
1353
1354
1358
1359
1360
1361
1362
1363
1364
1367
1369
1370
1372
1373
1375
1378
1379
1383
1385
1386
1387
1389
1390
1392
1397
1399
1400
1402
1404
1406
1407
1410
1411
1415
1417
1418
1419
1422
1424
1425
1426
1427
1429
1432
1433
1434
1435
1436
1437
1439
1440
1442
1443
1445
1446
1447
1448
1451
1454
1455
1458
1461
1463
1464
1465
1468
1469
1470
1471
1472
1473
1474
1477
1479
1480
1481
1484
1485
1487
1489
1490
1492
1493
1494
1495
1497
1498
1500
1502
1503
1504
1505
1507
1508
1509
1513
1514
1516
1518
1520
1521
1522
1523
1524
1526
1527
1528
1532
1538
1540
1541
1543
1544
1545
1548
1551
1552
1553
1556
1560
1562
1563
1566
1567
1568
1571
1572
1573
1576
1577
1579
1580
1581
1583
1584
1585
1587
1589
1590
1591
1592
1595
1596
1598
1599
1600
1601
1602
1603
1604
1605
1608
1610
1611
1613
1616
1618
1619
1622
1625
1626
1627
1628
1629
1630
1632
1633
1635
1636
1637
1640
1641
1642
1643
1644
1646
1647
1651
1653
1655
1656
1659
1660
1661
1664
1665
1667
1668
1669
1670
1671
1672
1673
1674
1675
1677
1678
1679
1680
1683
1685
1686
1687
1688
1692
1693
1696
1697
1698
1699
1701
1705
1706
1707
1708
1709
1710
1711
1712
1713
1714
1716
1719
1720
1723
1726
1728
1729
1731
1732
1733
1735
1736
1738
1740
1742
1744
1745
1746
1747
1748
1749
1750
1753
1755
1757
1758
1760
1761
1762
1763
1769
1770
1771
1772
1773
1774
1781
1787
1788
1789
1792
1794
1795
1798
1802
1804
1805
1806
1808
1809
1810
1811
1812
1815
1819
1820
1822
1825
1826
1830
1835
1836
1837
1840
1841
1842
1843
1850
1852
1853
1856
1857
1859
1864
1866
1867
1868
1869
1870
1871
1875
1877
1880
1881
1883
1884
1887
1894
1896
1900
1901
1902
1903
1904
1905
1907
1909
1915
1918
1920
1923
1925
1927
1929
1930
1931
1933
1935
1937
1939
1940
1941
1942
1943
1945
1946
1947
1948
1949
1950
1951
1953
1956
1957
1959
1960
1961
1962
1966
1969
1970
1971
1972
1974
1977
1979
1980
1982
1983
1984
1985
1986
1989
1991
1996
1997
1999
2001
2003
2004
2005
2008
2009
2010
2011
2012
2015
2016
2017
2019
2021
2022
2024
2025
2027
2028
2030
2032
2033
2036
2037
2038
2039
2041
2043
2044
2045
2046
2047
2048
2049
2051
2052
2053
2055
2057
2059
2061
2062
2064
2066
2067
2068
2070
2073
2076
2077
2078
2081
2083
2085
2087
2088
2089
2090
2092
2096
2097
2098
2099
2100
2101
2103
2104
2105
2109
2110
2111
2112
2113
2114
2115
2120
2123
2124
2128
2129
2130
2131
2132
2134
2135
2136
2138
2140
2141
2142
2144
2146
2148
2150
2151
2154
2155
2157
2160
2161
2162
2165
2167
2168
2174
2176
2177
2179
2183
2184
2190
2192
2194
2196
2197
2199
2201
2202
2204
2205
2208
2209
2213
2218
2219
2222
2223
2225
2226
2227
2229
2231
2232
2238
2239
2240
2242
2246
2248
2249
2250
2251
2252
2254
2255
2256
2258
2259
2260
2264
2265
2268
2269
2271
2272
2273
2274
2275
2276
2277
2279
2281
2282
2284
2286
2288
2290
2291
2292
2293
2294
2295
2296
2301
2307
2308
2309
2311
2315
2316
2321
2322
2323
2325
2327
2328
2330
2333
2336
2337
2338
2339
2341
2343
2344
2345
2346
2349
2351
2354
2355
2358
2359
2361
2363
2364
2365
2366
2367
2368
2369
2372
2376
2385
2386
2388
2391
2393
2394
2398
2399
2400
2402
2403
2407
2408
2412
2413
2414
2415
2417
2418
2422
2427
2429
2430
2432
2434
2435
2436
2437
2440
2442
2443
2444
2446
2448
2450
2451
2452
2453
2455
2457
2458
2460
2462
2463
2464
2465
2466
2472
2473
2477
2481
2484
2486
2487
2488
2489
2490
2491
2492
2493
2494
2495
2496
2497
2498
2499
2501
2502
2503
2504
2507
2508
2510
2511
2513
2515
2516
2517
2518
2520
2521
2522
2523
2524
2525
2526
2527
2528
2529
2530
2531
2535
2536
2537
2538
2539
2543
2544
2545
2546
2547
2548
2549
2550
2551
2552
2553
2556
2557
2558
2559
2560
2561
2562
2563
2565
2566
2567
2568
2569
2570
2571
2572
2573
2574
2575
2576
2579
2581
2582
2583
2585
2586
2587
2588
2590
2591
2592
2593
2594
2595
2597
2598
2599
2600
2601
2602
2603
2604
2605
2606
2608
2609
2610
2611
2612
2613
2614
2615
2616
2617
2619
2620
2621
2622
2623
2624
2625
2626
2627
2628
2629
2633
2634
2635
2636
2637
2640
2641
2642
2643
2644
2645
2646
2647
2648
2649
2650
2651
2652
2653
2657
2658
2659
2660
2661
2662
2663
2664
2665
2666
2667
2668
2669
2670
2671
2673
2674
2676
2677
2678
2679
2680
2681
2682
2683
2684
2685
2686
2688
2689
2690
2691
2692
2693
2694
2696
2701
2702
2703
2704
2705
2706
2707
2708
2709
2710
2713
2714
2715
2717
2718
2719
2720
2721
2722
2723
2724
2725
2727
2729
2730
2732
2733
2734
2735
2737
2738
2739
2742
2743
2746
2747
2748
2749
2750
2754
2755
2756
2757
2758
2759
2760
2761
2762
2763
2765
2766
2769
2770
2771
2772
2774
2775
2776
2777
2778
2779
2780
2781
2782
2784
2785
2787
2788
2789
2790
2792
2793
2794
2795
2796
2800
2801
2802
2803
2804
2805
2807
2808
2809
2810
2811
2813
2814
2815
2816
2817
2818
2822
2823
2824
2826
2827
2829
2830
2832
2833
2834
2835
2836
2837
2838
2839
2840
2841
2843
2844
2845
2846
2848
2850
2851
2852
2853
2854
2855
2856
2857
2859
2860
2861
2862
2863
2864
2865
2868
2869
2870
2871
2872
2873
2875
2876
2877
2878
2879
2880
2882
2885
2886
2890
2893
2894
2895
2896
2897
2898
2899
2900
2901
2902
2903
2904
2906
2907
2908
2909
2910
2912
2913
2914
2915
2916
2919
2920
2921
2922
2924
2927
2930
2931
2932
2933
2934
2936
2937
2939
2940
2941
2942
2943
2944
2945
2946
2947
2948
2949
2950
2951
2952
2953
2954
2955
2959
2960
2962
2963
2965
2967
2969
2970
2971
2973
2976
2977
2979
2980
2983
2987
2988
2989
2991
2992
2994
2996
2997
2998
2999
3000
3002
3003
3004
3007
3008
3009
3010
3011
3013
3016
3018
3019
3020
3022
3024
3025
3028
3029
3033
3034
3035
3036
3037
3038
3039
3044
3046
3047
3049
3050
3051
3053
3054
3056
3057
3058
3059
3060
3061
3064
3065
3066
3068
3069
3070
3071
3073
3077
3079
3081
3082
3083
3084
3086
3087
3088
3089
3090
3091
3092
3093
3094
3095
3097
3099
3100
3102
3103
3105
3106
3107
3109
3110
3111
3112
3113
3115
3116
3117
3118
3119
3123
3124
3125
3126
3127
3128
3130
3132
3133
3134
3135
3136
3139
3140
3142
3144
3145
3147
3150
3151
3152
3153
3154
3156
3157
3158
3159
3160
3161
3162
3163
3164
3165
3166
3168
3169
3170
3171
3172
3174
3176
3177
3179
3182
3183
3184
3185
3186
3187
3188
3190
3192
3193
3196
3201
3204
3205
3206
3207
3208
3209
3210
3211
3213
3214
3215
3216
3217
3218
3219
3222
3223
3227
3228
3230
3231
3232
3233
3234
3235
3237
3238
3239
3240
3242
3244
3245
3248
3249
3250
3253
3254
3255
3256
3257
3258
3261
3262
3263
3264
3265
3267
3270
3271
3275
3277
3279
3281
3282
3283
3285
3286
3287
3288
3289
3291
3292
3293
3296
3297
3298
3301
3302
3304
3306
3308
3309
3311
3313
3314
3315
3316
3319
3320
3321
3322
3323
3324
3325
3326
3328
3330
3331
3334
3336
3337
3340
3341
3342
3343
3344
3345
3346
3347
3348
3349
3350
3351
3354
3356
3357
3359
3360
3361
3363
3365
3368
3369
3370
3371
3373
3374
3375
3376
3379
3380
3382
3383
3384
3385
3386
3387
3388
3390
3394
3395
3396
3397
3398
3401
3402
3403
3404
3405
3407
3408
3409
3410
3412
3413
3415
3416
3417
3418
3419
3420
3421
3422
3423
3424
3426
3428
3429
3431
3432
3433
3434
3436
3437
3439
3440
3441
3442
3443
3445
3446
3449
3450
3451
3452
3453
3454
3455
3456
3457
3458
3459
3461
3462
3463
3464
3465
3466
3467
3468
3470
3472
3473
3474
3475
3476
3477
3478
3479
3480
3481
3482
3483
3484
3485
3486
3487
3488
3489
3491
3493
3495
3496
3504
3506
3507
3509
3510
3511
3512
3513
3515
3516
3517
3518
3519
3520
3521
3522
3523
3524
3525
3526
3527
3529
3532
3533
3534
3535
3536
3538
3539
3540
3542
3543
3544
3545
3546
3547
3548
3549
3550
3551
3552
3553
3554
3556
3557
3559
3560
3562
3564
3565
3566
3567
3568
3569
3570
3571
3572
3573
3574
3575
3576
3577
3578
3579
3580
3581
3582
3583
3584
3585
3586
3589
3590
3591
3592
3593
3594
3595
3596
3597
3598
3599
3601
3602
3603
3604
3605
3606
3607
3608
3609
3610
3611
3612
3613
3614
3616
3617
3619
3620
3621
3622
3623
3624
3625
3626
3627
3628
3629
3630
3631
3632
3633
3634
3635
3637
3638
3639
3641
3642
3643
3644
3646
3647
3648
3650
3651
3652
3653
3654
3655
3656
3657
3658
3660
3661
3662
3665
3667
3668
3669
3670
3671
3672
3673
3674
3675
3676
3677
3679
3680
3681
3682
3683
3686
3687
3688
3689
3690
3691
3692
3693
3694
3695
3696
3697
3698
3699
3700
3701
3702
3703
3704
3705
3706
3707
3708
3709
3712
3713
3714
3715
3716
3717
3719
3720
3721
3722
3724
3725
3726
3727
3729
3730
3731
3732
3733
3734
3735
3737
3738
3739
3740
3741
3742
3744
3745
3746
3747
3749
3751
3752
3753
3754
3755
3756
3757
3758
3759
3760
3761
3762
3763
3764
3765
3766
3767
3769
3770
3771
3772
3773
3774
3775
3776
3777
3778
3782
3783
3786
3789
3790
3791
3793
3795
3796
3797
3798
3799
3800
3801
3802
3803
3804
3806
3807
3808
3809
3811
3813
3814
3815
3816
3817
3818
3819
3820
3821
3822
3823
3824
3825
3826
3827
3828
3829
3830
3831
3833
3834
3835
3837
3839
3840
3842
3843
3844
3845
3847
3851
3852
3853
3854
3855
3856
3857
3859
3860
3861
3862
3863
3864
3865
3866
3867
3868
3869
3870
3871
3873
3874
3878
3879
3880
3881
3884
3886
3887
3889
3896
3897
3898
3899
3900
3901
3902
3906
3907
3908
3909
3910
3911
3912
3913
3919
3921
3922
3923
3924
3926
3927
3929
3930
3931
3932
3943
3952
3953
3954
3955
3956
3957
3958
3960
3961
3962
3963
3964
3965
3967
3968
3969
3970
3971
3972
3973
3974
3975
3977
3979
3980
3981
3982
3983
3984
3988
3990
3993
3994
3995
3997
3999
4000
4001
4005
4006
4007
4008
4009
4012
4013
4017
4018
4019
4020
4022
4023
4024
4025
4026
4027
4030
4032
4033
4034
4035
4036
4038
4039
4040
4046
4048
4051
4052
4053
4054
4056
4057
4061
4062
4064
4065
4066
4067
4070
4071
4073
4074
4076
4077
4079
4082
4084
4085
4086
4087
4089
4090
4094
4096
4097
4098
4100
4101
4102
4103
4104
4105
4106
4107
4108
4109
4110
4111
4112
4113
4115
4116
4117
4118
4119
4120
4122
4124
4125
4126
4127
4128
4129
4131
4132
4134
4135
4136
4137
4138
4139
4141
4142
4143
4145
4146
4147
4148
4149
4151
4153
4154
4155
4156
4157
4159
4160
4162
4164
4165
4168
4169
4170
4171
4172
4173
4175
4176
4178
4179
4180
4184
4185
4186
4188
4190
4191
4192
4194
4196
4197
4198
4199
4200
4201
4202
4203
4205
4206
4207
4208
4211
4212
4213
4214
4215
4216
4217
4218
4219
4220
4223
4224
4225
4228
4229
4230
4231
4232
4234
4237
4238
4240
4241
4242
4243
4249
4250
4251
4253
4255
4256
4257
4258
4264
4265
4266
4267
4268
4269
4271
4273
4274
4275
4276
4277
4278
4279
4280
4281
4283
4284
4289
4290
4291
4293
4294
4295
4298
4299
4300
4301
4302
4303
4304
4305
4307
4308
4309
4310
4311
4312
4313
4314
4315
4316
4317
4321
4322
4323
4324
4325
4329
4330
4331
4332
4333
4334
4335
4336
4338
4340
4347
4348
4349
4350
4351
4352
4353
4354
4356
4357
4358
4359
4360
4362
4364
4365
4366
4367
4368
4370
4371
4374
4375
4376
4377
4379
4381
4382
4383
4384
4385
4387
4388
4389
4390
4391
4392
4393
4396
4397
4398
4399
4400
4401
4402
4403
4404
4405
4408
4412
4413
4415
4418
4419
4420
4424
4425
4426
4427
4428
4430
4431
4434
4437
4438
4439
4441
4443
4444
4445
4446
4447
4448
4449
4451
4453
4454
4455
4456
4458
4462
4465
4466
4467
4468
4469
4470
4472
4473
4474
4475
4476
4477
4478
4479
4480
4481
4483
4484
4486
4487
4488
4489
4490
4491
4492
4493
4494
4495
4496
4497
4501
4502
4503
4506
4511
4513
4514
4515
4518
4519
4521
4523
4527
4528
4531
4532
4533
4534
4535
4536
4538
4539
4542
4543
4544
4545
4546
4547
4548
4549
4552
4553
4554
4555
4559
4560
4561
4562
4563
4565
4566
4567
4568
4569
4571
4572
4573
4574
4575
4576
4577
4579
4581
4582
4583
4585
4587
4595
4596
4597
4600
4601
4603
4604
4605
4606
4607
4610
4613
4614
4615
4617
4618
4619
4621
4622
4623
4624
4625
4626
4629
4632
4633
4634
4635
4636
4637
4639
4640
4641
4642
4643
4644
4645
4646
4647
4649
4651
4652
4655
4657
4659
4660
4663
4664
4666
4667
4668
4671
4674
4676
4677
4678
4679
4682
4683
4684
4685
4687
4688
4690
4691
4693
4694
4696
4697
4698
4699
4701
4702
4703
4704
4705
4706
4707
4708
4709
4710
4711
4713
4714
4715
4716
4717
4719
4723
4724
4726
4727
4728
4732
4733
4734
4735
4736
4737
4738
4741
4742
4745
4746
4748
4752
4753
4754
4755
4756
4757
4758
4759
4760
4761
4763
4765
4766
4767
4768
4769
4770
4774
4775
4776
4778
4780
4781
4785
4787
4788
4792
4794
4797
4798
4799
4800
4801
4802
4803
4804
4805
4806
4808
4809
4810
4811
4812
4813
4815
4816
4817
4821
4822
4827
4828
4830
4831
4833
4834
4837
4838
4839
4840
4841
4843
4846
4847
4849
4851
4852
4853
4854
4857
4859
4860
4861
4862
4864
4866
4868
4869
4871
4872
4873
4875
4876
4877
4878
4879
4880
4881
4882
4883
4884
4886
4887
4888
4889
4890
4893
4894
4896
4898
4900
4902
4903
4906
4907
4908
4909
4910
4911
4912
4913
4914
4915
4917
4918
4919
4920
4921
4922
4923
4926
4927
4928
4929
4930
4931
4932
4934
4938
4940
4941
4942
4943
4944
4946
4951
4952
4953
4955
4957
4958
4959
4961
4962
4964
4967
4968
4969
4971
4973
4975
4976
4979
4981
4988
4991
4992
4993
4994
4996
4997
4998
4999
5001
5002
5006
5007
5008
5009
5010
5011
5013
5014
5019
5022
5025
5030
5034
5035
5036
5037
5040
5041
5042
5043
5045
5046
5048
5050
5051
5052
5055
5056
5061
5062
5063
5064
5065
5066
5067
5068
5070
5071
5072
5074
5075
5076
5081
5082
5084
5086
5087
5088
5097
5099
5100
5101
5102
5105
5106
5109
5110
5111
5112
5114
5116
5118
5119
5120
5121
5123
5124
5125
5126
5127
5131
5133
5134
5144
5145
5147
5148
5152
5153
5154
5156
5157
5158
5160
5167
5169
5170
5172
5173
5174
5176
5177
5179
5182
5183
5184
5186
5188
5192
5193
5194
5195
5196
5197
5199
5204
5205
5211
5220
5221
5222
5226
5228
5229
5230
5231
5233
5234
5235
5241
5242
5243
5244
5247
5248
5250
5251
5252
5254
5255
5258
5261
5262
5263
5264
5265
5266
5267
5268
5270
5271
5272
5273
5275
5279
5280
5282
5286
5287
5290
5292
5293
5294
5296
5298
5300
5302
5303
5304
5305
5306
5309
5310
5311
5312
5315
5316
5317
5318
5319
5321
5323
5325
5326
5330
5331
5332
5334
5335
5338
5340
5342
5347
5351
5352
5354
5356
5357
5358
5359
5360
5361
5364
5366
5367
5369
5370
5371
5372
5373
5376
5379
5380
5381
5382
5383
5384
5387
5389
5390
5392
5393
5396
5397
5399
5400
5401
5402
5405
5408
5413
5416
5417
5418
5419
5421
5422
5425
5428
5429
5430
5431
5432
5433
5435
5437
5438
5440
5441
5442
5443
5449
5450
5451
5452
5456
5457
5458
5459
5460
5461
5464
5465
5466
5470
5471
5475
5476
5477
5478
5479
5480
5481
5483
5484
5486
5487
5488
5489
5490
5491
5493
5494
5496
5497
5499
5500
5502
5503
5504
5505
5506
5507
5508
5510
5511
5512
5513
5514
5515
5516
5519
5520
5521
5522
5523
5524
5526
5527
5528
5529
5531
5533
5534
5535
5536
5540
5544
5545
5546
5549
5550
5551
5556
5557
5559
5560
5561
5563
5565
5566
5567
5568
5571
5572
5573
5574
5575
5576
5577
5578
5579
5580
5581
5583
5584
5585
5586
5587
5588
5589
5590
5591
5592
5594
5595
5596
5598
5599
5600
5601
5602
5603
5604
5605
5606
5609
5611
5613
5615
5618
5620
5621
5623
5624
5625
5626
5628
5629
5630
5631
5632
5633
5634
5635
5636
5638
5639
5640
5642
5643
5644
5645
5646
5648
5650
5651
5652
5653
5654
5655
5656
5657
5660
5661
5662
5663
5664
5667
5668
5669
5671
5673
5674
5675
5676
5677
5678
5679
5680
5681
5682
5683
5684
5686
5687
5688
5692
5697
5698
5699
5700
5701
5702
5706
5709
5710
5711
5712
5713
5714
5715
5717
5718
5719
5720
5721
5723
5724
5725
5726
5728
5729
5730
5731
5732
5734
5735
5736
5737
5739
5740
5741
5742
5743
5745
5746
5747
5748
5749
5750
5751
5754
5755
5759
5760
5762
5763
5764
5765
5766
5767
5768
5770
5771
5772
5773
5774
5778
5779
5780
5781
5783
5784
5787
5789
5790
5791
5792
5793
5794
5798
5800
5801
5803
5804
5805
5806
5808
5810
5812
5814
5815
5816
5817
5820
5822
5823
5824
5827
5828
5829
5831
5832
5833
5834
5835
5836
5837
5838
5840
5841
5842
5843
5847
5848
5849
5850
5852
5853
5854
5855
5856
5858
5859
5860
5861
5865
5866
5867
5868
5869
5871
5872
5873
5874
5875
5876
5877
5878
5879
5880
5881
5882
5883
5884
5885
5886
5887
5888
5890
5891
5892
5896
5897
5898
5901
5902
5903
5904
5905
5908
5911
5912
5914
5915
5916
5917
5918
5919
5920
5921
5922
5923
5926
5927
5928
5929
5930
5931
5933
5934
5936
5938
5939
5940
5941
5942
5943
5945
5946
5947
5948
5949
5950
5952
5953
5954
5955
5956
5957
5958
5959
5960
5961
5966
5967
5968
5970
5971
5973
5977
5980
5984
5985
5986
5987
5988
5989
5990
5991
5992
5993
5994
5996
5998
5999
6000
6001
6002
6004
6005
6006
6007
6008
6009
6011
6013
6015
6016
6018
6019
6020
6021
6022
6023
6025
6026
6027
6031
6033
6035
6036
6037
6038
6039
6040
6041
6043
6044
6045
6049
6050
6051
6053
6056
6057
6058
6060
6061
6063
6064
6066
6067
6068
6069
6070
6072
6073
6074
6076
6077
6079
6080
6082
6083
6085
6086
6087
6088
6089
6090
6091
6092
6093
6094
6095
6096
6097
6098
6099
6102
6103
6104
6106
6108
6109
6111
6112
6113
6114
6116
6120
6121
6122
6124
6125
6126
6131
6133
6135
6137
6138
6139
6140
6141
6142
6143
6144
6145
6148
6149
6150
6151
6157
6158
6159
6160
6161
6162
6163
6164
6166
6167
6169
6170
6171
6174
6182
6184
6185
6186
6187
6191
6193
6194
6196
6199
6200
6201
6203
6204
6205
6206
6209
6212
6213
6214
6217
6218
6219
6220
6221
6223
6224
6225
6226
6227
6229
6230
6231
6232
6233
6234
6238
6241
6242
6243
6245
6246
6248
6249
6250
6251
6252
6253
6254
6257
6259
6261
6262
6263
6264
6265
6267
6268
6270
6271
6272
6273
6274
6275
6276
6277
6278
6279
6281
6282
6283
6285
6287
6289
6291
6293
6294
6296
6297
6298
6299
6300
6301
6302
6304
6305
6306
6307
6309
6310
6313
6314
6317
6320
6321
6324
6325
6329
6331
6332
6333
6335
6336
6337
6341
6342
6343
6345
6348
6349
6350
6351
6352
6353
6354
6355
6356
6357
6358
6360
6361
6362
6363
6364
6366
6367
6368
6369
6370
6371
6372
6373
6374
6375
6376
6377
6378
6379
6381
6382
6383
6384
6385
6386
6388
6389
6390
6391
6392
6393
6395
6396
6397
6398
6400
6401
6404
6411
6412
6413
6414
6415
6416
6418
6419
6420
6421
6424
6425
6427
6428
6430
6432
6433
6434
6435
6436
6439
6441
6447
6455
6457
6458
6460
6461
6462
6463
6464
6466
6467
6468
6469
6472
6475
6478
6479
6480
6481
6484
6488
6489
6491
6492
6493
6495
6496
6497
6498
6500
6504
6505
6507
6508
6509
6510
6511
6512
6514
6515
6516
6518
6519
6521
6522
6523
6524
6530
6531
6532
6533
6535
6536
6537
6538
6539
6541
6544
6545
6546
6548
6549
6551
6552
6553
6555
6556
6557
6559
6560
6561
6562
6563
6564
6565
6566
6569
6571
6574
6575
6576
6577
6578
6580
6584
6585
6586
6587
6588
6589
6590
6591
6592
6593
6594
6596
6597
6599
6600
6602
6603
6609
6612
6613
6616
6618
6619
6620
6621
6622
6624
6625
6626
6627
6628
6629
6630
6631
6633
6634
6637
6638
6639
6641
6644
6645
6646
6649
6650
6653
6654
6658
6660
6661
6662
6664
6665
6667
6668
6669
6670
6671
6672
6673
6674
6675
6679
6680
6681
6683
6684
6687
6689
6693
6694
6696
6697
6698
6699
6701
6702
6703
6704
6705
6710
6711
6712
6713
6714
6715
6718
6719
6720
6721
6722
6723
6725
6726
6727
6728
6730
6731
6733
6738
6739
6741
6742
6744
6746
6747
6748
6752
6753
6755
6756
6757
6761
6762
6765
6767
6769
6770
6771
6772
6781
6782
6783
6784
6786
6787
6788
6790
6791
6792
6793
6795
6796
6800
6801
6802
6803
6804
6807
6809
6810
6811
6812
6813
6814
6818
6821
6825
6831
6833
6834
6836
6840
6841
6842
6843
6844
6851
6856
6857
6858
6859
6860
6861
6862
6863
6866
6868
6869
6870
6871
6872
6875
6876
6877
6881
6883
6884
6885
6886
6889
6890
6891
6892
6893
6894
6895
6897
6900
6903
6904
6906
6907
6908
6910
6911
6913
6914
6915
6916
6917
6918
6921
6922
6926
6927
6928
6929
6933
6934
6935
6936
6937
6938
6940
6943
6944
6945
6947
6948
6953
6954
6955
6956
6957
6962
6965
6966
6967
6968
6970
6972
6973
6974
6977
6980
6981
6982
6990
6991
6992
6994
6995
6998
6999
7002
7004
7005
7006
7008
7009
7010
7012
7013
7015
7016
7018
7020
7027
7034
7036
7037
7038
7040
7041
7042
7044
7045
7046
7048
7049
7055
7058
7060
7061
7063
7064
7065
7067
7068
7069
7072
7073
7074
7075
7079
7081
7086
7087
7089
7091
7093
7095
7097
7098
7099
7100
7103
7108
7109
7111
7112
7113
7117
7118
7125
7126
7130
7131
7132
7133
7134
7135
7136
7137
7140
7141
7142
7146
7147
7148
7149
7150
7151
7152
7153
7154
7155
7164
7165
7166
7167
7168
7169
7172
7174
7175
7176
7177
7178
7179
7180
7181
7183
7188
7189
7190
7192
7193
7194
7198
7199
7201
7202
7203
7204
7205
7208
7209
7210
7211
7220
7221
7222
7223
7224
7225
7226
7227
7228
7229
7230
7232
7234
7235
7236
7238
7240
7241
7242
7243
7244
7245
7246
7247
7248
7249
7250
7253
7254
7256
7257
7258
7259
7260
7261
7264
7265
7268
7269
7270
7271
7273
7274
7275
7276
7277
7278
7279
7280
7282
7284
7285
7286
7289
7290
7292
7294
7296
7297
7298
7300
7302
7307
7311
7314
7315
7316
7317
7319
7320
7322
7323
7324
7326
7328
7332
7333
7334
7335
7337
7338
7340
7341
7342
7343
7344
7345
7349
7350
7351
7352
7353
7354
7358
7359
7360
7362
7363
7366
7367
7368
7376
7377
7378
7379
7382
7384
7385
7387
7391
7397
7398
7401
7402
7403
7405
7406
7409
7410
7411
7412
7413
7414
7416
7417
7419
7420
7422
7425
7427
7428
7429
7430
7432
7436
7437
7438
7439
7441
7442
7443
7444
7447
7449
7450
7451
7452
7453
7454
7458
7459
7460
7461
7462
7463
7466
7469
7470
7472
7473
7474
7475
7477
7478
7480
7482
7486
7488
7489
7490
7491
7492
7493
7496
7497
7498
7499
7501
7503
7504
7506
7507
7508
7512
7513
7514
7515
7517
7519
7520
7521
7530
7532
7533
7534
7535
7537
7538
7539
7544
7545
7546
7547
7550
7551
7552
7553
7554
7557
7558
7559
7560
7562
7563
7565
7567
7569
7570
7571
7572
7573
7574
7575
7576
7577
7578
7579
7583
7584
7586
7587
7588
7589
7590
7592
7593
7594
7595
7596
7598
7599
7601
7602
7604
7605
7606
7608
7609
7610
7611
7612
7614
7616
7617
7618
7620
7621
7622
7624
7625
7626
7627
7629
7630
7631
7633
7635
7636
7637
7638
7639
7640
7641
7643
7644
7645
7650
7651
7652
7654
7655
7657
7658
7661
7662
7664
7665
7666
7667
7670
7671
7676
7677
7679
7680
7683
7684
7685
7686
7687
7688
7689
7690
7691
7694
7695
7696
7699
7700
7701
7703
7705
7706
7707
7708
7709
7710
7711
7712
7713
7714
7715
7717
7719
7720
7722
7724
7725
7726
7727
7730
7732
7733
7734
7735
7736
7737
7739
7740
7741
7742
7744
7746
7747
7748
7749
7750
7751
7752
7754
7756
7757
7758
7760
7761
7762
7765
7766
7769
7770
7772
7773
7774
7775
7776
7777
7779
7780
7783
7784
7787
7788
7789
7790
7791
7793
7794
7796
7797
7799
7800
7801
7803
7804
7805
7807
7808
7810
7811
7812
7813
7816
7817
7818
7819
7823
7825
7826
7827
7829
7830
7831
7832
7834
7835
7836
7837
7839
7842
7846
7851
7852
7854
7855
7856
7857
7858
7861
7862
7863
7864
7865
7869
7870
7871
7873
7874
7876
7877
7879
7880
7884
7886
7887
7888
7889
7891
7892
7893
7894
7897
7898
7899
7902
7903
7904
7905
7906
7907
7909
7912
7913
7915
7916
7917
7919
7921
7923
7924
7925
7926
7930
7932
7934
7937
7940
7946
7947
7948
7949
7954
7955
7956
7958
7959
7962
7964
7965
7969
7970
7971
7973
7976
7978
7979
7980
7981
7982
7984
7986
7987
7989
7993
7994
7997
7998
8000
8001
8003
8006
8008
8009
8010
8014
8015
8016
8021
8026
8030
8034
8036
8037
8039
8040
8041
8044
8045
8046
8047
8048
8049
8051
8052
8053
8054
8055
8056
8058
8062
8063
8064
8065
8066
8070
8071
8074
8075
8076
8077
8078
8080
8081
8084
8086
8087
8089
8090
8091
8092
8099
8100
8101
8102
8105
8106
8107
8110
8112
8113
8115
8116
8118
8119
8120
8123
8125
8126
8127
8129
8130
8131
8133
8134
8135
8136
8137
8138
8141
8142
8143
8145
8146
8149
8150
8153
8158
8161
8162
8164
8165
8166
8167
8168
8169
8170
8174
8175
8176
8186
8188
8192
8194
8195
8198
8199
8200
8204
8206
8208
8209
8213
8215
8218
8219
8223
8227
8228
8229
8230
8233
8234
8236
8237
8239
8242
8243
8245
8246
8247
8249
8250
8251
8252
8253
8256
8264
8265
8267
8268
8269
8270
8271
8272
8273
8274
8275
8276
8277
8278
8279
8281
8282
8285
8286
8291
8292
8297
8304
8307
8312
8314
8315
8316
8317
8318
8320
8324
8327
8330
8331
8332
8333
8335
8336
8337
8338
8340
8341
8342
8343
8345
8346
8347
8348
8349
8350
8352
8354
8357
8358
8359
8360
8364
8366
8367
8368
8369
8371
8372
8373
8374
8376
8377
8381
8382
8384
8388
8392
8394
8397
8400
8403
8404
8405
8407
8408
8410
8412
8413
8415
8416
8417
8418
8419
8421
8422
8423
8425
8426
8428
8430
8431
8432
8433
8434
8435
8436
8437
8439
8440
8441
8443
8449
8450
8451
8453
8455
8456
8457
8458
8461
8462
8463
8467
8468
8469
8471
8472
8473
8476
8477
8480
8481
8485
8486
8488
8489
8492
8493
8495
8496
8497
8498
8499
8500
8502
8505
8508
8511
8512
8513
8516
8518
8521
8522
8525
8529
8530
8533
8536
8537
8539
8540
8541
8545
8547
8549
8552
8559
8566
8567
8568
8572
8574
8577
8578
8579
8582
8583
8586
8587
8593
8594
8596
8597
8599
8600
8603
8605
8606
8608
8609
8612
8613
8614
8616
8618
8622
8623
8628
8629
8630
8631
8635
8643
8646
8647
8648
8650
8651
8652
8655
8659
8660
8669
8674
8676
8680
8684
8696
8704
8705
8732
8733
8736
8737
8739
8740
8741
8742
8744
8745
8746
8748
8752
8753
8754
8755
8762
8764
8768
8769
8771
8772
8773
8774
8775
8780
8785
8786
8787
8789
8790
8792
8793
8794
8796
8799
8801
8802
8803
8808
8811
8813
8816
8818
8820
8824
8825
8826
8827
8828
8829
8830
8834
8835
8836
8837
8839
8842
8843
8847
8849
8852
8855
8856
8857
8859
8862
8863
8864
8865
8866
8868
8869
8871
8873
8874
8875
8877
8889
8891
8893
8894
8895
8896
8897
8898
8899
8902
8904
8905
8906
8909
8916
8917
8920
8921
8922
8923
8924
8926
8927
8928
8930
8932
8939
8940
8943
8944
8945
8947
8948
8949
8951
8953
8955
8958
8960
8961
8965
8968
8970
8971
8973
8974
8977
8979
8980
8988
8989
9002
9003
9004
9005
9006
9007
9008
9009
9010
9011
9013
9014
9015
9018
9021
9024
9025
9026
9029
9031
9036
9037
9038
9039
9040
9044
9045
9049
9050
9052
9053
9054
9057
9058
9060
9061
9062
9064
9066
9067
9069
9071
9072
9073
9074
9075
9076
9078
9079
9081
9083
9085
9086
9089
9090
9091
9092
9094
9095
9096
9098
9099
9102
9104
9105
9106
9107
9108
9109
9111
9115
9117
9121
9124
9126
9128
9129
9131
9135
9140
9141
9142
9143
9144
9146
9148
9149
9150
9152
9153
9154
9155
9156
9157
9163
9165
9166
9169
9170
9173
9174
9175
9176
9178
9179
9181
9182
9185
9190
9191
9194
9195
9198
9199
9204
9207
9208
9210
9221
9223
9231
9232
9233
9236
9238
9239
9240
9242
9243
9246
9250
9252
9253
9256
9257
9260
9261
9263
9267
9268
9270
9271
9272
9274
9275
9279
9280
9281
9282
9287
9288
9289
9290
9295
9297
9307
9312
9315
9316
9317
9318
9325
9326
9331
9334
9335
9336
9337
9338
9343
9348
9350
9351
9352
9360
9361
9364
9365
9366
9369
9371
9376
9377
9378
9379
9380
9382
9383
9384
9385
9386
9390
9392
9404
9409
9412
9413
9417
9418
9423
9426
9428
9429
9432
9435
9438
9439
9440
9441
9442
9443
9445
9446
9447
9448
9449
9452
9454
9459
9461
9465
9469
9471
9475
9476
9478
9481
9485
9488
9489
9490
9491
9494
9497
9498
9499
9501
9502
9503
9505
9506
9507
9508
9511
9512
9514
9518
9519
9520
9521
9522
9524
9525
9526
9528
9529
9530
9531
9533
9537
9538
9540
9541
9542
9543
9544
9547
9549
9550
9552
9554
9555
9556
9562
9563
9564
9565
9567
9568
9569
9570
9571
9574
9575
9576
9577
9578
9579
9581
9584
9586
9588
9589
9592
9593
9594
9595
9598
9600
9601
9602
9606
9607
9609
9613
9619
9620
9622
9623
9625
9626
9631
9634
9637
9638
9639
9640
9646
9652
9653
9655
9656
9660
9661
9663
9665
9666
9668
9669
9670
9671
9674
9676
9677
9679
9681
9682
9684
9688
9691
9693
9694
9695
9696
9697
9699
9701
9702
9708
9709
9711
9712
9715
9716
9717
9720
9721
9724
9725
9727
9728
9737
9742
9747
9748
9749
9751
9753
9755
9756
9757
9758
9759
9761
9764
9766
9767
9768
9769
9770
9771
9776
9778
9780
9783
9787
9788
9789
9791
9797
9798
9801
9802
9804
9808
9810
9811
9813
9815
9816
9818
9820
9821
9822
9824
9825
9826
9827
9828
9829
9830
9831
9833
9835
9836
9837
9840
9846
9847
9848
9849
9850
9851
9857
9859
9860
9861
9867
9868
9869
9874
9877
9878
9881
9882
9883
9884
9885
9886
9888
9893
9897
9899
9902
9904
9906
9907
9908
9909
9910
9911
9912
9915
9920
9921
9927
9929
9931
9935
9937
9939
9941
9942
9944
9945
9950
9953
9955
9959
9964
9973
9974
9975
9976
9977
9980
9981
9982
9987
9988
9990
9994
9995
10000
10008
10009
10012
10016
10018
10019
10020
10023
10024
10029
10031
10032
10034
10035
10036
10037
10043
10044
10045
10048
10050
10054
10058
10062
10063
10064
10065
10066
10067
10068
10074
10075
10077
10080
10082
10083
10088
10089
10091
10097
10101
10110
10111
10113
10114
10123
10124
10125
10126
10127
10132
10136
10138
10139
10143
10144
10151
10152
10154
10155
10156
10159
10163
10164
10165
10170
10180
10181
10185
10187
10188
10189
10190
10192
10193
10195
10201
10210
10213
10218
10219
10222
10227
10229
10230
10231
10232
10235
10237
10240
10241
10243
10244
10245
10249
10253
10256
10257
10258
10265
10266
10268
10272
10273
10274
10275
10279
10280
10282
10283
10287
10290
10294
10295
10296
10298
10301
10302
10303
10306
10307
10309
10315
10317
10324
10334
10337
10345
10348
10349
10350
10352
10354
10357
10358
10359
10365
10368
10372
10377
10380
10383
10384
10388
10390
10395
10398
10404
10409
10410
10413
10424
10425
10426
10428
10432
10435
10436
10439
10443
10445
10447
10450
10455
10458
10460
10467
10468
10471
10473
10474
10478
10480
10482
10485
10486
10490
10513
10514
10519
10521
10528
10532
10533
10538
10543
10544
10545
10550
10551
10553
10556
10558
10560
10562
10567
10570
10571
10576
10577
10578
10580
10583
10585
10587
10591
10595
10596
10597
10605
10607
10608
10611
10616
10622
10626
10627
10633
10636
10640
10642
10646
10647
10651
10654
10659
10664
10665
10670
10672
10675
10677
10678
10681
10685
10690
10691
10695
10699
10701
10702
10703
10704
10708
10710
10715
10716
10717
10727
10728
10729
10731
10741
10742
10743
10749
10751
10752
10753
10754
10755
10756
10758
10759
10760
10761
10762
10763
10764
10769
10771
10772
10774
10775
10776
10777
10778
10779
10780
10781
10783
10784
10785
10786
10789
10791
10792
10795
10796
10799
10800
10801
10802
10803
10804
10805
10806
10807
10809
10813
10814
10815
10816
10821
10822
10823
10827
10829
10831
10832
10839
10840
10845
10846
10852
10853
10860
10864
10865
10866
10869
10872
10876
10877
10879
10881
10889
10893
10898
10901
10903
10908
10909
10912
10914
10917
10920
10921
10924
10932
10936
10938
10939
10940
10941
10942
10943
10945
10948
10949
10950
10952
10955
10957
10964
10971
10972
10973
10974
10978
10982
10983
10988
11000
11003
11005
11008
11009
11013
11014
11015
11020
11021
11022
11023
11031
11033
11035
11036
11037
11038
11039
11040
11042
11044
11046
11051
11053
11059
11062
11064
11065
11068
11070
11072
11074
11081
11082
11086
11087
11088
11090
11092
11093
11097
11098
11102
11105
11107
11109
11115
11116
11120
11121
11123
11127
11131
11135
11137
11139
11143
11144
11145
11146
11147
11151
11153
11154
11156
11157
11159
11160
11166
11178
11181
11183
11194
11197
11206
11209
11210
11211
11213
11215
11218
11234
11250
11251
11255
11256
11258
11262
11266
11270
11277
11284
11285
11293
11297
11299
11303
11305
11307
11314
11316
11321
11322
11323
11327
11334
11339
11342
11343
11344
11345
11348
11352
11358
11363
11365
11367
11375
11379
11383
11387
11389
11390
11392
11394
11395
11398
11400
11401
11402
11403
11404
11405
11406
11408
11410
11412
11413
11414
11417
11418
11420
11421
11422
11423
11425
11426
11427
11432
11433
11434
11438
11439
11444
11448
11449
11450
11454
11456
11462
11464
11471
11482
11484
11485
11490
11493
11496
11500
11503
11504
11507
11511
11512
11513
11518
11520
11524
11527
11528
11529
11530
11533
11534
11535
11536
11538
11541
11542
11543
11545
11546
11547
11549
11552
11553
11554
11556
11557
11561
11562
11563
11565
11566
11568
11572
11573
11574
11577
11578
11585
11587
11590
11594
11596
11597
11602
11605
11606
11607
11608
11609
11611
11613
11614
11618
11619
11621
11631
11632
11634
11637
11640
11641
11643
11644
11648
11654
11655
11662
11663
11667
11676
11679
11683
11685
11695
11704
11708
11715
11718
11723
11725
11729
11730
11734
11740
11747
11751
11762
11777
11781
11784
11785
11790
11794
11795
11800
11804
11807
11809
11813
11816
11817
11818
11824
11836
11837
11842
11847
11850
11851
11856
11863
11866
11870
11874
11876
11877
11883
11886
11890
11895
11896
11904
11910
11922
11923
11925
11927
11928
11940
11941
11943
11955
11956
11957
11959
11961
11964
11965
11971
11973
11977
11978
11980
11981
11983
11986
11987
11994
11995
11998
11999
12000
12002
12021
12038
12041
12042
12044
12045
12047
12055
12057
12060
12062
12066
12070
12073
12080
12081
12083
12085
12086
12090
12093
12100
12104
12111
12112
12116
12117
12118
12119
12122
12123
12124
12125
12127
12129
12130
12132
12133
12137
12138
12139
12140
12141
12142
12143
12144
12146
12147
12149
12150
12153
12154
12155
12156
12157
12158
12160
12161
12169
12170
12171
12179
12180
12183
12190
12194
12199
12200
12203
12208
12210
12211
12213
12214
12224
12225
12230
12231
12234
12236
12237
12242
12243
12246
12247
12248
12249
12251
12252
12260
12263
12267
12269
12274
12276
12277
12281
12282
12286
12292
12298
12302
12304
12305
12311
12314
12315
12316
12318
12320
12321
12322
12323
12325
12327
12328
12340
12341
12345
12346
12351
12355
12357
12358
12363
12366
12372
12377
12384
12385
12386
12389
12392
12395
12399
12403
12406
12410
12415
12419
12434
12435
12438
12440
12445
12446
12448
12459
12461
12470
12483
12484
12499
12501
12509
12510
12511
12512
12513
12515
12518
12522
12526
12530
12531
12533
12534
12537
12538
12539
12540
12548
12550
12551
12558
12565
12568
12571
12576
12579
12582
12584
12585
12586
12587
12591
12592
12594
12599
12605
12607
12615
12619
12620
12622
12630
12634
12638
12642
12649
12654
12657
12658
12659
12660
12663
12665
12666
12667
12668
12669
12670
12671
12672
12673
12674
12675
12676
12677
12678
12679
12680
12681
12682
12683
12684
12685
12686
12687
12688
12689
12690
12691
12692
12693
12694
12695
12696
12697
12698
12700
12701
12705
12707
12709
12713
12715
12716
12718
12723
12726
12727
12730
12733
12735
12736
12738
12740
12743
12747
12749
12750
12751
12752
12757
12758
12759
12760
12761
12762
12764
12773
12774
12778
12785
12787
12792
12795
12796
12798
12800
12803
12804
12806
12808
12810
12815
12826
12828
12832
12833
12861
12863
12870
12876
12879
12881
12889
12891
12892
12893
12894
12897
12898
12902
12905
12907
12911
12914
12917
12919
12921
12925
12927
12928
12930
12938
12940
12943
12945
12948
12950
12952
12954
12955
12956
12960
12963
12965
12966
12968
12970
12971
12972
12975
12977
12978
12986
12992
12994
12996
12997
13006
13011
13012
13014
13017
13019
13024
13036
13039
13040
13051
13061
13068
13085
13087
13097
13100
13102
13106
13109
13112
13113
13114
13116
13125
13130
13131
13134
13137
13139
13143
13144
13155
13161
13168
13174
13181
13190
13200
13203
13205
13209
13212
13213
13215
13216
13222
13224
13227
13229
13231
13239
13240
13244
13248
13254
13262
13263
13264
13267
13273
13275
13276
13279
13281
13288
13291
13298
13299
13300
13306
13309
13312
13313
13314
13317
13318
13324
13325
13326
13338
13339
13340
13349
13354
13356
13357
13361
13365
13366
13369
13378
13381
13382
13384
13385
13391
13397
13398
13400
13403
13409
13415
13418
13419
13421
13426
13427
13431
13438
13440
13453
13455
13458
13462
13464
13472
13480
13482
13483
13484
13492
13494
13496
13507
13511
13512
13514
13517
13518
13527
13530
13536
13538
13539
13544
13559
13561
13562
13567
13569
13570
13577
13578
13581
13586
13587
13592
13601
13609
13611
13614
13615
13616
13617
13629
13637
13641
13647
13651
13653
13655
13656
13659
13663
13666
13673
13674
13684
13685
13687
13688
13689
13690
13691
13692
13693
13696
13700
13705
13706
13708
13713
13718
13719
13721
13725
13732
13735
13739
13740
13741
13745
13748
13753
13754
13761
13762
13763
13770
13773
13776
13777
13778
13780
13789
13791
13792
13793
13804
13812
13813
13816
13821
13824
13825
13826
13832
13833
13835
13836
13842
13844
13846
13847
13850
13851
13856
13864
13870
13872
13874
13875
13877
13881
13892
13899
13903
13906
13910
13917
13926
13927
13931
13938
13940
13942
13951
13962
13975
13980
13985
13990
13997
14000
14001
14005
14008
14014
14015
14016
14029
14032
14038
14039
14045
14047
14052
14056
14057
14058
14065
14083
14087
14092
14094
14100
14104
14114
14117
14120
14123
14125
14132
14133
14152
14165
14173
14174
14187
14192
14200
14204
14205
14214
14226
14227
14245
14246
14248
14249
14263
14268
14272
14275
14280
14281
14282
14289
14291
14294
14312
14313
14334
14335
14337
14340
14342
14351
14359
14361
14362
14367
14370
14375
14377
14383
14384
14391
14393
14400
14405
14410
14411
14427
14441
14460
14467
14468
14469
14482
14490
14515
14526
14528
14529
14534
14535
14536
14543
14545
14549
14552
14554
14556
14557
14558
14560
14561
14564
14585
14586
14590
14593
14594
14610
14613
14614
14615
14634
14638
14646
14647
14648
14649
14650
14652
14654
14657
14658
14659
14662
14663
14664
14665
14666
14669
14670
14672
14675
14676
14677
14678
14679
14682
14685
14698
14701
14702
14703
14704
14717
14718
14720
14722
14725
14726
14732
14735
14745
14747
14748
14749
14752
14753
14763
14766
14779
14786
14792
14794
14798
14799
14802
14807
14808
14810
14816
14825
14831
14832
14834
14841
14843
14844
14845
14851
14853
14857
14858
14864
14866
14873
14876
14878
14882
14885
14889
14901
14904
14906
14910
14912
14918
14921
14924
14925
14929
14931
14934
14935
14944
14946
14947
14955
14960
14968
14974
14980
14982
14983
14988
14990
14992
14993
14995
15000
15005
15010
15011
15014
15015
15022
15031
15035
15040
15044
15045
15051
15061
15065
15066
15067
15069
15072
15073
15076
15086
15089
15095
15097
15101
15108
15110
15114
15116
15117
15120
15124
15133
15135
15137
15142
15149
15153
15157
15159
15164
15171
15172
15177
15180
15184
15187
15191
15195
15202
15205
15207
15209
15213
15216
15222
15226
15227
15229
15232
15236
15243
15245
15249
15255
15257
15260
15261
15266
15267
15269
15270
15275
15278
15279
15280
15281
15287
15290
15295
15296
15298
15301
15306
15312
15315
15316
15317
15318
15319
15325
15329
15332
15340
15344
15345
15348
15349
15350
15353
15357
15366
15367
15370
15379
15383
15384
15386
15387
15388
15389
15394
15395
15398
15400
15401
15404
15407
15411
15418
15429
15430
15440
15442
15444
15445
15460
15463
15471
15474
15483
15491
15514
15515
15517
15518
15525
15527
15540
15548
15553
15557
15566
15571
15574
15576
15579
15591
15593
15605
15606
15610
15614
15622
15626
15627
15629
15632
15634
15648
15649
15650
15661
15663
15664
15666
15668
15670
15671
15672
15673
15674
15675
15676
15677
15678
15679
15680
15681
15682
15683
15684
15695
15696
15697
15698
15699
15700
15701
15702
15703
15704
15705
15706
15707
15708
15709
15710
15711
15712
15713
15714
15715
15716
15717
15718
15719
15720
15721
15722
15723
15724
15725
15726
15727
15728
15729
15730
15731
15732
15733
15734
15735
15736
15737
15738
15739
15740
15747
15756
15764
15765
15766
15771
15777
15783
15791
15812
15825
15826
15847
15851
15854
15858
15859
15862
15865
15867
15870
15872
15881
15883
15885
15886
15888
15889
15901
15904
15908
15916
15928
15929
15932
15936
15939
15943
15944
15945
15948
15954
15956
15957
15963
15975
15983
16000
16001
16007
16010
16018
16019
16020
16027
16035
16037
16041
16042
16043
16046
16049
16054
16056
16060
16062
16063
16089
16090
16098
16102
16108
16112
16117
16118
16131
16138
16141
16143
16144
16148
16150
16152
16153
16154
16162
16164
16170
16171
16173
16180
16183
16185
16193
16199
16201
16206
16215
16219
16220
16221
16222
16223
16224
16225
16227
16228
16241
16245
16269
16276
16277
16279
16282
16288
16294
16301
16315
16316
16318
16320
16325
16329
16344
16345
16346
16350
16356
16362
16368
16370
16373
16374
16375
16377
16386
16397
16399
16408
16421
16422
16423
16427
16433
16437
16446
16454
16458
16476
16478
16479
16482
16485
16487
16488
16489
16494
16496
16498
16499
16501
16502
16504
16505
16508
16511
16514
16517
16520
16522
16523
16524
16531
16532
16537
16538
16542
16546
16548
16550
16551
16567
16568
16570
16575
16577
16578
16582
16583
16590
16596
16602
16605
16609
16611
16615
16619
16622
16623
16625
16628
16638
16643
16645
16646
16666
16686
16689
16694
16705
16714
16715
16724
16739
16740
16749
16754
16758
16760
16763
16775
16786
16791
16792
16796
16804
16814
16827
16829
16831
16874
16936
16949
16950
17094
17096
17097
17108
17122
17130
17134
17144
17149
17155
17169
17249
17250
17251
17252
17253
17254
17255
17256
17257
17258
17259
17260
17261
17262
17263
17264
17265
17266
17267
17268
17269
17270
17271
17272
17273
17274
17275
17276
17278
17279
17280
17281
17282
17283
17284
17285
17286
17287
17288
17289
17290
17291
17292
17293
17294
17295
17296
17297
17298
17299
17300
17301
17302
17303
17304
17305
17306
17307
17308
17309
17310
17311
17313
17320
17323
17341
17357
17406
17408
17412
17420
17425
17428
17430
17436
17440
17454
17467
17469
17471
17490
17493
17497
17513
17515
17533
17535
17539
17541
17554
17558
17559
17566
17568
17570
17575
17576
17581
17628
17629
17635
17638
17639
17640
17652
17661
17780
17787
17801
17820
17821
17824
17826
17834
17837
17852
17857
17858
17877
17887
17897
17921
17922
17923
17924
17925
17926
17927
17928
17929
17930
17931
17932
17933
17934
17935
17936
17937
17942
17945
17949
17972
17988
18008
18017
18043
18052
18062
18063
18064
18065
18066
18068
18071
18085
18087
18088
18104
18105
18106
18107
18108
18109
18110
18111
18112
18113
18114
18115
18116
18117
18118
18119
18120
18121
18122
18123
18124
18125
18126
18127
18128
18129
18130
18131
18132
18133
18134
18135
18136
18137
18138
18139
18140
18141
18142
18143
18144
18145
18146
18152
18153
18156
18165
18167
18169
18181
18182
18189
18194
18196
18210
18211
18212
18213
18214
18215
18216
18217
18218
18219
18220
18221
18222
18223
18224
18225
18226
18227
18228
18229
18230
18263
18270
18273
18275
18293
18294
18295
18299
18315
18316
18328
18337
18338
18339
18341
18342
18343
18344
18345
18346
18351
18355
18356
18357
18358
18373
18374
18378
18380
18391
18396
18416
18423
18425
18434
18437
18454
18455
18456
18484
18493
18506
18521
18526
18533
18543
18553
18555
18556
18562
18563
18569
18570
18588
18590
18592
18598
18933
19007
19017
19036
19155
19157
19169
19198
19223
19244
19245
19296
19327
19360
19361
19370
19375
19384
19439
19441
19485
19486
19788
19888
