0
9
17
22
23
35
74
82
86
92
100
101
115
119
123
127
128
136
138
147
152
156
181
182
183
200
207
208
213
214
217
219
230
233
257
278
279
287
304
310
320
328
344
347
348
352
360
379
387
388
389
402
436
437
438
441
442
450
481
483
540
569
576
601
627
628
634
637
665
666
696
701
702
727
737
750
754
755
768
774
780
818
856
857
869
870
871
875
891
895
944
947
971
978
1024
1029
1068
1069
1181
1209
1271
1327
1402
1406
1472
1487
1495
1513
1532
1560
1576
1610
1625
1633
1640
1705
1729
1735
1748
1750
1772
1789
1792
1850
1900
1909
1947
1957
2009
2033
2046
2047
2076
2114
2136
2154
2238
2345
2351
2358
2364
2366
2403
2434
2440
2450
2491
2492
2498
2499
2511
2525
2531
2563
2574
2582
2593
2619
2620
2634
2643
2644
2674
2676
2680
2682
2685
2692
2702
2704
2717
2737
2739
2763
2781
2793
2813
2826
2832
2841
2848
2859
2893
2896
2924
2932
2945
2950
2952
2953
2988
2994
3035
3053
3069
3077
3083
3094
3109
3128
3152
3186
3190
3205
3214
3227
3231
3256
3292
3301
3322
3330
3361
3369
3370
3371
3383
3384
3388
3395
3419
3432
3453
3454
3456
3457
3462
3463
3468
3470
3477
3479
3480
3481
3483
3484
3495
3544
3564
3576
3590
3596
3605
3611
3612
3623
3625
3651
3683
3713
3719
3737
3738
3747
3753
3766
3767
3776
3797
3800
3803
3804
3831
3921
3927
3930
3931
3956
3957
3967
3968
3997
4008
4017
4082
4109
4111
4119
4120
4125
4153
4173
4184
4199
4212
4215
4229
4240
4253
4276
4278
4302
4303
4308
4311
4314
4351
4352
4389
4390
4405
4420
4430
4445
4470
4474
4553
4559
4561
4596
4601
4619
4621
4632
4676
4677
4711
4788
4861
4881
4883
4884
4886
4909
4918
4942
4943
4988
4998
5001
5036
5037
5064
5097
5110
5160
5176
5272
5282
5298
5310
5331
5352
5396
5400
5417
5428
5476
5487
5507
5515
5521
5549
5566
5579
5580
5581
5587
5604
5613
5653
5667
5679
5700
5706
5736
5743
5759
5765
5798
5804
5815
5838
5853
5867
5892
5903
5916
5921
5922
5933
5936
5945
5955
5980
5985
5988
5992
5993
6005
6009
6036
6038
6050
6060
6063
6067
6076
6097
6098
6158
6162
6170
6229
6241
6274
6276
6279
6317
6352
6363
6366
6368
6392
6428
6461
6491
6500
6532
6553
6592
6612
6618
6629
6661
6671
6683
6744
6761
6825
6840
6844
6859
6883
6891
6903
6929
6937
6970
7060
7089
7201
7211
7227
7253
7254
7290
7362
7428
7444
7454
7475
7477
7480
7482
7499
7532
7545
7560
7562
7578
7624
7626
7655
7657
7724
7749
7787
7869
8041
8074
8133
8237
8292
8471
8472
8477
8597
8609
8789
8863
8891
8927
8970
8973
8980
9049
9052
9066
9081
9085
9105
9109
9143
9148
9150
9152
9154
9155
9156
9165
9208
9210
9326
9352
9417
9459
9461
9639
9709
9776
9778
9804
9825
9908
10193
10195
10273
10607
10647
10654
10751
10772
10805
10806
11160
11305
11425
11426
11563
11632
11740
11747
11886
11977
11981
11983
12247
12410
12591
12919
12925
12952
12960
13100
13109
13239
13254
13263
13314
13615
13663
13917
14703
14794
14857
15089
15097
15117
15164
15172
15290
15429
15430
16523
16622
16936
17408
17635
18071
18109
18167
18196
18275
18328
18396
18526
18553
18590
19360
19361
19888
