3
8
17
22
23
26
39
47
54
56
58
60
62
64
71
74
77
78
85
87
88
92
97
101
103
108
110
113
116
119
122
129
130
134
136
137
146
147
166
170
171
172
175
181
182
187
197
198
207
215
217
224
227
236
240
247
248
250
269
273
287
297
304
310
322
325
326
344
347
351
353
356
366
371
377
386
387
403
405
417
425
427
428
431
432
438
448
449
450
451
454
460
463
468
475
482
493
502
513
517
519
525
526
531
536
555
561
563
576
581
582
590
599
601
611
617
627
632
638
640
641
649
652
656
663
665
672
673
681
685
696
708
709
710
715
724
725
727
736
750
751
754
759
760
765
768
777
781
795
796
804
805
806
809
815
826
827
847
850
851
857
860
878
883
884
886
887
888
911
912
921
929
942
952
978
982
1006
1009
1011
1013
1018
1029
1033
1056
1057
1064
1069
1074
1077
1078
1086
1105
1114
1126
1153
1158
1159
1160
1162
1177
1179
1180
1200
1209
1210
1223
1225
1248
1253
1254
1257
1258
1269
1272
1278
1327
1328
1348
1353
1374
1379
1386
1389
1406
1410
1425
1431
1434
1442
1451
1464
1471
1473
1474
1479
1495
1503
1529
1563
1576
1579
1625
1633
1647
1673
1677
1681
1683
1693
1697
1704
1712
1716
1729
1746
1750
1763
1766
1773
1778
1799
1802
1812
1852
1881
1887
1894
1903
1904
1923
1937
1939
1945
1947
1960
1962
1967
1969
1972
1996
1999
2008
2019
2036
2037
2041
2043
2064
2068
2070
2079
2096
2097
2098
2103
2108
2109
2144
2155
2190
2211
2224
2229
2237
2246
2255
2257
2278
2289
2293
2300
2322
2364
2385
2393
2411
2418
2432
2434
2435
2452
2463
2489
2492
2498
2499
2501
2513
2521
2559
2562
2567
2582
2587
2603
2608
2610
2625
2627
2643
2644
2645
2647
2650
2651
2652
2658
2660
2662
2663
2664
2667
2669
2671
2674
2677
2680
2696
2702
2717
2722
2724
2725
2726
2728
2736
2738
2747
2755
2756
2772
2774
2775
2795
2813
2824
2830
2832
2839
2840
2846
2851
2852
2854
2864
2865
2872
2885
2896
2899
2902
2903
2904
2909
2934
2944
2947
2956
2970
2971
2974
2976
2979
2988
3001
3029
3030
3033
3042
3044
3050
3058
3061
3062
3065
3069
3073
3078
3086
3094
3095
3099
3115
3116
3123
3126
3128
3130
3132
3142
3150
3152
3156
3157
3175
3207
3214
3217
3232
3240
3249
3250
3258
3264
3274
3275
3285
3293
3298
3309
3317
3323
3330
3332
3340
3344
3345
3346
3350
3351
3352
3361
3377
3380
3383
3386
3391
3398
3402
3407
3410
3415
3421
3424
3437
3450
3453
3459
3472
3473
3479
3485
3489
3491
3504
3516
3517
3520
3522
3525
3529
3530
3552
3558
3559
3566
3570
3579
3580
3583
3590
3599
3601
3604
3609
3612
3614
3615
3647
3648
3651
3652
3670
3683
3689
3695
3698
3703
3704
3706
3707
3709
3715
3743
3744
3752
3753
3755
3757
3758
3760
3761
3764
3797
3824
3827
3833
3855
3859
3863
3864
3866
3867
3868
3880
3886
3897
3899
3901
3913
3921
3924
3955
3961
3968
3980
3993
4003
4006
4012
4013
4015
4017
4020
4022
4023
4033
4034
4046
4048
4079
4104
4109
4110
4118
4119
4127
4131
4153
4155
4159
4165
4185
4186
4197
4217
4220
4226
4238
4242
4250
4263
4270
4275
4287
4302
4303
4309
4310
4316
4323
4330
4335
4340
4347
4360
4364
4399
4405
4413
4415
4430
4437
4441
4446
4466
4491
4493
4502
4511
4517
4569
4574
4623
4626
4632
4636
4649
4660
4670
4676
4677
4697
4702
4726
4736
4757
4759
4766
4776
4782
4800
4804
4808
4812
4816
4831
4839
4873
4881
4886
4894
4919
4923
4927
4940
4941
4955
4993
4998
5015
5051
5052
5076
5082
5083
5084
5112
5161
5164
5166
5168
5179
5184
5191
5192
5196
5243
5254
5264
5267
5268
5273
5282
5286
5340
5361
5366
5369
5382
5396
5408
5432
5452
5463
5465
5470
5471
5475
5476
5484
5488
5491
5502
5511
5513
5531
5534
5535
5536
5549
5551
5558
5592
5593
5601
5625
5629
5652
5660
5668
5675
5700
5705
5726
5734
5742
5760
5784
5818
5829
5836
5848
5874
5882
5888
5894
5897
5919
5927
5953
5959
5971
5985
5994
5996
6026
6039
6056
6063
6066
6076
6086
6087
6093
6103
6113
6122
6138
6150
6160
6162
6214
6217
6218
6219
6241
6246
6247
6253
6263
6274
6275
6287
6321
6329
6343
6348
6370
6372
6381
6389
6403
6414
6416
6461
6462
6463
6480
6486
6514
6535
6544
6587
6596
6621
6628
6649
6668
6680
6690
6694
6702
6703
6704
6717
6725
6729
6741
6744
6747
6751
6788
6789
6791
6801
6802
6807
6820
6853
6865
6885
6907
6935
7117
7122
7126
7131
7134
7177
7180
7188
7193
7203
7220
7221
7223
7234
7241
7256
7267
7286
7320
7349
7358
7365
7371
7382
7415
7417
7422
7450
7461
7477
7517
7533
7538
7552
7557
7571
7588
7624
7643
7647
7677
7687
7694
7696
7699
7700
7702
7707
7708
7711
7712
7713
7739
7748
7761
7766
7774
7794
7817
7825
7830
7837
7873
7874
7906
7924
7925
7927
7933
7946
7971
7981
7984
7987
7993
8014
8026
8049
8060
8062
8074
8087
8093
8104
8115
8129
8141
8146
8152
8161
8169
8196
8227
8234
8252
8304
8310
8314
8317
8320
8327
8345
8349
8354
8366
8376
8395
8400
8401
8415
8428
8462
8471
8472
8485
8513
8537
8547
8572
8590
8613
8629
8643
8661
8681
8732
8733
8734
8769
8780
8788
8789
8802
8809
8816
8822
8834
8864
8865
8869
8873
8874
8917
8945
8974
8977
8979
8992
8998
9013
9020
9031
9049
9066
9080
9096
9143
9174
9203
9207
9236
9252
9263
9272
9276
9282
9290
9291
9298
9300
9303
9315
9320
9325
9337
9352
9461
9474
9476
9489
9501
9529
9530
9556
9563
9564
9595
9615
9625
9640
9654
9706
9724
9759
9766
9769
9830
9833
9874
9884
9907
9914
9920
9986
10027
10063
10155
10163
10188
10218
10245
10323
10342
10357
10358
10384
10410
10413
10485
10511
10519
10543
10562
10573
10578
10585
10595
10663
10672
10743
10749
10757
10771
10775
10784
10790
10804
10815
10824
10830
10836
10846
10871
10872
10875
10881
10891
10920
10929
10964
10971
10987
11034
11044
11115
11131
11141
11144
11157
11159
11160
11166
11181
11194
11270
11316
11371
11401
11406
11418
11469
11500
11512
11571
11581
11606
11685
11723
11776
11810
11837
11874
11890
11973
12028
12111
12124
12137
12139
12142
12149
12179
12189
12194
12210
12232
12242
12247
12252
12281
12289
12310
12317
12358
12362
12387
12403
12415
12436
12442
12451
12505
12516
12538
12542
12556
12557
12632
12707
12720
12741
12742
12743
12813
12876
12879
12923
12975
13037
13040
13110
13113
13179
13192
13200
13213
13215
13221
13224
13244
13253
13275
13281
13291
13341
13356
13384
13389
13418
13426
13469
13483
13485
13491
13517
13570
13584
13629
13639
13656
13663
13666
13673
13687
13690
13694
13735
13767
13848
13854
13865
13888
13932
13980
13989
14001
14033
14034
14120
14133
14148
14193
14232
14244
14246
14255
14268
14299
14468
14543
14560
14612
14646
14658
14679
14702
14736
14765
14843
14864
14901
15054
15087
15128
15152
15153
15157
15227
15244
15273
15278
15319
15340
15384
15421
15427
15431
15463
15481
15517
15520
15596
15629
15663
15691
15714
15740
15847
15853
15887
15931
15943
15981
16019
16037
16049
16054
16056
16112
16170
16187
16201
16241
16269
16350
16357
16422
16494
16538
16548
16596
16605
16609
16659
16792
16830
16949
17133
17153
17169
17260
17261
17265
17284
17294
17299
17305
17313
17420
17430
17539
17568
17631
17820
17824
17887
17890
17900
17945
18036
18051
18071
18082
18084
18107
18128
18131
18135
18142
18151
18182
18186
18187
18201
18203
18208
18214
18222
18224
18229
18240
18242
18266
18362
18366
18401
18404
18485
18639
18739
18996
19136
19160
19227
19425
19904
