0
6
7
8
9
17
22
23
26
35
36
39
54
55
56
58
59
60
61
62
63
64
65
67
69
70
72
74
76
77
78
79
82
86
87
88
89
90
92
93
99
100
101
103
107
108
109
111
115
118
119
120
123
126
127
128
130
131
136
137
138
146
147
152
155
156
157
162
170
181
182
183
198
200
204
205
207
208
210
211
213
214
216
217
218
219
224
227
229
230
233
234
254
257
258
259
261
270
271
277
278
279
280
281
282
287
295
297
303
304
305
310
320
322
323
328
344
345
347
348
349
351
352
360
370
371
372
375
376
378
379
383
387
388
389
402
413
416
419
423
424
425
426
427
428
431
432
433
434
436
437
438
439
440
441
442
445
450
481
483
490
504
505
513
514
516
522
537
540
541
542
549
550
552
553
554
555
557
569
574
575
576
579
582
596
597
601
603
604
611
627
628
631
634
637
646
662
665
666
675
680
681
685
687
696
701
702
709
718
720
721
727
731
734
735
737
739
743
744
749
750
754
755
763
765
768
774
776
780
781
782
790
796
801
804
805
807
808
815
818
824
829
837
840
844
850
853
855
856
857
860
864
865
867
869
870
871
875
880
881
883
888
889
891
894
895
897
898
912
917
918
919
920
921
928
929
943
944
947
954
969
971
973
978
980
992
1003
1006
1013
1018
1024
1025
1029
1035
1042
1068
1069
1074
1076
1091
1094
1096
1105
1108
1129
1146
1150
1180
1181
1189
1191
1199
1206
1209
1220
1242
1253
1258
1265
1268
1271
1279
1283
1321
1327
1328
1334
1338
1344
1348
1349
1354
1362
1375
1378
1402
1404
1406
1410
1429
1433
1443
1464
1472
1479
1487
1495
1497
1502
1506
1513
1527
1532
1541
1560
1566
1576
1580
1596
1610
1611
1625
1633
1640
1664
1670
1674
1679
1680
1683
1692
1693
1705
1710
1711
1720
1726
1729
1735
1748
1750
1772
1773
1774
1775
1788
1789
1792
1795
1808
1809
1811
1835
1850
1859
1867
1869
1900
1909
1911
1923
1939
1947
1950
1957
1977
2005
2009
2019
2028
2029
2032
2033
2046
2047
2048
2052
2073
2076
2085
2092
2099
2114
2124
2130
2136
2150
2154
2175
2193
2194
2229
2238
2246
2248
2270
2281
2341
2345
2351
2354
2358
2363
2364
2366
2369
2373
2403
2408
2432
2434
2440
2444
2450
2464
2491
2492
2493
2494
2498
2499
2501
2511
2513
2525
2531
2543
2548
2551
2552
2557
2559
2563
2567
2571
2574
2580
2581
2582
2587
2590
2593
2595
2600
2601
2602
2603
2604
2605
2606
2608
2613
2619
2620
2622
2624
2625
2626
2634
2643
2644
2645
2669
2674
2676
2677
2680
2682
2683
2685
2692
2700
2702
2703
2704
2717
2732
2734
2737
2739
2747
2758
2763
2766
2771
2775
2781
2784
2787
2792
2793
2796
2804
2811
2813
2826
2832
2841
2848
2856
2857
2859
2868
2869
2878
2879
2893
2896
2901
2903
2904
2912
2921
2924
2931
2932
2937
2939
2941
2945
2950
2952
2953
2955
2965
2967
2970
2978
2980
2988
2994
3016
3025
3029
3035
3050
3053
3061
3069
3077
3082
3083
3093
3094
3095
3107
3109
3111
3116
3118
3119
3128
3136
3139
3150
3152
3156
3160
3161
3174
3179
3183
3185
3186
3190
3205
3209
3214
3215
3227
3228
3230
3231
3239
3242
3250
3256
3257
3260
3264
3265
3270
3292
3298
3301
3308
3311
3316
3322
3328
3330
3339
3341
3350
3361
3368
3369
3370
3371
3379
3383
3384
3388
3395
3396
3402
3404
3410
3418
3419
3432
3450
3452
3453
3454
3456
3457
3462
3463
3466
3468
3469
3470
3472
3473
3474
3475
3476
3477
3479
3480
3481
3483
3484
3489
3495
3519
3522
3525
3526
3530
3532
3543
3544
3547
3551
3552
3553
3554
3556
3557
3560
3564
3565
3566
3568
3573
3574
3576
3578
3580
3581
3583
3589
3590
3596
3601
3604
3605
3607
3608
3609
3610
3611
3612
3614
3616
3620
3623
3624
3625
3626
3631
3632
3641
3648
3651
3652
3664
3667
3679
3683
3702
3703
3704
3705
3706
3707
3708
3712
3713
3719
3721
3732
3733
3734
3737
3738
3742
3746
3747
3751
3753
3756
3760
3761
3764
3766
3767
3776
3782
3783
3786
3791
3797
3800
3802
3803
3804
3808
3809
3821
3824
3825
3826
3827
3828
3831
3834
3845
3848
3879
3880
3897
3898
3899
3900
3901
3921
3922
3923
3927
3930
3931
3954
3956
3957
3961
3964
3967
3968
3997
4005
4008
4009
4011
4012
4013
4017
4039
4071
4072
4079
4082
4084
4097
4098
4108
4109
4111
4118
4119
4120
4125
4135
4148
4150
4153
4154
4157
4159
4160
4161
4169
4171
4172
4173
4179
4184
4190
4191
4192
4199
4212
4215
4220
4223
4229
4230
4240
4253
4266
4276
4278
4285
4293
4298
4302
4303
4308
4311
4314
4316
4321
4334
4339
4340
4351
4352
4359
4364
4365
4382
4385
4389
4390
4405
4420
4421
4430
4437
4439
4441
4445
4451
4466
4470
4474
4478
4479
4481
4492
4506
4519
4536
4539
4545
4546
4553
4555
4559
4561
4566
4568
4569
4575
4582
4595
4596
4601
4619
4621
4627
4632
4633
4635
4649
4651
4655
4676
4677
4679
4685
4686
4702
4710
4711
4713
4717
4742
4757
4768
4787
4788
4801
4821
4828
4837
4840
4843
4844
4846
4861
4864
4865
4866
4869
4876
4879
4881
4882
4883
4884
4886
4887
4898
4900
4903
4907
4909
4910
4912
4918
4927
4928
4930
4931
4942
4943
4946
4988
4994
4998
5001
5035
5036
5037
5041
5042
5051
5064
5074
5087
5097
5109
5110
5111
5114
5121
5133
5148
5157
5160
5176
5193
5204
5235
5243
5272
5274
5282
5298
5310
5326
5331
5352
5366
5369
5379
5380
5382
5396
5400
5417
5421
5428
5438
5449
5466
5471
5476
5487
5495
5507
5515
5521
5529
5536
5549
5566
5571
5579
5580
5581
5587
5592
5604
5613
5629
5632
5653
5656
5667
5676
5679
5700
5706
5712
5734
5736
5743
5745
5755
5759
5763
5765
5798
5804
5814
5815
5838
5853
5867
5883
5888
5891
5892
5903
5916
5918
5921
5922
5923
5927
5933
5936
5945
5955
5956
5966
5977
5980
5985
5988
5991
5992
5993
6005
6009
6015
6026
6027
6036
6038
6040
6041
6050
6060
6061
6063
6067
6076
6077
6093
6097
6098
6116
6126
6143
6157
6158
6162
6170
6171
6185
6186
6205
6212
6229
6241
6247
6261
6262
6274
6276
6279
6291
6297
6317
6321
6352
6363
6366
6368
6371
6372
6384
6385
6389
6392
6428
6432
6458
6461
6465
6491
6496
6500
6532
6544
6545
6546
6548
6549
6553
6556
6592
6597
6610
6612
6613
6618
6629
6661
6671
6672
6673
6678
6683
6685
6696
6704
6705
6706
6718
6721
6725
6744
6757
6761
6765
6777
6791
6792
6793
6796
6801
6810
6812
6813
6818
6825
6836
6840
6844
6859
6862
6869
6883
6891
6896
6903
6915
6918
6926
6927
6929
6937
6948
6955
6970
6981
6982
7018
7036
7037
7040
7049
7060
7089
7126
7140
7152
7198
7201
7203
7211
7220
7227
7232
7253
7254
7274
7275
7285
7290
7323
7324
7342
7353
7354
7362
7406
7409
7428
7444
7451
7454
7461
7470
7472
7474
7475
7477
7480
7482
7499
7512
7514
7532
7533
7538
7545
7560
7562
7570
7578
7593
7604
7620
7624
7626
7633
7636
7641
7655
7657
7664
7666
7684
7686
7691
7705
7707
7710
7724
7734
7735
7749
7787
7800
7804
7807
7822
7832
7835
7857
7869
7873
7877
7894
7940
7947
7950
7957
7971
7980
7993
8041
8047
8049
8065
8074
8080
8100
8102
8105
8123
8129
8133
8146
8161
8169
8170
8174
8204
8233
8237
8252
8270
8281
8291
8292
8306
8319
8354
8368
8371
8412
8421
8424
8441
8447
8448
8455
8457
8471
8472
8477
8481
8488
8508
8514
8549
8568
8574
8597
8599
8603
8609
8613
8643
8648
8652
8680
8705
8732
8733
8741
8773
8789
8803
8811
8826
8829
8847
8849
8859
8863
8864
8865
8866
8869
8875
8877
8891
8896
8898
8919
8920
8921
8922
8927
8928
8945
8949
8961
8970
8972
8973
8980
9008
9044
9049
9052
9054
9062
9066
9078
9081
9083
9085
9091
9096
9105
9109
9111
9131
9135
9143
9148
9150
9152
9154
9155
9156
9165
9194
9195
9208
9210
9232
9235
9236
9256
9326
9352
9417
9447
9459
9461
9467
9477
9498
9501
9521
9529
9549
9551
9554
9556
9567
9568
9569
9571
9593
9595
9600
9609
9631
9639
9653
9694
9695
9709
9748
9776
9777
9778
9790
9804
9805
9810
9815
9825
9841
9888
9908
9920
9921
9967
10001
10009
10023
10032
10063
10142
10154
10163
10174
10180
10189
10190
10193
10195
10245
10273
10410
10447
10482
10521
10543
10585
10607
10647
10654
10659
10745
10747
10751
10761
10770
10772
10803
10804
10805
10806
10845
10846
10849
10850
10892
10894
10912
10949
10975
11046
11094
11143
11160
11181
11209
11305
11345
11365
11390
11394
11398
11400
11401
11402
11403
11404
11405
11411
11425
11426
11533
11546
11563
11587
11619
11632
11730
11740
11747
11781
11840
11886
11977
11981
11983
11995
12038
12059
12100
12111
12116
12165
12247
12263
12286
12318
12385
12386
12410
12444
12470
12483
12558
12568
12591
12798
12893
12895
12898
12919
12925
12938
12952
12954
12960
13039
13059
13070
13097
13100
13109
13117
13173
13203
13239
13254
13263
13267
13311
13312
13314
13330
13360
13406
13418
13419
13511
13567
13574
13586
13615
13656
13663
13715
13760
13816
13837
13838
13917
14293
14590
14627
14649
14652
14703
14794
14857
14968
15019
15051
15066
15089
15095
15097
15117
15164
15172
15241
15290
15429
15430
15524
15627
15634
15777
15854
15914
16010
16167
16356
16399
16516
16523
16622
16628
16827
16870
16884
16936
17186
17369
17408
17420
17574
17635
17747
18071
18107
18109
18167
18196
18275
18328
18353
18396
18426
18471
18472
18498
18499
18526
18553
18590
19021
19143
19267
19268
19269
19270
19271
19272
19310
19360
19361
19756
19888
