6
8
9
16
17
20
23
24
26
29
36
37
38
39
52
54
58
60
63
68
69
72
74
77
84
88
91
93
97
98
101
103
108
110
113
114
117
118
119
124
125
126
127
130
132
134
136
138
141
142
147
152
155
159
164
166
167
176
179
182
183
185
190
191
193
196
200
201
204
205
207
208
209
212
217
218
228
230
233
236
239
247
253
254
255
258
262
264
271
272
273
279
282
287
288
295
297
298
302
303
304
306
307
308
312
313
318
321
322
325
344
347
349
351
358
363
367
370
371
379
381
383
384
386
388
389
394
400
402
409
415
417
419
421
423
425
427
428
431
432
433
434
438
439
441
442
445
448
450
451
453
454
455
463
465
470
474
475
477
478
491
492
494
500
503
505
513
516
518
519
520
525
529
532
535
541
546
552
553
554
555
558
563
567
569
575
582
585
587
589
591
596
599
601
603
619
628
633
635
640
642
647
648
650
651
652
653
662
663
664
670
672
673
678
680
681
684
685
690
692
693
694
695
696
697
701
708
709
710
721
725
727
733
734
736
737
739
740
743
744
751
759
768
770
773
777
778
779
782
783
795
796
805
806
808
810
815
817
824
826
827
830
837
839
843
850
855
860
864
867
870
875
884
886
887
889
891
898
907
908
909
911
912
919
921
930
932
935
937
940
944
953
955
964
965
966
973
974
975
978
980
981
982
987
990
992
996
997
999
1002
1012
1013
1018
1019
1024
1025
1029
1030
1033
1034
1043
1044
1060
1062
1063
1064
1067
1073
1074
1075
1076
1077
1082
1084
1096
1103
1108
1109
1110
1124
1127
1129
1143
1144
1158
1165
1170
1180
1184
1185
1190
1200
1202
1207
1209
1220
1223
1225
1227
1232
1264
1271
1277
1279
1286
1297
1300
1312
1322
1325
1331
1341
1343
1350
1352
1354
1356
1361
1366
1369
1372
1385
1386
1389
1403
1418
1419
1426
1429
1436
1443
1450
1452
1463
1464
1465
1472
1473
1475
1479
1480
1483
1487
1488
1494
1502
1503
1506
1507
1510
1513
1514
1521
1523
1529
1536
1541
1545
1552
1556
1562
1563
1566
1570
1572
1579
1580
1583
1589
1590
1599
1605
1606
1616
1622
1627
1629
1642
1644
1651
1655
1658
1665
1668
1674
1679
1681
1683
1687
1701
1705
1708
1726
1729
1736
1758
1764
1766
1769
1770
1771
1776
1777
1778
1789
1791
1792
1794
1795
1799
1808
1811
1815
1828
1830
1841
1853
1866
1867
1881
1887
1894
1897
1900
1902
1904
1915
1920
1935
1939
1947
1951
1956
1961
1962
1969
1972
1974
1979
1981
1982
1985
1990
1995
1996
2004
2009
2011
2015
2019
2021
2027
2033
2037
2039
2041
2046
2047
2049
2052
2053
2057
2060
2064
2068
2075
2088
2089
2090
2096
2098
2101
2105
2109
2112
2124
2129
2132
2133
2134
2140
2150
2154
2168
2174
2177
2183
2188
2190
2193
2194
2196
2197
2199
2202
2212
2219
2222
2223
2233
2246
2249
2250
2253
2256
2260
2273
2276
2300
2311
2316
2322
2324
2328
2329
2336
2341
2355
2359
2366
2369
2372
2386
2403
2412
2416
2417
2423
2434
2440
2446
2450
2452
2455
2463
2464
2466
2473
2480
2489
2494
2501
2503
2509
2521
2526
2529
2534
2540
2548
2549
2550
2561
2564
2568
2571
2572
2574
2579
2581
2582
2583
2587
2593
2597
2606
2615
2622
2625
2628
2634
2637
2640
2641
2644
2645
2646
2647
2648
2650
2651
2658
2660
2661
2662
2668
2669
2670
2674
2677
2678
2680
2681
2683
2684
2686
2687
2689
2699
2705
2707
2710
2717
2719
2720
2722
2724
2725
2732
2738
2747
2749
2754
2755
2761
2762
2763
2765
2769
2771
2772
2774
2775
2778
2781
2783
2784
2788
2790
2792
2795
2796
2798
2807
2809
2814
2822
2826
2832
2835
2840
2844
2846
2848
2851
2852
2856
2858
2859
2865
2867
2869
2893
2894
2897
2901
2902
2903
2906
2912
2913
2917
2922
2926
2931
2933
2934
2935
2943
2945
2946
2951
2954
2963
2973
2977
2978
2988
2994
2995
2998
3002
3007
3011
3021
3026
3030
3033
3035
3039
3044
3049
3050
3051
3052
3053
3060
3064
3073
3075
3080
3082
3086
3091
3092
3095
3097
3098
3100
3103
3106
3108
3109
3115
3116
3117
3118
3123
3126
3140
3145
3147
3150
3152
3153
3154
3156
3157
3159
3169
3171
3176
3188
3197
3200
3203
3205
3207
3208
3210
3213
3214
3216
3217
3222
3227
3232
3235
3237
3243
3249
3250
3256
3258
3263
3264
3265
3266
3275
3277
3279
3292
3293
3295
3297
3301
3306
3313
3315
3319
3322
3324
3330
3331
3334
3337
3341
3343
3344
3351
3354
3357
3359
3361
3363
3367
3369
3376
3385
3387
3388
3390
3403
3404
3405
3410
3418
3419
3421
3424
3435
3437
3451
3455
3459
3463
3465
3466
3470
3473
3479
3482
3484
3487
3488
3489
3491
3495
3498
3502
3505
3506
3507
3509
3511
3514
3518
3520
3521
3524
3525
3532
3533
3534
3539
3543
3545
3551
3552
3553
3554
3556
3558
3565
3567
3568
3571
3576
3578
3580
3583
3589
3590
3592
3594
3601
3604
3606
3607
3608
3609
3610
3612
3614
3618
3619
3620
3621
3623
3624
3625
3626
3637
3646
3648
3651
3656
3660
3665
3670
3673
3682
3683
3689
3693
3695
3697
3700
3701
3702
3703
3704
3705
3706
3707
3708
3710
3713
3719
3721
3722
3729
3731
3733
3734
3735
3737
3740
3752
3753
3755
3756
3759
3766
3772
3778
3779
3782
3785
3786
3795
3799
3800
3806
3813
3815
3818
3823
3827
3828
3829
3831
3838
3842
3844
3848
3849
3850
3852
3853
3857
3858
3864
3865
3866
3867
3868
3869
3870
3871
3874
3880
3886
3888
3898
3899
3900
3911
3916
3923
3924
3930
3931
3932
3934
3943
3958
3961
3968
3972
3980
3981
3983
3984
3994
3997
4005
4006
4008
4016
4020
4023
4033
4036
4038
4039
4045
4046
4049
4054
4060
4071
4076
4077
4080
4087
4092
4103
4107
4111
4113
4115
4118
4119
4120
4122
4131
4145
4146
4148
4155
4156
4157
4159
4162
4175
4179
4184
4185
4186
4187
4195
4200
4201
4205
4206
4215
4232
4237
4242
4250
4252
4253
4256
4270
4273
4274
4275
4281
4290
4292
4293
4294
4302
4311
4316
4323
4347
4352
4355
4358
4359
4365
4366
4371
4376
4381
4383
4384
4388
4389
4390
4399
4405
4406
4408
4412
4413
4415
4421
4430
4445
4446
4451
4454
4456
4457
4459
4460
4467
4470
4474
4475
4478
4487
4488
4491
4495
4501
4502
4510
4518
4527
4544
4545
4555
4556
4558
4559
4560
4561
4562
4567
4587
4596
4598
4613
4622
4623
4629
4632
4633
4634
4635
4644
4646
4649
4650
4655
4660
4661
4668
4671
4679
4683
4685
4699
4702
4703
4710
4714
4716
4718
4719
4723
4724
4726
4727
4728
4730
4734
4740
4744
4757
4765
4766
4778
4780
4787
4791
4792
4801
4812
4816
4820
4836
4840
4841
4843
4846
4855
4861
4866
4869
4873
4876
4881
4882
4883
4886
4891
4894
4896
4901
4910
4919
4920
4923
4924
4930
4943
4959
4961
4964
4978
4979
4981
4986
4997
4998
5009
5013
5015
5017
5019
5035
5036
5040
5045
5051
5052
5059
5066
5071
5074
5075
5082
5084
5096
5097
5101
5102
5110
5111
5120
5123
5124
5125
5127
5129
5135
5153
5156
5157
5160
5167
5170
5204
5217
5222
5226
5227
5228
5247
5251
5254
5262
5263
5267
5268
5270
5272
5273
5276
5277
5280
5282
5292
5299
5322
5323
5326
5330
5331
5336
5338
5340
5352
5359
5360
5367
5369
5376
5382
5390
5405
5430
5432
5433
5435
5437
5438
5446
5449
5456
5458
5459
5466
5471
5476
5478
5479
5489
5491
5498
5500
5512
5513
5517
5521
5523
5531
5534
5536
5540
5550
5564
5566
5568
5571
5579
5582
5583
5584
5586
5590
5609
5616
5621
5623
5624
5626
5630
5642
5643
5645
5648
5649
5652
5654
5661
5664
5666
5673
5674
5688
5689
5702
5706
5707
5708
5716
5719
5723
5724
5760
5764
5766
5774
5776
5778
5780
5791
5793
5794
5805
5810
5811
5812
5816
5817
5831
5834
5836
5837
5840
5848
5852
5883
5884
5888
5902
5903
5917
5918
5921
5922
5927
5929
5937
5941
5947
5952
5966
5967
5971
5972
5973
5984
5985
5992
5994
5995
5996
6004
6007
6013
6028
6031
6033
6034
6037
6039
6045
6047
6049
6052
6055
6063
6072
6080
6087
6092
6093
6096
6099
6103
6107
6111
6112
6113
6114
6116
6121
6122
6125
6126
6137
6140
6143
6144
6145
6150
6156
6180
6182
6185
6202
6205
6206
6213
6218
6224
6234
6241
6246
6252
6272
6274
6276
6321
6322
6331
6344
6356
6359
6363
6369
6370
6371
6373
6374
6375
6382
6386
6389
6391
6393
6395
6404
6412
6416
6421
6425
6426
6427
6429
6432
6435
6466
6473
6488
6491
6495
6511
6515
6517
6531
6532
6537
6543
6550
6561
6564
6566
6574
6586
6590
6597
6600
6601
6612
6616
6621
6624
6625
6626
6627
6628
6629
6631
6636
6645
6646
6672
6675
6684
6689
6694
6696
6704
6706
6709
6713
6716
6718
6719
6720
6721
6722
6724
6728
6737
6740
6741
6744
6747
6772
6794
6796
6799
6800
6804
6805
6811
6817
6822
6823
6825
6829
6836
6844
6859
6861
6862
6869
6870
6884
6886
6903
6907
6914
6915
6916
6918
6926
6935
6944
6967
6973
6981
6991
6993
6995
6999
7004
7006
7010
7044
7046
7047
7049
7064
7068
7073
7074
7086
7093
7097
7104
7131
7132
7134
7141
7154
7167
7174
7175
7177
7183
7186
7198
7199
7202
7203
7208
7209
7211
7216
7221
7222
7223
7232
7235
7241
7242
7243
7244
7245
7257
7273
7276
7283
7291
7292
7293
7296
7298
7314
7325
7340
7346
7352
7353
7358
7362
7366
7370
7373
7375
7377
7378
7394
7403
7407
7413
7416
7418
7428
7434
7442
7451
7458
7460
7461
7465
7466
7472
7478
7487
7505
7510
7517
7532
7533
7534
7547
7548
7557
7562
7570
7573
7575
7576
7579
7580
7583
7588
7589
7593
7594
7601
7602
7624
7626
7630
7631
7635
7636
7638
7641
7643
7644
7645
7650
7652
7654
7657
7661
7664
7666
7670
7683
7687
7691
7699
7700
7707
7708
7710
7712
7717
7729
7747
7748
7749
7751
7759
7764
7765
7768
7772
7773
7777
7785
7792
7794
7799
7804
7816
7817
7827
7828
7830
7833
7849
7851
7858
7861
7865
7868
7874
7877
7881
7886
7894
7898
7902
7906
7912
7913
7919
7923
7925
7929
7931
7934
7940
7943
7948
7949
7957
7971
7981
7987
7992
7993
7994
8001
8003
8009
8014
8015
8024
8042
8043
8047
8049
8054
8059
8066
8068
8071
8074
8075
8078
8080
8084
8086
8100
8102
8104
8105
8131
8133
8138
8141
8145
8149
8150
8153
8156
8159
8161
8164
8169
8192
8195
8199
8200
8223
8229
8233
8234
8236
8246
8249
8270
8276
8279
8282
8313
8314
8315
8317
8320
8325
8327
8341
8342
8343
8345
8347
8349
8353
8354
8364
8365
8371
8372
8400
8413
8418
8429
8434
8440
8448
8460
8471
8472
8481
8493
8513
8514
8550
8557
8564
8568
8569
8572
8580
8586
8603
8605
8612
8613
8616
8641
8660
8684
8702
8729
8732
8733
8735
8736
8737
8742
8745
8764
8783
8790
8826
8827
8834
8838
8842
8847
8849
8856
8864
8865
8869
8874
8893
8898
8899
8912
8913
8917
8943
8944
8952
8973
8982
8998
8999
9003
9006
9011
9013
9028
9030
9031
9033
9035
9052
9053
9061
9066
9069
9073
9078
9079
9081
9083
9085
9089
9091
9092
9093
9106
9108
9109
9111
9135
9139
9145
9149
9172
9174
9185
9206
9207
9209
9210
9211
9220
9232
9238
9242
9244
9251
9259
9261
9265
9266
9267
9278
9281
9282
9283
9287
9291
9295
9296
9298
9299
9325
9326
9346
9351
9352
9373
9383
9384
9385
9417
9420
9422
9423
9438
9444
9460
9477
9478
9489
9490
9497
9499
9500
9508
9510
9513
9515
9519
9525
9530
9536
9557
9567
9569
9571
9572
9586
9603
9611
9630
9647
9648
9671
9682
9689
9694
9695
9717
9719
9728
9740
9745
9747
9761
9764
9768
9776
9794
9833
9835
9841
9847
9849
9860
9861
9884
9888
9920
9921
9931
9935
9942
9964
9978
10009
10034
10044
10047
10050
10062
10063
10064
10073
10076
10084
10100
10112
10132
10139
10154
10158
10163
10170
10179
10197
10209
10218
10235
10237
10244
10245
10266
10268
10285
10317
10336
10339
10358
10373
10384
10390
10434
10435
10439
10447
10455
10459
10474
10479
10480
10485
10513
10532
10536
10538
10558
10571
10578
10585
10594
10608
10609
10695
10703
10722
10728
10731
10736
10743
10747
10764
10774
10775
10784
10786
10789
10791
10792
10794
10796
10804
10806
10833
10847
10853
10855
10857
10859
10863
10864
10881
10889
10901
10914
10918
10942
10944
10950
10962
10964
10977
11004
11005
11014
11019
11033
11050
11059
11068
11082
11093
11094
11115
11116
11132
11144
11146
11157
11159
11181
11194
11218
11266
11276
11316
11342
11343
11344
11345
11350
11379
11383
11400
11403
11405
11426
11453
11464
11468
11507
11510
11512
11513
11545
11548
11566
11572
11574
11577
11583
11590
11619
11632
11639
11640
11662
11666
11685
11705
11715
11759
11783
11826
11849
11876
11884
11903
11910
11914
11918
11938
11951
11963
11968
11971
11973
11976
12003
12005
12007
12010
12014
12021
12043
12047
12060
12066
12074
12089
12096
12100
12116
12122
12123
12124
12134
12139
12140
12141
12142
12146
12160
12169
12179
12180
12181
12182
12191
12194
12201
12202
12212
12218
12220
12242
12247
12277
12315
12316
12323
12328
12358
12374
12386
12413
12419
12501
12518
12529
12532
12537
12548
12562
12573
12594
12621
12632
12657
12663
12664
12674
12682
12699
12707
12720
12737
12786
12800
12870
12914
12915
12925
12950
12954
12962
12963
12982
12994
13014
13016
13019
13028
13068
13070
13097
13143
13150
13208
13209
13224
13227
13237
13254
13263
13267
13281
13282
13300
13306
13313
13318
13320
13335
13351
13389
13400
13433
13455
13484
13492
13495
13506
13511
13514
13517
13527
13528
13538
13564
13566
13567
13581
13584
13597
13602
13629
13637
13663
13666
13685
13688
13689
13691
13718
13721
13724
13740
13741
13748
13760
13812
13832
13836
13848
13854
13856
13870
13877
13880
13890
13954
13997
14006
14033
14038
14042
14082
14112
14123
14150
14153
14168
14203
14263
14297
14344
14370
14374
14378
14472
14485
14526
14552
14553
14560
14561
14594
14619
14646
14663
14664
14665
14690
14714
14720
14725
14734
14752
14766
14810
14812
14858
14878
14880
14890
14901
14915
14920
14925
14932
14945
14949
15007
15011
15014
15015
15051
15059
15072
15097
15135
15163
15179
15218
15223
15243
15249
15252
15278
15279
15310
15332
15341
15346
15366
15367
15383
15405
15419
15421
15422
15423
15434
15478
15532
15596
15597
15624
15639
15661
15663
15668
15669
15670
15714
15730
15739
15763
15782
15854
15864
15877
15881
15888
15896
15927
15948
15981
16035
16037
16046
16056
16071
16117
16154
16181
16217
16220
16269
16320
16364
16391
16411
16434
16494
16498
16500
16520
16524
16534
16546
16560
16578
16583
16598
16623
16646
16740
16775
16792
16812
16825
16949
17097
17122
17134
17254
17265
17269
17273
17290
17292
17300
17301
17305
17308
17366
17429
17455
17471
17490
17515
17542
17569
17575
17616
17785
17852
17858
17887
17920
17926
18011
18055
18059
18074
18077
18092
18106
18112
18122
18125
18128
18129
18130
18132
18133
18137
18141
18142
18144
18151
18168
18179
18181
18185
18186
18195
18200
18206
18212
18215
18217
18218
18219
18220
18223
18225
18230
18287
18293
18312
18332
18339
18343
18351
18364
18383
18396
18404
18429
18454
18487
18503
18574
18608
18657
18720
18767
18771
18903
18927
18984
18990
19016
19102
19133
19134
19197
19410
19418
