10
29
71
88
90
99
130
146
162
176
200
203
204
206
215
219
287
288
295
318
322
329
344
351
360
363
369
427
438
504
537
628
666
680
721
843
844
845
846
856
918
1030
1156
1223
1274
1279
1350
1404
1411
1503
1524
1599
1864
1891
2017
2070
2130
2251
2255
2260
2290
2386
2501
2508
2519
2520
2583
2627
2628
2678
2775
2826
2940
3184
3243
3263
3271
3376
3459
3480
3544
3546
3602
3605
3612
3614
3619
3623
3632
3646
3683
3718
3834
3860
3953
4095
4153
4184
4240
4271
4358
4425
4441
4474
4486
4487
4491
4543
4549
4619
4634
4671
4717
4766
4821
4869
4961
4981
5190
5334
5461
5536
6039
6150
6187
6219
6255
6350
6351
6446
6457
6461
6463
6466
6469
6531
6690
6886
6956
7124
7362
7551
7552
7612
7719
7794
8166
8357
8423
8856
8943
9443
9491
9493
10388
10492
10864
11450
11561
11957
12948
12960
13314
13382
14552
14793
16378
16449
