3
8
17
23
24
39
46
55
57
67
72
76
82
83
97
107
108
121
122
125
127
131
146
152
159
174
183
186
188
197
205
210
213
303
304
313
317
320
344
363
380
381
389
405
413
425
427
428
431
436
438
439
454
463
468
474
475
490
493
506
513
515
519
542
562
582
585
589
600
601
611
612
617
626
627
664
665
670
673
693
707
708
709
710
736
739
744
759
760
775
785
796
821
841
857
873
884
888
891
892
912
920
944
946
956
958
963
973
974
980
990
1018
1022
1024
1043
1077
1083
1105
1109
1110
1112
1115
1129
1133
1139
1162
1180
1184
1213
1217
1240
1257
1268
1277
1286
1331
1347
1349
1353
1394
1398
1451
1458
1463
1465
1472
1474
1508
1563
1575
1580
1587
1596
1601
1625
1659
1697
1701
1736
1745
1760
1788
1789
1794
1795
1811
1853
1884
1887
1902
1937
1942
1947
1950
2003
2004
2009
2012
2039
2041
2051
2053
2055
2068
2070
2088
2096
2133
2190
2194
2232
2256
2279
2294
2319
2327
2330
2338
2364
2368
2432
2463
2494
2499
2521
2551
2559
2581
2582
2583
2593
2598
2608
2622
2641
2651
2659
2661
2666
2681
2682
2683
2684
2710
2715
2722
2725
2759
2774
2775
2782
2787
2796
2799
2802
2821
2822
2832
2854
2897
2916
2921
2922
2939
2971
2994
3008
3056
3091
3106
3116
3130
3131
3160
3164
3171
3172
3174
3183
3185
3205
3206
3209
3230
3256
3270
3285
3287
3301
3308
3315
3322
3324
3343
3352
3365
3369
3371
3384
3403
3408
3435
3463
3472
3496
3497
3506
3509
3522
3526
3530
3535
3540
3551
3559
3571
3573
3583
3601
3604
3606
3609
3617
3621
3623
3626
3642
3647
3651
3655
3658
3683
3698
3699
3702
3715
3722
3729
3731
3734
3739
3745
3766
3767
3771
3776
3777
3786
3791
3809
3824
3831
3839
3851
3852
3865
3868
3871
3887
3897
3899
3901
3902
3923
3946
3963
3971
3978
3980
3994
4018
4034
4044
4046
4084
4096
4098
4103
4104
4122
4131
4141
4154
4156
4159
4166
4176
4184
4226
4235
4264
4266
4290
4298
4299
4303
4313
4316
4317
4347
4359
4401
4437
4452
4458
4481
4487
4490
4494
4497
4502
4556
4559
4561
4566
4574
4606
4607
4618
4630
4651
4674
4700
4710
4722
4734
4736
4742
4766
4816
4848
4863
4868
4878
4898
4909
4917
4918
4919
4940
4953
4955
4973
4994
4997
5045
5047
5050
5051
5052
5065
5076
5089
5096
5110
5160
5179
5197
5227
5229
5245
5254
5268
5272
5277
5280
5326
5332
5356
5359
5368
5369
5398
5408
5428
5430
5456
5464
5466
5491
5494
5512
5534
5544
5559
5560
5566
5568
5588
5642
5652
5658
5677
5728
5736
5751
5765
5768
5773
5778
5803
5804
5805
5820
5825
5831
5869
5873
5875
5900
5919
5942
5959
5973
6003
6008
6020
6037
6066
6088
6091
6093
6103
6106
6108
6150
6160
6164
6171
6194
6218
6247
6286
6291
6302
6304
6356
6392
6415
6420
6427
6451
6463
6469
6480
6586
6611
6683
6695
6703
6706
6722
6737
6762
6784
6786
6791
6792
6795
6804
6807
6810
6813
6814
6881
6884
6906
6926
6982
7004
7005
7049
7110
7131
7135
7148
7177
7209
7211
7224
7228
7238
7245
7257
7280
7282
7285
7291
7296
7322
7329
7358
7395
7398
7405
7420
7449
7473
7509
7529
7547
7557
7562
7583
7588
7589
7599
7624
7657
7665
7700
7718
7725
7727
7746
7749
7756
7762
7779
7819
7823
7857
7859
7887
7894
7919
7938
7946
7954
7960
7980
8017
8061
8062
8078
8081
8093
8102
8105
8110
8121
8215
8243
8266
8271
8342
8343
8354
8360
8400
8434
8437
8461
8514
8583
8603
8676
8684
8732
8733
8760
8789
8808
8810
8818
8827
8829
8863
8871
8917
8971
8974
8980
8995
9004
9008
9049
9066
9078
9091
9092
9096
9109
9111
9135
9157
9170
9198
9214
9242
9247
9250
9265
9266
9270
9273
9274
9290
9315
9325
9352
9359
9426
9442
9476
9478
9488
9508
9514
9537
9563
9577
9579
9640
9677
9682
9699
9721
9759
9816
9818
9846
9886
9976
10016
10029
10064
10169
10179
10243
10291
10295
10345
10447
10480
10537
10585
10588
10613
10640
10670
10733
10749
10814
10815
10824
10833
10843
10892
10983
10994
11036
11044
11051
11094
11234
11316
11342
11358
11402
11535
11556
11563
11564
11581
11614
11619
11639
11640
11679
11751
11813
11826
11833
11940
11971
11994
12134
12139
12167
12183
12207
12273
12386
12419
12470
12568
12615
12643
12649
12657
12680
12682
12733
12743
12751
12774
12781
12800
12898
12952
13017
13061
13068
13089
13109
13133
13227
13267
13278
13309
13339
13341
13381
13512
13517
13557
13573
13584
13663
13746
13763
13857
13863
13881
13888
13893
13935
14065
14121
14133
14200
14244
14312
14404
14413
14557
14646
14714
14716
14742
14813
14881
14963
14968
14976
15019
15097
15234
15284
15366
15421
15436
15634
15650
15703
15870
15919
15947
16057
16262
16377
16408
16429
16478
16584
16605
16622
17306
17438
17493
17887
18068
18085
18117
18119
18127
18128
18129
18135
18140
18141
18146
18177
18184
18203
18225
18233
18285
18304
18311
18349
18629
18718
18782
18815
18816
19175
19552
