6
7
8
9
11
17
21
22
23
26
30
35
36
39
41
42
47
48
54
55
57
58
62
67
68
70
71
74
76
77
78
79
82
83
84
86
87
88
89
93
94
97
98
99
101
103
107
108
109
110
111
112
118
119
122
123
126
127
128
130
131
136
137
138
142
146
147
149
152
153
154
155
157
170
179
181
182
183
186
194
195
198
200
201
202
204
205
206
207
208
209
210
211
213
215
216
217
219
222
224
226
227
229
230
236
237
239
240
242
243
244
246
247
250
255
257
260
261
263
270
271
278
279
281
285
287
288
289
290
295
296
297
300
302
303
304
305
306
310
313
314
315
322
327
328
336
344
346
349
352
354
358
360
364
366
370
371
376
378
380
387
389
399
402
407
409
410
417
419
420
421
423
424
425
426
427
428
431
432
433
436
438
439
440
442
445
451
454
457
460
463
464
470
471
474
475
479
480
491
492
494
500
501
503
504
505
513
530
532
538
542
550
554
558
559
569
571
573
574
581
582
587
590
591
592
596
598
599
601
604
605
609
613
628
634
639
645
646
654
662
664
665
672
673
680
685
686
687
689
696
699
702
709
721
728
734
736
737
738
739
741
743
746
749
750
752
753
754
757
760
763
769
770
774
777
778
779
782
787
798
805
806
807
810
815
819
824
833
835
837
839
843
844
845
846
848
849
853
854
855
856
857
858
859
860
863
867
869
872
880
883
884
888
889
908
909
912
913
918
920
927
931
936
943
944
954
965
969
971
973
992
996
998
1008
1009
1018
1024
1025
1033
1036
1041
1042
1043
1051
1056
1062
1063
1066
1067
1069
1076
1077
1088
1091
1092
1101
1104
1105
1106
1108
1120
1122
1129
1133
1144
1149
1156
1158
1159
1166
1167
1176
1179
1180
1181
1184
1190
1201
1202
1209
1213
1219
1220
1227
1234
1237
1240
1249
1260
1265
1267
1268
1279
1280
1293
1312
1314
1315
1321
1323
1328
1338
1339
1351
1352
1369
1378
1399
1402
1404
1406
1410
1413
1415
1418
1419
1424
1436
1445
1446
1450
1465
1468
1469
1470
1471
1472
1485
1495
1498
1500
1509
1513
1516
1543
1544
1548
1554
1560
1563
1571
1572
1576
1580
1587
1596
1599
1600
1610
1619
1625
1628
1629
1642
1646
1655
1659
1661
1667
1670
1674
1677
1679
1680
1688
1693
1696
1706
1710
1713
1728
1729
1732
1733
1744
1746
1748
1750
1767
1769
1771
1772
1774
1778
1783
1789
1792
1795
1802
1804
1805
1808
1809
1819
1826
1835
1841
1850
1868
1877
1880
1887
1894
1900
1909
1920
1937
1939
1947
1950
1957
1969
1972
1979
1982
1991
1996
2003
2009
2019
2027
2028
2030
2032
2036
2046
2047
2057
2062
2064
2078
2083
2088
2096
2101
2109
2118
2129
2132
2138
2149
2150
2159
2162
2167
2194
2209
2223
2229
2232
2238
2246
2256
2273
2284
2293
2296
2301
2303
2308
2315
2324
2327
2333
2335
2364
2365
2366
2367
2372
2378
2385
2403
2407
2412
2416
2422
2429
2432
2440
2444
2448
2450
2460
2486
2489
2491
2492
2493
2494
2498
2499
2502
2507
2511
2513
2516
2517
2521
2525
2529
2531
2535
2538
2541
2543
2546
2551
2552
2556
2558
2559
2563
2567
2568
2571
2572
2574
2576
2581
2582
2583
2586
2587
2590
2593
2598
2604
2608
2614
2615
2622
2623
2624
2625
2634
2641
2643
2644
2645
2646
2647
2648
2649
2650
2651
2652
2662
2664
2666
2673
2674
2678
2679
2680
2681
2682
2685
2691
2692
2694
2702
2708
2713
2715
2717
2721
2725
2747
2750
2758
2759
2766
2771
2774
2778
2780
2781
2787
2792
2802
2804
2808
2810
2811
2816
2826
2836
2840
2848
2852
2854
2859
2871
2878
2885
2893
2894
2897
2898
2902
2913
2919
2933
2936
2937
2941
2945
2950
2953
2960
2963
2970
2973
2976
2979
2981
2987
2989
2994
2996
3000
3007
3008
3011
3016
3033
3037
3046
3050
3058
3061
3065
3069
3073
3077
3086
3095
3099
3100
3107
3115
3116
3121
3123
3124
3126
3135
3150
3153
3156
3160
3162
3169
3170
3176
3179
3184
3185
3186
3193
3205
3209
3214
3218
3232
3242
3250
3265
3270
3271
3275
3279
3287
3289
3292
3296
3299
3316
3319
3320
3330
3334
3336
3340
3344
3347
3348
3350
3359
3361
3362
3369
3371
3376
3383
3384
3402
3404
3416
3446
3452
3453
3457
3459
3461
3462
3463
3466
3470
3473
3474
3475
3476
3479
3483
3489
3504
3510
3512
3525
3526
3527
3529
3530
3532
3533
3536
3539
3545
3546
3547
3549
3552
3553
3559
3560
3565
3566
3567
3568
3570
3571
3573
3575
3576
3578
3579
3580
3581
3582
3583
3584
3589
3590
3591
3592
3593
3595
3596
3598
3599
3602
3603
3604
3605
3607
3608
3609
3610
3611
3612
3614
3617
3618
3619
3620
3622
3623
3624
3626
3630
3632
3644
3650
3651
3655
3658
3667
3679
3683
3685
3687
3688
3691
3693
3697
3702
3703
3708
3712
3716
3717
3729
3731
3734
3735
3737
3740
3745
3746
3753
3756
3757
3758
3759
3760
3761
3762
3766
3767
3771
3778
3782
3783
3786
3789
3790
3795
3796
3799
3800
3806
3808
3809
3817
3821
3822
3826
3827
3829
3830
3831
3833
3834
3845
3848
3852
3860
3862
3863
3865
3881
3887
3902
3904
3910
3920
3926
3931
3932
3952
3953
3955
3961
3963
3968
3983
3993
4001
4005
4008
4016
4017
4018
4022
4023
4024
4027
4039
4056
4073
4074
4084
4085
4089
4090
4096
4098
4104
4105
4108
4111
4116
4117
4118
4129
4134
4137
4141
4142
4143
4148
4153
4154
4156
4157
4159
4179
4184
4185
4188
4191
4192
4196
4197
4200
4201
4215
4220
4221
4225
4228
4230
4240
4241
4242
4253
4258
4278
4293
4294
4295
4304
4308
4312
4313
4316
4319
4324
4332
4347
4358
4359
4362
4363
4364
4366
4379
4381
4382
4383
4384
4390
4391
4392
4396
4398
4405
4408
4420
4430
4437
4441
4451
4453
4454
4462
4471
4473
4475
4477
4483
4486
4487
4491
4492
4494
4502
4505
4514
4528
4543
4545
4549
4551
4555
4569
4575
4593
4595
4596
4601
4618
4632
4635
4643
4644
4647
4655
4657
4666
4668
4677
4684
4685
4692
4693
4694
4702
4703
4704
4705
4706
4708
4709
4710
4717
4726
4727
4734
4742
4747
4748
4758
4759
4763
4765
4766
4767
4771
4778
4787
4788
4790
4803
4806
4809
4812
4813
4815
4817
4830
4831
4833
4837
4839
4840
4841
4843
4846
4851
4857
4866
4868
4869
4870
4871
4875
4876
4878
4879
4881
4883
4884
4886
4887
4894
4898
4903
4908
4909
4910
4911
4915
4918
4926
4927
4928
4930
4932
4953
4968
4979
4993
4996
5011
5014
5034
5036
5061
5063
5067
5088
5097
5102
5109
5110
5114
5120
5131
5147
5152
5153
5164
5170
5172
5176
5179
5182
5193
5199
5205
5224
5241
5243
5247
5248
5251
5252
5254
5261
5282
5326
5331
5338
5349
5354
5356
5373
5378
5382
5393
5401
5418
5429
5432
5437
5438
5441
5443
5449
5450
5461
5465
5476
5477
5481
5484
5491
5497
5500
5503
5505
5506
5513
5515
5517
5519
5521
5524
5528
5534
5536
5540
5544
5545
5546
5549
5550
5557
5560
5572
5583
5591
5592
5604
5606
5611
5620
5623
5625
5626
5629
5632
5634
5642
5675
5679
5688
5697
5698
5700
5706
5710
5723
5728
5730
5732
5734
5743
5745
5754
5759
5763
5768
5773
5790
5798
5810
5833
5840
5842
5853
5858
5859
5867
5880
5883
5884
5888
5897
5898
5903
5912
5914
5922
5930
5931
5948
5958
5966
5977
5985
5987
5996
6009
6018
6031
6038
6039
6044
6045
6050
6069
6076
6078
6080
6088
6091
6093
6102
6104
6107
6113
6133
6143
6150
6159
6161
6170
6171
6172
6184
6186
6199
6201
6206
6209
6210
6219
6223
6225
6229
6234
6241
6263
6272
6276
6283
6291
6295
6310
6329
6331
6343
6344
6349
6357
6365
6369
6381
6383
6389
6391
6393
6413
6420
6421
6432
6435
6437
6457
6461
6463
6468
6475
6493
6504
6522
6530
6531
6533
6548
6560
6561
6565
6589
6609
6629
6644
6653
6654
6673
6683
6705
6710
6711
6713
6722
6741
6742
6757
6765
6767
6769
6772
6778
6784
6796
6800
6801
6807
6814
6818
6844
6869
6872
6881
6889
6903
6907
6910
6914
6936
6948
6956
6965
6970
6982
6991
7005
7008
7010
7016
7025
7037
7055
7065
7089
7099
7100
7102
7118
7130
7132
7138
7148
7152
7154
7155
7164
7174
7202
7203
7208
7209
7210
7211
7220
7226
7231
7234
7256
7264
7273
7290
7298
7300
7322
7344
7345
7351
7353
7362
7379
7397
7451
7470
7477
7480
7488
7489
7503
7505
7508
7513
7514
7523
7528
7532
7544
7550
7551
7552
7554
7562
7567
7572
7573
7575
7576
7577
7578
7580
7592
7594
7595
7596
7604
7610
7611
7616
7620
7624
7625
7626
7627
7629
7631
7633
7638
7639
7640
7641
7643
7650
7651
7652
7657
7667
7676
7686
7691
7722
7730
7732
7736
7739
7742
7744
7745
7749
7752
7766
7791
7794
7797
7803
7804
7812
7827
7832
7837
7839
7846
7852
7856
7857
7861
7868
7874
7877
7880
7887
7888
7921
7923
7946
7953
7962
7980
8039
8041
8044
8049
8053
8064
8065
8066
8074
8075
8080
8083
8086
8087
8091
8092
8093
8107
8127
8131
8135
8136
8146
8161
8169
8170
8174
8186
8198
8199
8222
8223
8233
8237
8241
8249
8267
8269
8270
8271
8272
8273
8274
8275
8276
8277
8281
8305
8307
8309
8312
8333
8343
8354
8370
8373
8380
8387
8392
8397
8400
8404
8424
8429
8432
8433
8435
8439
8440
8441
8443
8450
8453
8455
8471
8472
8473
8480
8498
8499
8508
8516
8521
8549
8577
8578
8580
8596
8599
8603
8608
8614
8622
8643
8651
8660
8705
8733
8744
8745
8754
8758
8760
8773
8780
8787
8789
8790
8792
8811
8816
8818
8825
8828
8829
8830
8847
8852
8856
8859
8864
8865
8866
8897
8914
8917
8923
8924
8927
8930
8943
8945
8951
8960
8965
8968
8970
8973
8988
8989
9004
9009
9013
9015
9031
9039
9040
9059
9064
9066
9072
9076
9086
9121
9142
9143
9146
9148
9150
9155
9173
9205
9207
9271
9274
9287
9288
9294
9317
9326
9327
9338
9351
9352
9354
9369
9392
9417
9423
9441
9446
9449
9459
9494
9507
9521
9526
9550
9567
9571
9575
9588
9607
9625
9676
9695
9709
9733
9753
9758
9759
9766
9788
9829
9909
9914
9921
10011
10034
10036
10063
10064
10066
10067
10075
10127
10154
10164
10180
10181
10202
10241
10245
10258
10279
10283
10435
10486
10555
10570
10591
10605
10640
10664
10699
10742
10743
10751
10755
10773
10785
10803
10806
10816
10839
10889
10903
10978
10979
11014
11048
11064
11065
11123
11157
11181
11206
11307
11322
11339
11394
11395
11444
11458
11500
11508
11513
11524
11549
11553
11578
11641
11785
11863
11878
11903
11914
11922
11941
11957
11982
11983
11986
12002
12043
12044
12057
12082
12100
12231
12267
12271
12305
12321
12334
12351
12360
12361
12366
12418
12434
12435
12533
12568
12591
12654
12666
12681
12692
12733
12759
12787
12887
12898
12905
12917
12954
13011
13061
13224
13229
13244
13252
13267
13318
13320
13366
13398
13601
13655
13661
13708
13714
13762
13771
13773
13777
13789
13793
13804
13910
13927
13942
13953
14001
14132
14152
14280
14313
14335
14460
14468
14556
14594
14634
14658
14676
14677
14678
14747
14792
14808
14832
14968
15067
15097
15117
15124
15236
15257
15350
15483
15534
15600
15632
15671
15672
15673
15674
15675
15676
15677
15678
15679
15680
15681
15682
15683
15684
15881
15956
16060
16063
16173
16193
16408
16421
16429
16450
16596
16814
16829
16874
16950
17089
17090
17091
17097
17405
17468
17575
17576
17877
18071
18165
18182
18189
18331
18332
18423
18522
18523
18524
18545
19296
