8
17
23
41
71
85
93
134
136
143
146
176
198
297
299
303
333
343
377
389
428
432
434
438
445
453
457
505
655
721
734
739
820
946
969
1024
1074
1077
1083
1220
1276
1338
1348
1381
1386
1402
1573
1576
1610
1655
1667
1697
1760
1775
1852
1869
1876
1961
2044
2190
2300
2308
2521
2590
2635
2648
2656
2728
2781
2810
2845
2857
2879
2970
3037
3064
3116
3151
3237
3242
3254
3301
3376
3422
3452
3462
3475
3479
3535
3596
3624
3676
3714
3731
3746
3767
3800
3865
3924
3929
4027
4042
4118
4148
4160
4188
4226
4229
4259
4358
4389
4484
4497
4582
4635
4887
4919
4927
4960
4996
5072
5179
5282
5369
5425
5497
5564
5590
5623
5699
5805
5811
5817
5880
5940
5961
5969
6003
6022
6039
6045
6185
6261
6315
6322
6339
6391
6452
6675
6713
6719
6796
6856
6911
6992
7280
7290
7320
7353
7386
7513
7704
7708
7749
7857
7886
7951
7980
8049
8197
8201
8372
8469
8635
8733
8802
8824
8834
8927
9025
9264
9270
9287
9309
9440
9693
10113
10144
10151
10342
10627
10677
10759
11040
11157
11276
11380
11520
11647
11670
12302
12653
12898
12914
12982
13090
13160
13227
13372
13382
13528
13571
13590
14032
14192
14404
14610
14658
14691
14960
15029
15119
15663
15914
16172
16413
16785
17269
17308
17633
18116
18143
18181
18221
18242
19598
