0
1
3
5
6
7
8
9
10
11
12
13
15
16
17
18
19
20
22
23
24
26
27
28
29
30
31
32
35
36
37
38
39
41
42
43
44
46
47
48
50
51
53
54
55
56
57
58
59
60
61
62
63
64
66
67
68
69
70
71
72
73
74
75
76
77
78
79
80
81
82
83
84
85
86
87
88
89
90
91
92
93
94
95
96
97
98
99
100
101
102
103
105
106
107
108
109
110
111
112
113
114
115
116
117
118
119
120
121
122
123
124
125
126
127
128
129
130
131
132
133
134
135
136
137
138
139
140
141
142
143
144
145
146
147
148
149
150
151
152
153
154
155
156
157
158
159
160
161
162
163
165
166
167
168
169
170
171
172
173
174
176
177
178
179
180
181
182
183
185
186
187
188
189
190
191
193
194
197
198
199
200
201
203
204
205
206
207
208
209
210
211
212
213
214
215
216
217
218
219
222
223
224
226
227
228
230
232
233
235
236
237
239
240
241
242
243
244
245
247
248
250
251
253
254
255
257
258
259
260
261
262
263
264
268
269
270
271
272
273
275
276
278
279
280
281
282
283
284
285
286
287
288
289
290
293
294
295
296
297
298
299
300
302
303
304
305
306
307
308
309
310
311
312
313
314
315
317
318
319
320
321
322
323
325
326
328
329
331
332
333
335
336
337
339
340
341
342
344
345
346
347
348
349
350
351
352
353
356
357
358
359
360
361
362
363
366
367
368
369
370
371
372
374
375
376
377
378
379
380
381
383
384
385
386
387
388
389
390
392
393
394
395
397
399
400
401
402
403
404
405
406
407
408
409
410
411
413
417
418
419
420
423
424
425
426
427
428
429
430
431
432
433
435
436
437
438
439
440
441
442
443
445
446
448
449
450
451
452
453
454
455
456
457
458
459
460
463
464
465
467
468
469
470
471
473
474
475
477
479
481
482
483
485
488
489
490
491
492
493
494
497
499
500
501
502
503
504
505
506
508
509
510
511
513
514
515
517
519
521
522
523
525
526
527
528
529
531
532
533
534
535
536
537
538
539
540
541
542
543
544
545
546
548
549
550
551
552
553
554
555
556
557
558
559
561
563
564
565
566
567
568
569
573
574
575
576
579
581
582
583
584
585
587
588
589
590
591
592
593
594
595
596
597
598
599
600
601
602
603
604
606
607
608
609
610
611
612
613
614
615
616
617
619
620
621
622
623
624
625
626
627
628
631
632
633
634
635
636
637
638
639
640
641
642
644
645
646
647
648
649
650
651
652
653
654
655
656
658
659
660
662
663
664
665
666
667
668
670
671
672
673
675
676
678
679
680
681
682
683
684
685
686
687
689
690
691
692
693
694
695
696
697
698
699
700
701
702
703
705
707
708
709
710
711
714
717
718
719
720
721
722
723
724
725
727
728
730
731
733
734
735
736
737
738
739
741
743
744
745
747
748
749
750
751
752
753
754
755
756
758
759
760
762
763
765
767
768
770
771
773
774
775
776
777
778
779
780
781
782
783
785
787
788
789
790
791
792
795
796
797
798
800
801
802
803
804
805
806
807
808
811
812
814
815
816
817
818
819
820
821
822
823
824
825
826
827
830
831
832
834
836
837
839
840
842
843
844
845
846
847
848
849
850
853
854
855
856
857
858
859
860
861
862
863
864
865
867
868
869
870
871
872
873
874
875
876
877
878
879
880
883
884
885
886
887
888
889
891
892
894
895
897
898
900
901
902
903
904
905
906
907
908
909
911
912
913
916
917
918
919
920
921
922
924
925
926
927
928
929
930
931
932
933
934
935
936
937
938
940
941
942
943
944
945
946
947
948
949
952
955
956
957
958
960
961
963
964
965
966
967
968
969
970
971
973
974
975
976
977
978
979
980
981
982
983
984
986
987
988
990
991
992
994
995
997
998
999
1001
1002
1003
1004
1005
1006
1009
1011
1012
1013
1014
1015
1016
1017
1018
1020
1022
1023
1024
1025
1028
1029
1030
1031
1033
1034
1036
1037
1038
1040
1041
1042
1043
1044
1045
1048
1049
1051
1053
1055
1056
1057
1059
1061
1062
1063
1064
1065
1066
1067
1068
1069
1070
1071
1073
1074
1076
1077
1078
1079
1081
1082
1083
1084
1085
1086
1087
1088
1090
1091
1092
1094
1095
1096
1097
1098
1099
1101
1102
1103
1104
1105
1106
1107
1109
1110
1111
1112
1113
1117
1120
1122
1123
1124
1125
1126
1127
1129
1130
1132
1133
1134
1135
1136
1137
1138
1139
1141
1143
1144
1145
1146
1147
1148
1149
1150
1155
1156
1158
1159
1160
1161
1162
1163
1164
1165
1167
1169
1172
1176
1177
1178
1179
1180
1181
1184
1186
1187
1188
1189
1190
1191
1192
1193
1194
1195
1196
1198
1199
1200
1201
1202
1203
1204
1206
1207
1208
1209
1210
1213
1214
1215
1216
1217
1219
1220
1221
1223
1225
1226
1227
1228
1229
1230
1231
1232
1233
1234
1235
1237
1238
1239
1240
1241
1242
1244
1245
1248
1249
1250
1251
1252
1253
1257
1258
1259
1260
1261
1264
1265
1267
1268
1269
1270
1271
1272
1273
1274
1275
1276
1277
1278
1279
1280
1281
1283
1285
1286
1287
1288
1290
1291
1292
1294
1295
1296
1297
1302
1304
1305
1306
1308
1309
1310
1311
1312
1313
1316
1320
1321
1322
1323
1325
1326
1327
1328
1329
1331
1332
1333
1334
1335
1337
1338
1341
1342
1344
1345
1346
1347
1349
1350
1351
1353
1354
1355
1356
1358
1362
1363
1364
1365
1366
1367
1368
1369
1372
1373
1374
1375
1378
1379
1380
1381
1383
1384
1385
1386
1387
1389
1390
1392
1393
1394
1399
1400
1402
1403
1404
1406
1409
1410
1411
1413
1414
1416
1418
1419
1421
1422
1425
1426
1427
1428
1429
1431
1432
1433
1434
1435
1436
1439
1440
1441
1442
1443
1444
1446
1447
1449
1450
1451
1453
1454
1455
1456
1457
1458
1459
1463
1464
1465
1466
1467
1468
1469
1470
1471
1472
1473
1474
1475
1477
1478
1479
1480
1481
1483
1485
1487
1488
1489
1490
1491
1492
1493
1494
1495
1496
1497
1498
1499
1500
1501
1502
1503
1504
1505
1507
1508
1509
1513
1514
1515
1516
1518
1520
1521
1522
1523
1524
1525
1526
1527
1529
1530
1535
1536
1540
1541
1542
1543
1544
1545
1546
1548
1549
1552
1553
1554
1556
1557
1559
1560
1561
1563
1566
1567
1568
1571
1572
1574
1576
1577
1579
1580
1581
1584
1585
1587
1589
1590
1591
1592
1593
1595
1596
1598
1599
1600
1601
1603
1606
1609
1610
1611
1612
1613
1615
1616
1618
1619
1620
1622
1623
1624
1625
1627
1628
1629
1630
1633
1636
1637
1639
1640
1644
1645
1646
1647
1649
1650
1652
1653
1654
1655
1657
1659
1660
1661
1662
1663
1664
1665
1667
1668
1669
1670
1671
1672
1673
1674
1676
1677
1678
1679
1680
1681
1683
1686
1687
1688
1689
1692
1693
1694
1695
1697
1701
1703
1705
1706
1707
1708
1709
1710
1711
1712
1713
1714
1716
1717
1720
1726
1727
1728
1729
1730
1731
1733
1735
1736
1737
1738
1739
1742
1744
1745
1746
1747
1748
1749
1750
1751
1752
1755
1758
1759
1760
1761
1762
1763
1764
1765
1766
1768
1769
1770
1771
1772
1773
1774
1778
1780
1781
1782
1788
1789
1791
1792
1794
1795
1796
1797
1798
1801
1802
1805
1808
1809
1810
1811
1818
1819
1820
1821
1822
1828
1830
1832
1835
1836
1838
1841
1845
1847
1848
1850
1852
1853
1856
1857
1859
1860
1866
1867
1868
1869
1870
1871
1872
1875
1876
1877
1880
1881
1884
1885
1886
1887
1889
1891
1894
1895
1896
1900
1901
1902
1904
1908
1909
1911
1912
1915
1916
1917
1918
1920
1921
1922
1923
1924
1925
1927
1929
1930
1931
1932
1933
1935
1937
1938
1939
1940
1941
1942
1943
1944
1945
1946
1947
1948
1949
1950
1951
1953
1955
1956
1957
1958
1959
1960
1961
1964
1965
1966
1967
1968
1969
1971
1972
1973
1974
1976
1977
1979
1980
1982
1983
1984
1985
1986
1989
1990
1991
1996
1997
1998
2001
2003
2004
2005
2007
2008
2009
2010
2011
2012
2013
2015
2016
2017
2018
2019
2021
2022
2024
2025
2027
2028
2029
2030
2032
2033
2034
2035
2036
2037
2038
2039
2040
2041
2043
2046
2047
2048
2049
2050
2052
2053
2055
2056
2057
2059
2060
2061
2062
2064
2065
2066
2067
2068
2070
2073
2075
2076
2077
2081
2086
2088
2089
2090
2092
2095
2097
2098
2099
2100
2101
2103
2104
2105
2107
2108
2109
2110
2113
2114
2115
2116
2118
2123
2124
2125
2127
2128
2129
2130
2131
2132
2133
2134
2136
2137
2140
2141
2144
2146
2150
2151
2154
2155
2156
2157
2158
2159
2160
2163
2164
2165
2167
2168
2170
2172
2173
2174
2175
2176
2177
2178
2179
2185
2188
2189
2190
2191
2193
2194
2195
2196
2197
2198
2199
2200
2201
2202
2205
2207
2208
2209
2211
2213
2214
2219
2220
2222
2223
2224
2225
2227
2229
2232
2233
2235
2238
2239
2240
2246
2247
2248
2249
2251
2252
2253
2254
2255
2256
2257
2260
2261
2264
2266
2268
2269
2270
2271
2273
2276
2277
2284
2288
2289
2290
2292
2293
2294
2296
2299
2300
2301
2302
2303
2308
2309
2310
2311
2313
2315
2316
2318
2321
2322
2323
2327
2328
2329
2330
2333
2335
2336
2337
2338
2339
2340
2341
2344
2345
2349
2350
2354
2358
2359
2360
2362
2363
2364
2365
2366
2367
2368
2369
2372
2375
2376
2378
2379
2380
2381
2384
2385
2386
2388
2390
2392
2393
2394
2396
2398
2399
2402
2403
2404
2406
2407
2408
2410
2411
2412
2416
2417
2418
2422
2423
2424
2425
2426
2429
2430
2432
2434
2435
2436
2437
2438
2440
2441
2443
2444
2446
2448
2450
2452
2453
2454
2455
2457
2461
2463
2464
2465
2466
2467
2469
2470
2472
2473
2477
2481
2482
2484
2486
2487
2488
2489
2490
2491
2492
2493
2494
2495
2496
2497
2498
2499
2500
2501
2502
2503
2505
2507
2508
2509
2510
2511
2512
2513
2514
2515
2516
2517
2518
2520
2521
2522
2523
2524
2525
2526
2527
2528
2529
2530
2531
2532
2533
2534
2535
2536
2537
2538
2539
2540
2543
2544
2545
2546
2547
2548
2549
2550
2551
2552
2553
2554
2555
2556
2557
2558
2559
2561
2562
2563
2564
2566
2567
2568
2569
2571
2573
2574
2578
2580
2581
2582
2583
2584
2586
2587
2588
2589
2590
2592
2593
2595
2597
2598
2599
2600
2601
2602
2603
2604
2605
2606
2607
2608
2609
2610
2611
2612
2613
2614
2615
2617
2618
2619
2621
2622
2623
2624
2625
2626
2627
2628
2629
2632
2633
2634
2636
2637
2638
2640
2641
2642
2643
2644
2645
2646
2647
2648
2649
2650
2651
2652
2656
2657
2658
2659
2660
2661
2662
2663
2664
2665
2666
2667
2668
2669
2670
2671
2672
2673
2674
2675
2676
2677
2678
2679
2680
2681
2682
2683
2684
2685
2686
2687
2688
2689
2690
2691
2692
2693
2694
2696
2697
2698
2700
2702
2703
2704
2705
2706
2707
2708
2709
2710
2711
2712
2714
2715
2716
2717
2720
2721
2722
2723
2724
2725
2726
2727
2728
2729
2732
2733
2734
2735
2736
2737
2738
2739
2742
2743
2744
2746
2747
2749
2750
2754
2755
2757
2758
2759
2760
2761
2762
2763
2764
2765
2766
2767
2769
2771
2772
2774
2775
2777
2778
2779
2780
2781
2782
2783
2784
2786
2787
2788
2790
2791
2792
2793
2794
2795
2796
2797
2798
2799
2801
2802
2803
2804
2805
2807
2808
2809
2810
2811
2814
2815
2816
2817
2818
2819
2820
2821
2822
2823
2824
2825
2826
2828
2829
2830
2832
2833
2836
2837
2838
2839
2840
2843
2844
2846
2848
2850
2851
2852
2853
2855
2856
2857
2859
2860
2861
2862
2863
2864
2865
2867
2868
2869
2870
2871
2874
2875
2876
2877
2878
2879
2880
2882
2884
2885
2886
2887
2888
2889
2890
2893
2894
2895
2896
2897
2898
2899
2900
2901
2902
2903
2904
2905
2906
2907
2908
2909
2911
2912
2914
2915
2916
2917
2918
2919
2920
2921
2922
2924
2927
2928
2931
2932
2933
2934
2935
2938
2939
2940
2941
2942
2944
2945
2946
2947
2948
2949
2950
2951
2952
2953
2954
2955
2957
2958
2959
2960
2961
2962
2963
2965
2967
2968
2969
2970
2971
2973
2974
2975
2976
2978
2979
2980
2981
2983
2984
2985
2987
2988
2989
2990
2991
2992
2994
2995
2996
2997
2998
2999
3000
3001
3002
3003
3004
3006
3007
3008
3010
3011
3012
3013
3015
3016
3017
3018
3019
3020
3021
3022
3023
3024
3025
3026
3028
3029
3030
3031
3032
3033
3035
3036
3037
3038
3039
3044
3046
3047
3048
3049
3050
3051
3052
3053
3056
3057
3058
3059
3060
3061
3062
3064
3065
3066
3067
3068
3069
3073
3075
3076
3077
3078
3079
3080
3082
3083
3084
3085
3086
3087
3088
3089
3090
3091
3092
3094
3095
3096
3097
3098
3099
3100
3104
3105
3107
3108
3109
3110
3111
3112
3113
3114
3115
3116
3117
3118
3119
3123
3124
3125
3126
3127
3128
3130
3132
3133
3134
3137
3138
3139
3140
3141
3143
3144
3145
3146
3150
3151
3152
3153
3154
3155
3156
3157
3158
3160
3161
3162
3163
3164
3165
3166
3168
3169
3170
3171
3172
3173
3174
3176
3177
3178
3179
3180
3182
3183
3184
3185
3186
3187
3188
3189
3190
3192
3193
3194
3195
3196
3197
3198
3199
3200
3201
3203
3204
3205
3206
3207
3208
3209
3210
3211
3212
3213
3214
3215
3216
3217
3218
3219
3222
3223
3226
3227
3228
3231
3232
3233
3234
3235
3236
3237
3238
3239
3240
3241
3242
3243
3244
3245
3246
3248
3249
3250
3251
3253
3254
3256
3257
3258
3259
3260
3261
3262
3263
3264
3265
3267
3269
3270
3271
3272
3274
3275
3276
3278
3279
3282
3285
3286
3287
3288
3289
3291
3292
3293
3295
3296
3298
3299
3301
3302
3303
3304
3305
3306
3308
3309
3311
3312
3313
3314
3315
3316
3317
3318
3319
3320
3322
3323
3324
3325
3326
3327
3328
3330
3331
3332
3334
3336
3337
3338
3340
3341
3342
3343
3344
3345
3346
3347
3348
3350
3352
3353
3354
3356
3357
3359
3361
3363
3365
3367
3368
3369
3370
3371
3372
3373
3375
3376
3377
3378
3379
3380
3382
3383
3384
3385
3386
3387
3388
3389
3390
3391
3393
3394
3395
3396
3397
3398
3399
3400
3401
3402
3403
3404
3405
3406
3407
3408
3410
3411
3412
3413
3414
3415
3416
3417
3418
3419
3420
3421
3422
3423
3424
3425
3426
3428
3429
3431
3432
3433
3434
3435
3436
3437
3438
3439
3441
3442
3443
3445
3446
3448
3450
3451
3452
3453
3454
3455
3456
3457
3458
3459
3460
3461
3462
3463
3464
3465
3466
3467
3468
3469
3470
3471
3472
3473
3474
3475
3476
3477
3478
3479
3480
3481
3482
3483
3484
3486
3487
3489
3490
3491
3492
3493
3495
3496
3497
3498
3503
3504
3505
3506
3507
3508
3509
3510
3511
3512
3513
3515
3516
3517
3518
3519
3520
3521
3522
3523
3524
3525
3526
3527
3528
3529
3530
3531
3532
3533
3534
3535
3536
3537
3538
3539
3542
3543
3544
3545
3546
3547
3548
3549
3550
3551
3552
3553
3554
3556
3557
3559
3560
3562
3563
3565
3566
3567
3568
3570
3571
3572
3573
3574
3575
3576
3577
3578
3579
3580
3581
3582
3583
3584
3586
3589
3590
3591
3592
3593
3594
3596
3597
3598
3599
3601
3602
3603
3604
3605
3606
3607
3608
3609
3610
3611
3612
3613
3614
3615
3616
3618
3619
3620
3621
3623
3624
3625
3626
3628
3630
3631
3632
3633
3635
3637
3638
3640
3641
3642
3645
3646
3647
3648
3650
3651
3652
3654
3655
3656
3658
3660
3661
3662
3664
3665
3666
3667
3668
3673
3674
3675
3676
3677
3678
3679
3680
3681
3682
3683
3685
3687
3689
3691
3692
3693
3694
3695
3696
3697
3698
3699
3700
3701
3702
3703
3704
3705
3706
3707
3708
3709
3711
3713
3714
3715
3716
3717
3718
3719
3720
3721
3722
3723
3724
3726
3727
3729
3730
3731
3732
3733
3734
3735
3737
3738
3739
3740
3742
3743
3746
3747
3748
3749
3750
3751
3752
3753
3755
3756
3757
3758
3759
3760
3761
3763
3764
3766
3767
3769
3770
3772
3773
3774
3776
3777
3780
3782
3783
3785
3786
3788
3789
3790
3791
3792
3793
3794
3795
3797
3799
3800
3801
3802
3803
3804
3806
3808
3809
3812
3813
3814
3815
3816
3817
3818
3819
3820
3821
3822
3823
3824
3825
3826
3827
3828
3829
3830
3831
3832
3833
3834
3835
3836
3839
3840
3841
3842
3843
3844
3845
3846
3847
3848
3849
3850
3851
3853
3854
3855
3856
3857
3858
3859
3860
3862
3864
3865
3866
3867
3868
3869
3870
3871
3873
3875
3878
3879
3880
3881
3882
3884
3886
3887
3888
3889
3890
3891
3892
3895
3897
3898
3899
3900
3901
3902
3903
3906
3907
3908
3909
3911
3912
3913
3915
3916
3917
3918
3919
3921
3922
3923
3924
3926
3927
3929
3931
3933
3934
3935
3937
3940
3941
3942
3943
3944
3945
3946
3947
3953
3954
3955
3956
3958
3959
3960
3961
3962
3963
3967
3968
3969
3970
3971
3972
3974
3975
3976
3977
3979
3980
3981
3982
3983
3984
3986
3987
3988
3989
3990
3992
3993
3994
3997
3998
3999
4000
4001
4003
4004
4005
4006
4007
4008
4009
4010
4012
4013
4014
4016
4017
4018
4019
4020
4021
4022
4023
4024
4025
4026
4027
4028
4030
4032
4033
4034
4035
4036
4038
4039
4040
4042
4043
4044
4045
4046
4048
4049
4051
4053
4054
4056
4059
4060
4061
4062
4064
4065
4066
4067
4070
4071
4073
4074
4076
4077
4079
4080
4082
4083
4084
4085
4086
4087
4088
4090
4092
4095
4096
4097
4098
4101
4102
4103
4104
4105
4107
4108
4109
4110
4111
4112
4113
4114
4115
4116
4117
4118
4119
4120
4122
4124
4125
4126
4127
4129
4131
4134
4136
4138
4139
4140
4141
4142
4143
4144
4145
4146
4147
4148
4149
4150
4153
4154
4155
4156
4157
4158
4159
4160
4163
4164
4165
4166
4169
4170
4171
4172
4173
4175
4178
4179
4181
4183
4184
4185
4186
4187
4188
4189
4190
4191
4194
4197
4198
4200
4201
4203
4205
4206
4211
4212
4214
4215
4217
4218
4219
4220
4221
4223
4224
4226
4227
4228
4229
4230
4231
4232
4233
4234
4236
4237
4238
4239
4240
4241
4242
4243
4245
4248
4250
4251
4252
4253
4254
4255
4256
4258
4261
4262
4264
4265
4266
4267
4268
4269
4270
4273
4274
4275
4276
4278
4281
4283
4284
4289
4290
4293
4294
4297
4298
4299
4300
4301
4302
4303
4304
4305
4306
4308
4309
4310
4311
4313
4315
4316
4317
4319
4321
4322
4323
4324
4325
4326
4328
4329
4330
4331
4334
4335
4336
4337
4338
4339
4340
4347
4349
4350
4351
4352
4353
4354
4355
4357
4358
4359
4364
4365
4366
4368
4370
4372
4373
4375
4378
4379
4381
4382
4383
4384
4387
4388
4389
4390
4391
4392
4393
4394
4395
4396
4397
4398
4399
4400
4401
4402
4404
4405
4406
4407
4408
4409
4412
4413
4414
4415
4418
4419
4420
4421
4422
4424
4425
4426
4427
4428
4430
4432
4434
4437
4438
4439
4441
4443
4444
4445
4446
4447
4448
4449
4451
4453
4455
4456
4458
4459
4465
4466
4467
4469
4470
4471
4472
4473
4474
4476
4477
4478
4479
4480
4481
4482
4483
4484
4486
4487
4489
4490
4491
4492
4493
4494
4495
4496
4497
4499
4501
4502
4503
4505
4506
4508
4509
4510
4513
4514
4516
4518
4519
4522
4523
4525
4527
4528
4531
4532
4534
4536
4539
4540
4542
4543
4544
4545
4546
4549
4551
4553
4555
4556
4557
4559
4560
4561
4562
4563
4565
4566
4567
4568
4569
4572
4574
4576
4577
4578
4579
4580
4582
4583
4585
4587
4588
4590
4591
4592
4593
4594
4595
4596
4597
4600
4602
4603
4604
4605
4607
4610
4611
4612
4613
4614
4616
4618
4619
4620
4621
4622
4623
4624
4625
4627
4628
4630
4632
4633
4634
4635
4636
4637
4638
4641
4643
4644
4645
4646
4647
4649
4650
4651
4652
4653
4657
4658
4659
4660
4661
4662
4663
4664
4666
4668
4669
4670
4671
4673
4674
4676
4677
4678
4679
4683
4684
4685
4686
4687
4688
4689
4690
4691
4693
4694
4695
4696
4697
4698
4699
4700
4702
4703
4704
4705
4706
4707
4708
4709
4710
4711
4713
4714
4715
4716
4717
4718
4719
4722
4723
4725
4726
4727
4728
4729
4730
4731
4733
4734
4735
4736
4737
4740
4742
4743
4744
4748
4751
4753
4755
4756
4757
4759
4760
4763
4765
4766
4768
4770
4772
4774
4776
4777
4779
4780
4782
4784
4787
4788
4789
4790
4791
4794
4796
4797
4799
4800
4801
4802
4803
4805
4806
4807
4808
4810
4811
4812
4813
4814
4815
4816
4817
4820
4821
4826
4828
4829
4830
4833
4834
4835
4836
4837
4839
4840
4841
4843
4844
4845
4846
4847
4849
4850
4851
4853
4855
4856
4859
4860
4861
4862
4863
4864
4865
4866
4868
4869
4870
4873
4875
4876
4878
4879
4881
4882
4883
4884
4886
4887
4888
4889
4890
4894
4896
4898
4900
4904
4905
4906
4907
4909
4910
4912
4913
4914
4915
4916
4917
4918
4919
4920
4923
4924
4925
4927
4928
4929
4930
4931
4932
4937
4939
4940
4941
4942
4943
4944
4946
4952
4953
4954
4955
4957
4958
4959
4961
4962
4963
4967
4968
4969
4970
4971
4972
4973
4975
4976
4979
4981
4983
4986
4987
4991
4993
4994
4996
4997
4998
5001
5002
5003
5005
5006
5007
5008
5009
5010
5011
5013
5014
5016
5017
5019
5022
5025
5028
5029
5030
5032
5033
5034
5035
5036
5037
5038
5039
5040
5041
5042
5045
5049
5050
5051
5052
5053
5055
5059
5060
5063
5064
5065
5066
5068
5069
5070
5071
5072
5074
5075
5076
5081
5082
5084
5087
5088
5090
5092
5093
5096
5097
5098
5099
5101
5102
5105
5106
5107
5108
5110
5111
5112
5114
5116
5119
5120
5121
5123
5124
5125
5126
5127
5131
5132
5133
5134
5135
5136
5138
5144
5145
5146
5148
5153
5154
5156
5157
5158
5160
5161
5164
5166
5170
5171
5172
5174
5175
5176
5177
5179
5182
5184
5186
5188
5189
5192
5193
5194
5195
5197
5198
5203
5204
5205
5215
5217
5220
5221
5222
5223
5224
5226
5227
5228
5229
5230
5231
5233
5234
5235
5236
5238
5242
5243
5244
5247
5248
5251
5254
5255
5257
5258
5261
5262
5263
5264
5265
5267
5268
5269
5270
5271
5272
5273
5274
5275
5276
5277
5279
5280
5281
5282
5283
5285
5286
5287
5288
5289
5291
5292
5294
5295
5296
5297
5298
5301
5303
5304
5305
5306
5307
5309
5310
5311
5312
5313
5315
5316
5317
5318
5319
5321
5322
5323
5325
5326
5327
5328
5329
5330
5331
5332
5333
5334
5335
5337
5338
5339
5340
5341
5342
5343
5344
5345
5349
5351
5352
5353
5354
5356
5357
5358
5359
5361
5366
5367
5369
5370
5371
5372
5375
5376
5377
5379
5380
5381
5382
5383
5387
5388
5396
5397
5399
5400
5401
5403
5405
5408
5409
5418
5419
5421
5422
5423
5424
5425
5428
5429
5430
5431
5432
5433
5435
5436
5437
5438
5440
5441
5442
5447
5448
5449
5450
5451
5452
5453
5455
5456
5457
5458
5459
5460
5461
5462
5463
5464
5466
5468
5470
5471
5472
5473
5474
5475
5476
5477
5478
5479
5481
5484
5486
5487
5489
5490
5491
5492
5493
5494
5495
5496
5497
5498
5499
5500
5501
5502
5503
5504
5505
5506
5508
5510
5511
5512
5513
5515
5516
5517
5519
5521
5522
5523
5526
5528
5529
5530
5531
5533
5534
5536
5540
5544
5546
5548
5549
5550
5551
5553
5555
5556
5557
5558
5559
5560
5561
5563
5564
5565
5566
5567
5568
5571
5572
5573
5577
5578
5579
5580
5581
5582
5583
5584
5585
5588
5589
5590
5591
5592
5593
5594
5596
5598
5599
5600
5601
5602
5603
5604
5605
5606
5608
5609
5611
5613
5615
5616
5618
5619
5621
5623
5624
5625
5629
5630
5631
5632
5633
5635
5636
5638
5639
5640
5642
5643
5644
5645
5646
5647
5648
5649
5651
5652
5653
5654
5655
5657
5658
5660
5661
5662
5664
5665
5666
5667
5668
5669
5670
5673
5674
5675
5676
5677
5678
5680
5681
5682
5684
5685
5686
5688
5689
5690
5691
5697
5698
5699
5700
5702
5705
5706
5707
5708
5709
5710
5711
5712
5716
5717
5718
5719
5720
5721
5723
5724
5725
5726
5727
5728
5729
5730
5734
5735
5736
5738
5741
5742
5743
5746
5747
5748
5749
5751
5754
5755
5756
5759
5760
5762
5763
5764
5765
5766
5767
5768
5771
5772
5773
5774
5775
5776
5778
5779
5780
5783
5784
5789
5790
5791
5792
5793
5794
5795
5796
5800
5803
5804
5805
5806
5809
5810
5812
5813
5814
5816
5817
5818
5820
5822
5823
5827
5829
5830
5831
5833
5834
5835
5836
5837
5838
5840
5841
5842
5843
5844
5846
5848
5849
5850
5852
5853
5855
5856
5858
5859
5860
5861
5865
5866
5867
5868
5869
5870
5871
5872
5873
5874
5875
5876
5878
5880
5881
5882
5883
5884
5885
5888
5890
5891
5894
5896
5897
5899
5900
5901
5902
5903
5904
5905
5906
5907
5911
5912
5914
5916
5917
5918
5919
5920
5921
5922
5923
5924
5925
5926
5927
5929
5930
5931
5932
5937
5938
5941
5942
5944
5945
5946
5947
5948
5949
5952
5953
5959
5960
5961
5965
5966
5967
5968
5969
5970
5971
5973
5974
5976
5977
5981
5984
5985
5987
5989
5990
5992
5993
5995
5996
5997
5999
6000
6002
6007
6008
6010
6011
6012
6013
6015
6016
6017
6018
6019
6020
6022
6023
6024
6025
6026
6027
6028
6031
6032
6033
6034
6035
6036
6037
6038
6039
6040
6041
6042
6045
6046
6047
6049
6050
6051
6052
6054
6055
6056
6057
6058
6060
6061
6063
6064
6066
6067
6068
6069
6072
6073
6074
6076
6077
6078
6080
6081
6084
6085
6087
6088
6089
6090
6091
6092
6093
6094
6095
6096
6097
6099
6103
6104
6106
6107
6108
6109
6111
6113
6114
6116
6118
6121
6122
6123
6126
6131
6133
6134
6135
6137
6138
6139
6140
6141
6142
6143
6144
6145
6146
6149
6150
6152
6156
6157
6158
6159
6160
6161
6162
6163
6166
6167
6170
6171
6172
6179
6182
6183
6184
6185
6186
6187
6193
6194
6198
6199
6200
6202
6204
6205
6207
6208
6209
6212
6213
6214
6216
6217
6218
6219
6220
6221
6222
6223
6224
6225
6227
6230
6232
6233
6234
6235
6236
6237
6241
6242
6243
6245
6246
6247
6248
6251
6252
6253
6254
6255
6261
6264
6267
6268
6270
6271
6272
6274
6275
6276
6277
6278
6282
6283
6284
6286
6287
6290
6291
6292
6293
6294
6297
6298
6299
6300
6301
6303
6304
6306
6307
6308
6309
6310
6312
6313
6317
6320
6321
6322
6323
6329
6331
6333
6334
6336
6337
6339
6340
6342
6343
6344
6345
6347
6349
6350
6351
6353
6354
6356
6357
6358
6359
6360
6361
6362
6363
6364
6365
6366
6368
6369
6370
6371
6372
6373
6374
6375
6376
6377
6379
6381
6382
6383
6385
6388
6389
6390
6391
6392
6393
6395
6399
6401
6403
6404
6405
6409
6410
6412
6413
6414
6415
6416
6418
6419
6420
6421
6424
6425
6426
6427
6431
6432
6433
6435
6439
6444
6447
6450
6451
6452
6453
6454
6455
6457
6458
6461
6462
6463
6464
6465
6466
6467
6468
6469
6472
6473
6477
6478
6479
6480
6481
6485
6487
6488
6489
6491
6492
6493
6495
6497
6500
6501
6502
6503
6506
6508
6509
6510
6511
6512
6513
6514
6516
6519
6522
6523
6524
6525
6528
6531
6532
6535
6536
6537
6538
6542
6544
6545
6546
6548
6549
6553
6555
6556
6559
6561
6563
6564
6565
6568
6574
6576
6579
6580
6584
6585
6586
6587
6589
6590
6592
6593
6596
6597
6599
6600
6601
6602
6603
6604
6607
6610
6612
6613
6614
6621
6622
6624
6625
6626
6627
6628
6629
6631
6632
6634
6637
6639
6642
6645
6646
6647
6649
6650
6652
6653
6656
6658
6661
6662
6663
6664
6665
6667
6668
6669
6670
6671
6672
6674
6675
6680
6682
6683
6684
6687
6689
6691
6692
6693
6694
6695
6696
6697
6698
6700
6701
6702
6703
6704
6705
6706
6710
6711
6713
6718
6719
6720
6722
6723
6724
6725
6726
6728
6729
6730
6731
6732
6733
6735
6736
6737
6739
6740
6741
6747
6750
6751
6753
6755
6757
6758
6760
6761
6762
6763
6764
6765
6767
6768
6772
6773
6778
6779
6780
6781
6782
6784
6786
6787
6788
6789
6790
6791
6792
6795
6796
6798
6799
6800
6801
6802
6805
6807
6810
6812
6813
6814
6818
6821
6822
6823
6824
6825
6827
6829
6830
6833
6834
6836
6839
6840
6841
6842
6844
6845
6851
6857
6859
6863
6865
6866
6868
6869
6870
6871
6872
6873
6878
6879
6881
6883
6884
6885
6886
6888
6889
6891
6892
6894
6896
6897
6900
6902
6903
6906
6907
6909
6910
6911
6914
6915
6916
6918
6919
6922
6924
6925
6926
6927
6928
6929
6933
6934
6935
6936
6937
6938
6942
6943
6944
6948
6953
6954
6955
6956
6957
6958
6960
6964
6965
6966
6967
6969
6970
6972
6973
6974
6975
6977
6979
6980
6981
6982
6988
6989
6990
6991
6992
6993
6995
6998
6999
7000
7002
7004
7005
7008
7009
7010
7011
7013
7014
7020
7022
7027
7029
7031
7034
7036
7037
7038
7039
7040
7041
7042
7044
7046
7047
7048
7049
7052
7055
7056
7057
7058
7061
7062
7063
7064
7065
7066
7067
7068
7069
7073
7074
7075
7076
7078
7079
7081
7083
7085
7086
7089
7090
7093
7094
7097
7098
7099
7101
7102
7103
7104
7108
7109
7110
7112
7115
7116
7117
7118
7123
7124
7125
7126
7127
7130
7131
7132
7133
7134
7135
7136
7138
7140
7141
7142
7143
7146
7147
7148
7151
7152
7153
7154
7155
7156
7158
7159
7162
7165
7167
7171
7175
7176
7177
7178
7179
7182
7183
7184
7186
7188
7189
7191
7192
7194
7198
7201
7202
7203
7206
7207
7208
7209
7210
7211
7212
7213
7215
7216
7220
7221
7222
7223
7224
7225
7226
7228
7230
7231
7232
7233
7234
7235
7236
7238
7239
7241
7242
7243
7244
7245
7246
7247
7248
7249
7250
7251
7253
7254
7256
7257
7259
7261
7267
7268
7270
7271
7272
7273
7274
7276
7279
7280
7281
7282
7284
7285
7286
7288
7289
7290
7291
7292
7294
7295
7296
7297
7299
7302
7303
7309
7310
7311
7312
7314
7315
7317
7319
7321
7322
7323
7324
7326
7328
7331
7333
7334
7337
7340
7342
7344
7345
7348
7349
7351
7352
7353
7357
7358
7359
7360
7362
7363
7365
7366
7374
7375
7377
7378
7379
7382
7384
7385
7386
7391
7393
7394
7395
7396
7397
7398
7402
7403
7404
7405
7406
7407
7408
7409
7410
7413
7415
7416
7418
7420
7422
7426
7427
7428
7429
7430
7437
7438
7439
7440
7441
7442
7444
7446
7447
7449
7451
7452
7453
7454
7456
7457
7458
7459
7460
7461
7462
7463
7465
7466
7468
7470
7471
7472
7473
7474
7476
7478
7480
7482
7483
7485
7486
7487
7488
7489
7490
7491
7492
7494
7496
7497
7498
7499
7501
7504
7505
7507
7508
7509
7510
7512
7513
7514
7515
7517
7519
7520
7523
7526
7528
7529
7530
7531
7532
7533
7534
7535
7538
7539
7542
7543
7544
7546
7547
7550
7551
7552
7554
7557
7558
7562
7563
7564
7565
7566
7567
7569
7570
7571
7572
7573
7574
7575
7576
7578
7579
7580
7583
7584
7585
7586
7588
7589
7592
7593
7594
7595
7596
7598
7599
7601
7604
7605
7607
7608
7609
7610
7612
7614
7615
7616
7617
7618
7619
7620
7621
7622
7623
7624
7625
7626
7627
7629
7630
7631
7633
7634
7635
7636
7637
7638
7639
7641
7645
7646
7647
7648
7650
7651
7652
7654
7655
7657
7658
7661
7662
7664
7665
7666
7668
7670
7671
7672
7674
7676
7677
7680
7681
7682
7683
7684
7687
7688
7689
7690
7691
7692
7693
7694
7695
7696
7699
7700
7701
7702
7703
7706
7707
7708
7714
7715
7718
7719
7720
7721
7722
7723
7724
7725
7727
7729
7730
7734
7735
7737
7739
7740
7744
7745
7746
7748
7749
7750
7751
7752
7753
7754
7755
7756
7757
7758
7759
7760
7761
7762
7765
7766
7770
7773
7774
7775
7776
7777
7778
7779
7780
7781
7782
7783
7784
7785
7787
7789
7790
7791
7792
7793
7794
7795
7797
7800
7801
7803
7804
7806
7807
7811
7812
7814
7815
7816
7817
7818
7819
7820
7822
7825
7826
7827
7828
7829
7830
7831
7832
7834
7835
7836
7837
7839
7840
7842
7843
7844
7845
7846
7847
7848
7849
7851
7852
7853
7854
7856
7857
7858
7859
7861
7862
7863
7864
7865
7867
7868
7869
7870
7871
7873
7874
7877
7878
7880
7881
7882
7884
7886
7887
7891
7893
7894
7896
7897
7898
7899
7900
7901
7902
7903
7905
7906
7907
7908
7909
7910
7912
7913
7914
7915
7916
7917
7918
7920
7921
7922
7923
7924
7925
7926
7927
7928
7929
7930
7932
7933
7934
7935
7936
7937
7938
7940
7941
7942
7943
7944
7946
7947
7949
7950
7951
7952
7953
7954
7955
7956
7957
7958
7960
7961
7962
7963
7964
7967
7969
7970
7971
7972
7976
7979
7980
7981
7982
7983
7984
7987
7989
7990
7993
7994
7995
7998
8003
8006
8007
8008
8009
8010
8011
8014
8015
8016
8017
8021
8022
8024
8030
8034
8035
8036
8038
8039
8040
8041
8042
8044
8047
8048
8049
8051
8052
8053
8054
8055
8056
8059
8060
8062
8063
8064
8065
8066
8068
8069
8071
8072
8073
8074
8075
8077
8078
8079
8080
8081
8084
8085
8086
8087
8088
8090
8092
8093
8096
8100
8101
8102
8104
8105
8107
8110
8113
8115
8116
8118
8119
8120
8121
8123
8126
8129
8130
8131
8133
8135
8137
8138
8139
8141
8143
8144
8145
8146
8149
8150
8152
8153
8155
8156
8157
8158
8159
8161
8164
8165
8167
8168
8169
8170
8174
8175
8180
8181
8185
8188
8192
8194
8195
8196
8198
8199
8201
8205
8206
8208
8209
8213
8215
8218
8221
8222
8224
8225
8227
8228
8229
8232
8233
8234
8236
8237
8239
8242
8243
8245
8246
8248
8249
8251
8252
8253
8255
8259
8262
8264
8265
8266
8268
8269
8270
8271
8274
8275
8276
8277
8279
8280
8281
8282
8286
8287
8289
8291
8292
8294
8297
8298
8304
8306
8309
8312
8313
8314
8315
8317
8318
8319
8320
8322
8325
8327
8330
8331
8332
8333
8334
8335
8336
8337
8338
8341
8342
8343
8345
8346
8347
8348
8349
8350
8353
8354
8355
8356
8357
8358
8359
8360
8364
8365
8366
8368
8369
8370
8371
8372
8373
8375
8376
8378
8381
8382
8383
8384
8387
8388
8391
8394
8395
8396
8397
8399
8400
8401
8403
8404
8405
8407
8408
8409
8410
8412
8413
8417
8418
8421
8423
8424
8426
8428
8430
8431
8432
8434
8435
8437
8439
8440
8443
8445
8446
8447
8448
8449
8450
8454
8455
8458
8459
8460
8461
8462
8463
8465
8466
8469
8471
8472
8473
8477
8478
8480
8481
8482
8483
8484
8486
8488
8489
8491
8492
8493
8499
8500
8502
8503
8505
8507
8508
8510
8511
8513
8514
8516
8518
8522
8527
8532
8533
8535
8536
8537
8542
8544
8545
8546
8547
8548
8550
8552
8557
8561
8564
8565
8567
8568
8569
8572
8573
8575
8577
8578
8579
8580
8581
8583
8586
8587
8588
8589
8590
8591
8594
8597
8599
8600
8601
8603
8605
8606
8607
8608
8609
8610
8611
8612
8613
8614
8616
8621
8622
8625
8628
8629
8630
8632
8633
8635
8638
8640
8641
8647
8648
8650
8651
8652
8654
8655
8660
8666
8667
8669
8670
8673
8676
8680
8684
8685
8691
8693
8699
8702
8705
8706
8711
8719
8720
8722
8723
8724
8731
8732
8733
8734
8735
8736
8737
8738
8740
8741
8742
8744
8745
8746
8750
8752
8753
8755
8758
8759
8760
8763
8764
8769
8770
8771
8772
8773
8774
8775
8777
8778
8779
8780
8784
8785
8786
8787
8789
8790
8792
8796
8797
8798
8799
8800
8801
8802
8803
8804
8805
8810
8811
8813
8814
8815
8816
8818
8820
8822
8824
8826
8827
8828
8829
8831
8833
8834
8835
8836
8837
8843
8844
8847
8849
8853
8854
8855
8856
8857
8858
8859
8860
8862
8863
8864
8865
8866
8867
8868
8869
8870
8871
8873
8874
8877
8882
8885
8888
8896
8897
8898
8899
8900
8901
8904
8906
8907
8908
8910
8912
8914
8915
8916
8917
8919
8920
8921
8922
8923
8924
8925
8926
8928
8929
8930
8932
8933
8938
8939
8940
8941
8942
8943
8944
8946
8948
8949
8951
8958
8959
8965
8967
8968
8969
8970
8973
8974
8975
8976
8977
8978
8980
8981
8982
8983
8984
8985
8986
8987
8988
8989
8990
8991
8992
8995
8998
8999
9003
9005
9006
9007
9008
9011
9013
9015
9017
9018
9019
9021
9024
9027
9028
9029
9030
9031
9033
9035
9036
9037
9039
9040
9044
9045
9049
9051
9052
9053
9054
9056
9057
9058
9059
9061
9062
9063
9065
9066
9069
9072
9078
9079
9080
9081
9083
9084
9085
9086
9090
9091
9092
9093
9094
9095
9096
9097
9101
9102
9106
9109
9110
9111
9113
9115
9122
9123
9124
9126
9127
9130
9131
9132
9133
9135
9137
9139
9140
9142
9143
9146
9148
9149
9150
9153
9157
9163
9164
9169
9170
9172
9173
9174
9175
9177
9178
9179
9180
9181
9182
9184
9185
9190
9191
9193
9194
9195
9196
9198
9199
9203
9204
9207
9208
9209
9210
9211
9212
9213
9214
9215
9216
9217
9218
9219
9220
9222
9223
9224
9228
9229
9233
9236
9239
9240
9241
9242
9244
9247
9248
9249
9250
9252
9253
9254
9255
9257
9259
9260
9261
9262
9263
9264
9265
9266
9267
9268
9269
9270
9271
9272
9273
9274
9275
9276
9277
9278
9279
9280
9281
9282
9283
9284
9285
9286
9287
9288
9290
9291
9293
9295
9296
9297
9298
9299
9300
9302
9303
9305
9306
9309
9310
9311
9312
9314
9315
9319
9320
9324
9325
9326
9327
9328
9330
9332
9334
9335
9336
9337
9339
9340
9344
9346
9348
9350
9351
9352
9355
9356
9357
9359
9361
9363
9364
9365
9367
9374
9377
9378
9381
9383
9384
9385
9387
9390
9391
9393
9396
9397
9398
9400
9401
9403
9404
9405
9412
9415
9416
9417
9418
9421
9422
9423
9424
9426
9429
9430
9432
9435
9438
9440
9441
9442
9443
9444
9445
9446
9447
9448
9449
9450
9451
9452
9453
9459
9460
9461
9462
9463
9465
9468
9472
9474
9476
9477
9478
9481
9483
9484
9485
9486
9487
9488
9489
9490
9491
9494
9495
9497
9498
9499
9501
9503
9505
9507
9508
9509
9510
9511
9513
9514
9518
9519
9520
9521
9522
9523
9524
9525
9526
9527
9528
9529
9530
9532
9533
9534
9535
9536
9537
9539
9540
9543
9545
9549
9550
9551
9552
9555
9556
9557
9558
9560
9561
9562
9563
9565
9566
9567
9568
9569
9570
9571
9572
9573
9575
9577
9579
9582
9583
9586
9588
9594
9595
9600
9603
9606
9607
9608
9609
9615
9616
9617
9618
9619
9622
9623
9625
9626
9628
9629
9630
9631
9632
9636
9637
9639
9640
9642
9644
9646
9648
9649
9652
9653
9654
9655
9659
9661
9662
9663
9666
9668
9669
9670
9671
9672
9673
9676
9677
9679
9681
9682
9684
9685
9687
9689
9691
9693
9694
9695
9699
9702
9708
9715
9716
9717
9718
9719
9721
9722
9724
9725
9727
9728
9730
9731
9735
9737
9738
9747
9748
9749
9750
9751
9759
9760
9761
9763
9764
9765
9766
9768
9769
9771
9772
9775
9776
9779
9781
9783
9788
9790
9791
9794
9797
9798
9802
9804
9807
9808
9810
9812
9813
9815
9816
9817
9819
9820
9821
9823
9825
9827
9829
9833
9835
9841
9845
9846
9847
9848
9849
9850
9852
9857
9860
9861
9862
9866
9868
9874
9876
9878
9881
9883
9884
9886
9888
9889
9890
9896
9898
9899
9902
9903
9904
9906
9907
9908
9909
9910
9911
9915
9919
9920
9924
9929
9932
9933
9935
9936
9938
9939
9940
9941
9942
9944
9945
9947
9950
9951
9952
9953
9955
9957
9959
9960
9963
9964
9970
9972
9975
9981
9982
9985
9987
9988
9990
9994
9995
10008
10009
10010
10012
10017
10018
10019
10020
10021
10023
10025
10029
10031
10032
10034
10036
10037
10038
10040
10044
10046
10047
10048
10051
10054
10056
10058
10061
10062
10063
10064
10065
10066
10068
10070
10073
10075
10076
10079
10081
10083
10085
10088
10090
10091
10102
10104
10109
10114
10117
10118
10121
10122
10123
10125
10126
10127
10129
10130
10131
10132
10138
10139
10142
10145
10146
10147
10148
10151
10152
10154
10155
10156
10157
10158
10159
10161
10163
10164
10166
10169
10170
10173
10174
10179
10180
10181
10184
10186
10187
10188
10189
10190
10192
10193
10195
10197
10200
10203
10210
10212
10216
10217
10218
10219
10222
10224
10225
10227
10230
10231
10232
10233
10234
10235
10237
10240
10241
10244
10245
10249
10252
10254
10256
10262
10263
10264
10266
10268
10269
10271
10275
10276
10277
10282
10283
10285
10290
10291
10293
10294
10295
10297
10298
10301
10302
10304
10306
10307
10309
10312
10314
10317
10323
10326
10328
10332
10334
10336
10338
10342
10345
10348
10349
10351
10352
10357
10358
10359
10361
10365
10371
10373
10380
10381
10383
10385
10388
10389
10390
10391
10395
10399
10403
10404
10406
10408
10410
10411
10413
10418
10419
10420
10424
10426
10427
10428
10433
10434
10437
10439
10445
10446
10447
10449
10450
10468
10471
10474
10476
10479
10480
10481
10482
10485
10486
10489
10490
10494
10495
10497
10499
10500
10505
10509
10510
10511
10513
10517
10519
10529
10531
10532
10533
10538
10540
10543
10544
10545
10548
10549
10550
10553
10555
10558
10560
10561
10562
10565
10567
10571
10573
10576
10578
10580
10583
10585
10591
10593
10594
10595
10600
10605
10609
10610
10611
10620
10625
10627
10631
10632
10633
10636
10640
10646
10647
10651
10653
10654
10655
10657
10659
10661
10667
10670
10672
10674
10675
10681
10686
10692
10695
10698
10699
10700
10702
10704
10706
10708
10709
10715
10717
10722
10723
10725
10726
10728
10729
10730
10731
10733
10740
10741
10743
10744
10745
10751
10752
10757
10758
10759
10760
10761
10764
10767
10771
10772
10773
10774
10775
10776
10777
10779
10780
10782
10783
10784
10785
10786
10788
10789
10790
10791
10792
10796
10797
10799
10800
10801
10803
10804
10805
10806
10807
10808
10809
10810
10813
10814
10815
10823
10824
10825
10826
10827
10829
10830
10833
10834
10836
10837
10838
10840
10841
10845
10846
10850
10852
10853
10857
10860
10864
10866
10867
10869
10870
10871
10872
10873
10877
10878
10879
10881
10884
10889
10892
10893
10894
10897
10898
10900
10901
10903
10905
10907
10908
10912
10913
10914
10915
10917
10920
10927
10935
10936
10937
10938
10939
10941
10942
10943
10944
10945
10948
10949
10950
10952
10959
10960
10964
10969
10971
10972
10973
10978
10982
10987
10988
10990
10994
10995
10997
11002
11003
11005
11006
11008
11009
11010
11013
11015
11016
11019
11021
11023
11026
11029
11032
11033
11035
11036
11040
11041
11043
11044
11046
11047
11050
11053
11060
11062
11063
11064
11067
11068
11069
11073
11076
11077
11079
11082
11083
11086
11087
11090
11094
11098
11101
11107
11108
11109
11111
11116
11117
11118
11120
11123
11125
11126
11127
11131
11132
11134
11137
11138
11139
11140
11141
11143
11144
11145
11146
11147
11151
11153
11154
11155
11157
11158
11159
11160
11163
11165
11166
11169
11170
11171
11172
11181
11182
11183
11193
11194
11195
11197
11199
11203
11207
11209
11210
11211
11212
11218
11223
11224
11227
11229
11237
11238
11240
11241
11243
11244
11248
11252
11256
11259
11266
11270
11275
11276
11277
11285
11287
11289
11290
11293
11299
11301
11304
11312
11313
11314
11316
11317
11320
11323
11326
11328
11331
11333
11341
11342
11345
11346
11348
11350
11351
11352
11353
11354
11358
11359
11367
11371
11373
11375
11377
11380
11383
11386
11387
11388
11389
11390
11393
11395
11396
11398
11400
11401
11402
11403
11404
11405
11406
11407
11408
11410
11411
11413
11414
11417
11418
11421
11422
11439
11440
11442
11444
11448
11450
11451
11455
11458
11460
11461
11462
11464
11467
11469
11470
11473
11476
11477
11480
11482
11485
11487
11488
11492
11494
11496
11497
11500
11502
11503
11504
11507
11509
11511
11512
11513
11516
11517
11527
11529
11533
11535
11536
11540
11541
11542
11543
11545
11547
11548
11549
11552
11553
11554
11556
11557
11561
11562
11563
11564
11565
11566
11568
11569
11570
11571
11572
11574
11577
11578
11580
11581
11582
11583
11587
11590
11591
11593
11596
11597
11601
11602
11603
11605
11606
11607
11609
11618
11619
11624
11629
11630
11631
11632
11634
11637
11640
11642
11643
11644
11649
11654
11655
11660
11662
11664
11665
11667
11669
11670
11676
11679
11682
11683
11685
11689
11691
11694
11695
11696
11702
11703
11704
11705
11707
11710
11713
11714
11716
11717
11718
11719
11723
11725
11726
11729
11730
11731
11732
11736
11740
11743
11744
11747
11750
11754
11758
11761
11762
11763
11769
11777
11780
11781
11783
11785
11790
11795
11804
11805
11806
11813
11814
11824
11825
11826
11829
11836
11837
11844
11847
11851
11853
11855
11856
11863
11866
11867
11870
11871
11877
11886
11890
11893
11895
11899
11901
11903
11908
11910
11911
11914
11917
11918
11921
11923
11927
11928
11931
11933
11939
11940
11941
11942
11943
11955
11956
11959
11963
11968
11970
11971
11973
11976
11977
11978
11980
11981
11983
11987
11993
11994
11996
11999
12001
12003
12007
12009
12012
12013
12014
12015
12027
12038
12040
12042
12043
12045
12046
12047
12055
12057
12060
12061
12062
12066
12069
12070
12078
12079
12080
12081
12085
12087
12090
12096
12100
12104
12110
12112
12115
12121
12122
12123
12124
12127
12128
12130
12131
12132
12133
12134
12135
12136
12137
12138
12139
12140
12141
12142
12143
12144
12146
12147
12148
12149
12150
12155
12157
12158
12159
12161
12163
12164
12166
12167
12169
12171
12174
12175
12177
12178
12179
12180
12182
12184
12185
12186
12190
12191
12194
12195
12197
12198
12199
12207
12210
12211
12212
12213
12215
12218
12219
12220
12225
12227
12231
12234
12235
12236
12237
12239
12240
12241
12242
12243
12246
12247
12252
12255
12257
12258
12259
12263
12264
12267
12269
12270
12273
12275
12276
12277
12278
12279
12280
12281
12282
12293
12294
12295
12296
12297
12299
12300
12302
12303
12304
12305
12309
12312
12313
12315
12316
12319
12320
12321
12322
12325
12327
12328
12331
12332
12333
12337
12339
12341
12353
12354
12355
12356
12357
12358
12359
12367
12373
12374
12378
12380
12384
12385
12386
12387
12390
12391
12392
12395
12399
12402
12403
12405
12406
12407
12413
12415
12419
12420
12428
12431
12436
12439
12442
12445
12447
12449
12459
12460
12461
12467
12470
12471
12475
12477
12482
12490
12494
12495
12496
12497
12499
12505
12509
12510
12512
12513
12514
12515
12518
12519
12521
12522
12523
12525
12526
12527
12532
12534
12537
12539
12540
12542
12546
12548
12550
12554
12555
12556
12557
12558
12559
12560
12562
12563
12567
12568
12579
12587
12588
12591
12593
12594
12599
12605
12606
12609
12611
12613
12620
12622
12632
12634
12638
12645
12650
12653
12657
12658
12659
12660
12665
12666
12670
12675
12676
12677
12679
12680
12682
12683
12685
12687
12699
12700
12701
12705
12707
12709
12710
12711
12713
12714
12715
12716
12718
12720
12723
12732
12733
12736
12738
12739
12741
12743
12745
12746
12747
12748
12749
12751
12756
12760
12761
12765
12767
12776
12778
12781
12782
12787
12790
12792
12793
12796
12798
12799
12800
12805
12806
12810
12825
12828
12833
12837
12857
12858
12859
12868
12870
12871
12873
12874
12876
12881
12891
12892
12894
12897
12898
12899
12902
12905
12906
12907
12908
12913
12914
12915
12917
12919
12923
12928
12933
12935
12939
12946
12950
12952
12953
12954
12955
12956
12960
12961
12962
12963
12965
12966
12967
12968
12969
12970
12971
12973
12975
12977
12979
12984
12986
12987
12988
12989
12991
12994
13012
13014
13017
13018
13019
13032
13034
13037
13040
13041
13050
13051
13055
13059
13061
13064
13066
13069
13072
13076
13080
13086
13092
13097
13098
13100
13101
13103
13104
13109
13110
13113
13119
13120
13121
13125
13130
13131
13133
13137
13141
13143
13144
13150
13151
13152
13158
13167
13168
13174
13177
13181
13182
13189
13190
13192
13193
13196
13199
13200
13201
13202
13203
13205
13209
13212
13213
13217
13221
13224
13227
13230
13231
13235
13238
13246
13247
13252
13253
13254
13255
13258
13263
13265
13267
13273
13275
13278
13279
13281
13282
13284
13286
13288
13289
13290
13291
13295
13298
13300
13301
13306
13309
13313
13314
13316
13317
13322
13327
13329
13330
13331
13332
13337
13339
13343
13344
13347
13353
13354
13361
13368
13369
13373
13377
13379
13381
13382
13388
13389
13390
13395
13397
13398
13399
13405
13409
13418
13419
13421
13423
13426
13427
13430
13433
13435
13438
13441
13442
13447
13451
13455
13458
13469
13479
13482
13483
13484
13485
13491
13495
13496
13497
13500
13501
13507
13511
13512
13514
13517
13518
13520
13523
13528
13535
13536
13538
13539
13545
13553
13556
13558
13559
13562
13564
13567
13568
13572
13573
13574
13575
13577
13578
13579
13580
13583
13584
13586
13588
13589
13600
13602
13603
13604
13609
13611
13615
13617
13623
13625
13628
13629
13631
13633
13644
13645
13650
13651
13652
13654
13655
13656
13657
13658
13661
13662
13663
13664
13665
13673
13674
13680
13681
13684
13685
13687
13688
13689
13690
13691
13692
13694
13695
13696
13697
13701
13705
13706
13709
13711
13712
13713
13716
13717
13718
13721
13724
13727
13731
13733
13734
13735
13741
13742
13745
13746
13747
13748
13750
13754
13755
13756
13757
13760
13763
13768
13770
13772
13773
13776
13778
13780
13789
13793
13796
13805
13806
13807
13808
13809
13811
13812
13813
13817
13825
13832
13837
13842
13846
13848
13850
13854
13856
13857
13858
13860
13865
13869
13870
13873
13874
13875
13877
13881
13884
13885
13888
13891
13892
13893
13896
13897
13904
13906
13909
13911
13913
13915
13916
13917
13920
13927
13929
13930
13934
13938
13940
13942
13943
13947
13952
13957
13959
13960
13961
13964
13969
13970
13972
13974
13975
13977
13978
13980
13981
13985
13986
13989
13990
13991
13997
14000
14006
14012
14014
14015
14016
14018
14020
14029
14032
14034
14035
14036
14037
14038
14039
14040
14042
14043
14046
14047
14049
14052
14056
14065
14072
14077
14087
14088
14089
14098
14100
14105
14109
14112
14116
14117
14120
14121
14123
14130
14131
14132
14133
14140
14148
14150
14151
14153
14157
14159
14161
14168
14173
14174
14180
14192
14193
14205
14206
14211
14223
14233
14239
14244
14246
14248
14257
14260
14261
14263
14264
14266
14268
14270
14272
14280
14282
14284
14288
14289
14293
14297
14306
14307
14312
14322
14329
14334
14337
14344
14363
14364
14370
14374
14375
14377
14383
14385
14386
14391
14392
14396
14397
14400
14404
14405
14413
14427
14431
14437
14443
14447
14452
14458
14462
14463
14466
14467
14470
14471
14472
14474
14493
14496
14499
14506
14510
14526
14533
14550
14554
14556
14557
14558
14559
14560
14561
14563
14564
14566
14575
14581
14585
14589
14590
14593
14594
14603
14611
14612
14613
14614
14615
14617
14619
14621
14622
14626
14627
14628
14631
14638
14646
14648
14652
14653
14655
14658
14659
14663
14664
14665
14666
14669
14670
14671
14689
14690
14703
14705
14708
14710
14714
14716
14718
14720
14726
14727
14728
14729
14732
14734
14736
14738
14741
14742
14747
14752
14753
14754
14756
14764
14765
14766
14768
14772
14773
14774
14776
14777
14780
14783
14785
14792
14793
14794
14796
14797
14801
14803
14804
14805
14810
14812
14813
14814
14816
14819
14822
14826
14829
14831
14832
14837
14838
14840
14841
14845
14850
14853
14854
14855
14857
14858
14863
14864
14866
14873
14877
14878
14880
14881
14884
14885
14887
14889
14890
14891
14892
14901
14903
14904
14905
14907
14910
14911
14912
14915
14918
14921
14923
14929
14932
14933
14934
14935
14936
14940
14944
14947
14949
14950
14952
14953
14954
14955
14956
14957
14959
14962
14963
14964
14967
14968
14973
14974
14982
14983
14985
14987
14988
14990
14991
14992
14993
14995
15000
15001
15005
15006
15007
15010
15011
15015
15016
15020
15022
15024
15033
15034
15040
15045
15048
15051
15054
15056
15062
15066
15076
15086
15087
15093
15097
15100
15101
15108
15110
15115
15116
15117
15135
15140
15142
15146
15148
15149
15153
15154
15155
15156
15159
15161
15162
15163
15170
15176
15179
15180
15181
15182
15183
15191
15193
15195
15210
15214
15216
15217
15219
15222
15226
15229
15234
15235
15241
15242
15243
15246
15248
15249
15252
15255
15257
15263
15265
15266
15271
15272
15273
15274
15275
15277
15278
15283
15286
15289
15293
15298
15300
15302
15305
15307
15310
15312
15314
15317
15318
15325
15336
15338
15340
15346
15347
15360
15362
15365
15369
15373
15375
15382
15386
15388
15392
15393
15395
15400
15404
15409
15410
15415
15421
15422
15423
15427
15430
15431
15434
15435
15436
15439
15443
15444
15446
15447
15451
15453
15455
15456
15462
15463
15464
15465
15468
15471
15478
15481
15488
15489
15491
15496
15507
15514
15515
15516
15517
15518
15519
15524
15525
15529
15530
15533
15534
15540
15544
15545
15556
15557
15558
15559
15564
15566
15570
15572
15576
15578
15581
15587
15595
15596
15597
15599
15600
15607
15610
15617
15620
15621
15626
15627
15634
15642
15643
15644
15645
15650
15651
15655
15657
15663
15666
15668
15677
15681
15691
15693
15709
15714
15723
15726
15730
15731
15737
15739
15742
15745
15754
15764
15765
15771
15777
15780
15782
15783
15805
15825
15834
15838
15847
15852
15854
15859
15860
15864
15865
15867
15869
15870
15871
15881
15883
15887
15894
15895
15896
15898
15899
15904
15914
15916
15919
15925
15927
15931
15932
15934
15938
15947
15948
15959
15960
15963
15970
15973
15979
15981
15983
15991
16000
16011
16015
16019
16020
16026
16035
16037
16041
16042
16043
16050
16054
16056
16057
16060
16063
16068
16075
16078
16087
16089
16090
16099
16102
16108
16112
16116
16117
16118
16131
16133
16136
16141
16152
16153
16154
16159
16162
16167
16170
16171
16173
16179
16181
16185
16189
16193
16195
16196
16201
16202
16203
16220
16227
16230
16240
16241
16242
16269
16276
16277
16281
16290
16296
16299
16300
16301
16311
16316
16320
16322
16324
16325
16338
16340
16346
16349
16350
16356
16357
16358
16362
16363
16368
16372
16373
16375
16377
16386
16390
16394
16397
16399
16400
16408
16411
16419
16421
16422
16423
16424
16429
16430
16433
16434
16437
16439
16440
16442
16450
16452
16454
16456
16464
16472
16476
16478
16481
16487
16488
16489
16494
16496
16498
16499
16500
16504
16506
16510
16516
16520
16522
16524
16525
16528
16529
16534
16536
16537
16542
16546
16548
16551
16552
16554
16556
16567
16568
16572
16577
16579
16586
16590
16593
16596
16600
16602
16604
16605
16606
16607
16609
16622
16624
16625
16628
16630
16634
16637
16646
16648
16651
16652
16655
16656
16658
16659
16664
16666
16694
16701
16704
16705
16709
16710
16713
16727
16754
16758
16765
16768
16773
16775
16779
16785
16791
16792
16794
16800
16805
16808
16809
16811
16814
16815
16824
16826
16829
16878
16885
16916
16918
16949
16957
16981
16990
17017
17038
17068
17072
17073
17081
17096
17097
17098
17105
17116
17122
17125
17132
17134
17141
17144
17153
17155
17162
17165
17169
17203
17213
17221
17235
17241
17245
17249
17250
17251
17252
17254
17256
17257
17259
17260
17261
17263
17265
17266
17267
17268
17270
17271
17272
17273
17275
17276
17280
17281
17282
17283
17284
17285
17286
17287
17288
17289
17290
17291
17292
17293
17294
17295
17296
17297
17298
17299
17300
17301
17303
17304
17305
17306
17307
17308
17309
17310
17311
17313
17320
17321
17322
17334
17341
17343
17356
17357
17366
17378
17381
17384
17405
17406
17410
17412
17419
17423
17425
17427
17430
17433
17439
17441
17446
17454
17455
17456
17486
17487
17490
17493
17497
17504
17506
17515
17521
17535
17548
17554
17558
17559
17566
17568
17570
17574
17575
17576
17581
17588
17598
17601
17630
17640
17641
17648
17654
17661
17681
17691
17740
17747
17748
17749
17768
17769
17775
17777
17778
17779
17787
17795
17801
17802
17812
17820
17821
17824
17826
17834
17847
17853
17857
17858
17877
17878
17881
17887
17890
17895
17897
17905
17915
17918
17929
17931
17934
17942
17945
17947
17949
17955
17965
17966
17967
17972
17974
17983
17988
18008
18011
18013
18017
18048
18051
18052
18054
18055
18056
18057
18058
18060
18062
18063
18064
18065
18066
18068
18069
18071
18074
18077
18078
18079
18080
18081
18082
18085
18087
18088
18089
18090
18091
18092
18093
18094
18101
18104
18105
18106
18107
18108
18109
18110
18111
18112
18113
18114
18115
18116
18117
18118
18119
18120
18121
18122
18123
18124
18125
18126
18127
18128
18129
18130
18131
18132
18133
18135
18136
18137
18138
18139
18140
18141
18142
18143
18144
18145
18146
18151
18152
18153
18156
18161
18165
18168
18170
18173
18174
18175
18176
18177
18179
18180
18181
18182
18183
18184
18185
18186
18187
18194
18196
18198
18199
18200
18201
18202
18203
18204
18205
18206
18207
18208
18209
18210
18211
18212
18213
18214
18215
18216
18217
18218
18219
18220
18221
18222
18223
18224
18225
18226
18227
18228
18229
18230
18237
18238
18239
18240
18241
18242
18243
18244
18247
18250
18255
18256
18260
18261
18263
18268
18269
18275
18277
18282
18283
18284
18287
18293
18294
18295
18296
18298
18299
18300
18303
18304
18307
18311
18318
18319
18320
18321
18322
18324
18326
18332
18334
18338
18339
18342
18343
18346
18349
18350
18351
18352
18355
18366
18367
18369
18372
18375
18377
18379
18380
18385
18387
18388
18391
18393
18399
18400
18401
18403
18404
18405
18410
18411
18413
18433
18438
18442
18444
18449
18452
18454
18460
18469
18471
18472
18479
18481
18487
18489
18491
18493
18497
18498
18503
18515
18516
18518
18520
18521
18522
18530
18546
18547
18557
18563
18565
18581
18582
18586
18590
18595
18601
18602
18604
18605
18606
18607
18608
18609
18611
18612
18616
18621
18626
18629
18639
18643
18644
18646
18652
18666
18668
18670
18677
18678
18679
18681
18687
18689
18690
18693
18701
18707
18709
18710
18718
18728
18730
18736
18737
18743
18751
18759
18764
18776
18777
18785
18788
18796
18815
18820
18821
18829
18830
18838
18842
18845
18849
18861
18862
18863
18866
18867
18872
18874
18877
18878
18880
18885
18886
18892
18901
18913
18933
18938
18940
18955
18956
18965
18968
18971
18978
18979
18980
18984
18985
18986
18991
18994
18999
19006
19009
19010
19011
19013
19014
19015
19042
19088
19116
19123
19124
19127
19131
19133
19138
19140
19168
19179
19187
19226
19247
19258
19263
19266
19338
19339
19356
19375
19398
19418
19445
19450
19489
19501
19526
19529
19530
19554
19593
19607
19650
19671
19673
19681
19693
19705
19728
19757
19811
19821
19828
19867
19900
