0
1
3
7
8
9
10
11
12
14
16
17
18
19
23
24
25
26
27
29
30
32
34
36
37
38
39
40
41
42
46
47
48
49
50
51
53
54
55
56
57
58
59
60
61
62
63
64
65
67
68
70
71
72
73
74
75
76
77
78
79
82
83
84
85
86
87
88
89
90
91
92
93
94
96
97
98
99
100
101
103
106
107
108
110
111
112
113
114
115
116
117
118
119
120
122
123
124
125
126
127
128
130
131
132
133
134
135
136
137
138
140
141
142
143
145
146
147
149
150
152
153
155
157
159
162
163
164
165
166
167
168
169
170
174
175
177
178
179
180
181
182
183
185
187
188
189
190
191
193
194
195
196
197
198
199
200
201
203
204
205
206
207
208
209
210
211
212
213
214
215
216
217
218
219
221
222
224
226
227
228
229
230
232
233
234
236
237
239
240
241
242
243
247
248
252
253
255
256
258
259
260
262
263
264
265
266
267
268
270
271
272
274
275
276
278
279
280
283
285
286
287
288
292
293
294
295
296
297
298
299
300
301
302
303
304
307
308
309
310
313
315
316
317
319
320
321
322
323
325
326
327
329
331
337
338
339
340
342
344
345
346
347
349
350
351
352
354
357
358
360
362
363
366
367
368
370
371
372
374
375
376
377
378
379
380
381
383
384
386
387
388
389
393
394
395
400
401
403
405
409
410
411
412
414
415
416
417
418
419
421
423
425
426
427
428
429
430
431
432
433
434
436
437
438
439
440
442
445
447
448
449
450
451
452
453
454
455
457
458
463
464
468
469
470
471
473
474
475
477
478
479
480
481
482
483
485
488
489
490
492
493
494
500
501
503
504
505
506
508
510
511
512
513
514
515
517
518
519
521
522
525
526
527
528
529
530
531
532
533
534
535
536
538
540
541
542
543
544
545
546
547
548
550
551
552
553
554
555
558
559
563
564
565
566
567
569
573
574
575
576
579
581
582
585
586
587
588
589
590
593
594
595
596
597
598
599
600
601
602
603
604
605
606
607
608
609
610
611
612
615
616
617
619
620
622
624
625
626
627
628
629
630
631
632
633
634
635
636
637
638
640
642
645
646
648
650
651
652
653
654
656
657
658
659
660
661
662
663
665
666
668
670
672
673
674
675
676
678
679
680
681
682
683
684
685
687
688
689
690
691
693
694
695
696
697
698
699
701
703
704
706
707
708
709
710
711
712
714
718
719
720
721
722
724
725
727
731
732
733
734
735
736
737
738
739
740
741
743
744
746
747
748
749
750
751
752
753
754
755
757
758
759
760
762
765
767
768
770
772
773
774
775
776
777
778
779
780
781
782
783
785
787
788
789
790
792
795
796
797
798
799
801
802
803
804
805
806
807
808
809
810
811
815
817
819
820
821
822
823
824
825
826
827
829
830
832
836
837
838
839
840
841
842
844
845
846
847
848
850
852
853
854
855
856
857
858
859
860
862
865
866
867
869
870
872
875
876
877
878
880
881
883
884
885
886
887
888
889
891
892
895
896
898
900
901
902
903
904
905
908
909
911
917
918
919
920
921
922
924
926
927
928
929
930
931
932
933
936
938
940
941
942
943
944
946
947
948
949
955
956
957
958
959
960
961
963
965
968
969
971
973
974
975
976
977
978
981
982
983
984
987
988
990
991
992
993
998
999
1002
1003
1004
1006
1008
1009
1011
1015
1017
1018
1019
1020
1022
1024
1025
1028
1029
1030
1031
1032
1033
1034
1038
1039
1040
1041
1043
1044
1046
1050
1051
1052
1055
1056
1058
1059
1060
1061
1062
1063
1064
1065
1067
1069
1071
1072
1073
1074
1076
1077
1080
1081
1082
1083
1084
1085
1086
1091
1092
1093
1094
1097
1098
1099
1103
1104
1105
1106
1107
1108
1110
1111
1112
1113
1118
1120
1122
1123
1126
1129
1131
1132
1133
1134
1136
1139
1141
1143
1144
1145
1146
1149
1150
1152
1153
1154
1156
1158
1159
1160
1161
1162
1165
1167
1168
1169
1172
1176
1177
1178
1179
1180
1181
1182
1184
1185
1186
1187
1189
1190
1191
1194
1195
1196
1198
1199
1200
1201
1204
1206
1209
1210
1212
1213
1215
1217
1218
1219
1220
1223
1224
1225
1227
1229
1230
1231
1234
1235
1237
1242
1244
1245
1248
1249
1250
1251
1253
1256
1258
1259
1260
1262
1264
1265
1267
1269
1272
1274
1276
1278
1279
1280
1283
1286
1287
1288
1291
1293
1295
1297
1302
1304
1307
1308
1309
1310
1312
1314
1315
1316
1319
1320
1321
1323
1325
1326
1327
1328
1329
1331
1332
1333
1335
1339
1343
1345
1347
1348
1349
1351
1353
1354
1356
1359
1362
1364
1369
1370
1372
1373
1375
1378
1379
1380
1381
1383
1385
1386
1387
1392
1398
1399
1400
1401
1402
1403
1404
1406
1407
1409
1410
1415
1416
1418
1419
1425
1426
1427
1429
1430
1433
1434
1435
1436
1438
1439
1441
1442
1443
1444
1450
1451
1455
1457
1458
1459
1463
1464
1465
1466
1467
1468
1469
1470
1472
1473
1474
1477
1478
1479
1480
1483
1485
1486
1487
1490
1492
1495
1497
1498
1500
1503
1504
1505
1506
1507
1510
1512
1514
1521
1522
1526
1527
1528
1533
1538
1540
1541
1542
1544
1545
1549
1551
1552
1558
1560
1561
1562
1563
1567
1570
1572
1576
1577
1579
1580
1581
1584
1587
1589
1590
1592
1595
1596
1597
1599
1600
1603
1606
1610
1611
1613
1618
1619
1620
1622
1623
1624
1625
1628
1629
1631
1633
1635
1636
1637
1639
1640
1641
1642
1644
1645
1647
1651
1652
1654
1655
1656
1659
1661
1664
1665
1668
1669
1670
1671
1673
1674
1676
1677
1678
1679
1680
1681
1683
1684
1687
1688
1689
1691
1692
1693
1695
1697
1698
1701
1703
1705
1708
1709
1710
1711
1712
1713
1714
1715
1716
1719
1720
1722
1723
1726
1727
1729
1731
1732
1733
1735
1736
1738
1739
1740
1744
1745
1746
1747
1748
1749
1752
1758
1760
1761
1763
1766
1768
1769
1770
1771
1772
1773
1774
1778
1781
1783
1788
1789
1791
1792
1794
1795
1797
1798
1802
1805
1808
1809
1810
1811
1813
1817
1819
1820
1821
1822
1828
1830
1832
1833
1835
1838
1841
1844
1850
1852
1853
1856
1857
1859
1867
1869
1870
1872
1880
1885
1889
1890
1891
1896
1898
1900
1902
1903
1904
1905
1907
1908
1909
1910
1917
1918
1919
1920
1923
1925
1927
1929
1930
1931
1932
1933
1935
1937
1938
1939
1940
1942
1944
1945
1946
1947
1950
1951
1953
1957
1958
1959
1960
1961
1962
1964
1966
1967
1968
1969
1972
1973
1974
1976
1977
1979
1980
1982
1984
1985
1986
1988
1989
1990
1991
1996
1997
1998
2000
2003
2004
2006
2009
2012
2013
2016
2017
2019
2024
2025
2026
2027
2028
2030
2032
2033
2034
2036
2037
2038
2039
2041
2043
2045
2046
2047
2048
2049
2050
2052
2053
2055
2057
2059
2064
2065
2066
2067
2068
2070
2073
2075
2076
2077
2078
2079
2081
2084
2085
2087
2088
2089
2091
2092
2093
2096
2097
2098
2099
2100
2101
2103
2105
2107
2109
2111
2114
2115
2124
2125
2128
2129
2130
2131
2132
2133
2134
2136
2137
2140
2141
2144
2146
2150
2154
2155
2157
2158
2160
2161
2162
2165
2167
2168
2170
2172
2174
2175
2176
2177
2183
2184
2189
2190
2192
2194
2196
2197
2198
2199
2201
2202
2205
2210
2211
2212
2214
2219
2223
2224
2225
2226
2229
2232
2235
2238
2240
2242
2246
2247
2248
2249
2252
2254
2255
2256
2260
2266
2268
2269
2270
2273
2277
2281
2289
2290
2293
2299
2300
2301
2302
2308
2309
2310
2315
2316
2318
2321
2322
2323
2327
2328
2329
2330
2334
2337
2338
2341
2344
2348
2354
2355
2359
2360
2363
2364
2365
2366
2367
2368
2369
2370
2371
2373
2376
2379
2381
2383
2385
2386
2389
2394
2398
2399
2401
2403
2404
2407
2408
2411
2414
2416
2417
2418
2419
2422
2423
2424
2426
2429
2430
2432
2434
2435
2436
2438
2441
2443
2444
2446
2448
2450
2452
2455
2457
2458
2460
2463
2464
2466
2467
2468
2473
2477
2478
2486
2487
2489
2491
2493
2494
2496
2498
2499
2501
2502
2505
2506
2507
2508
2510
2511
2513
2514
2515
2517
2518
2519
2521
2523
2524
2526
2527
2528
2529
2530
2531
2534
2536
2537
2538
2539
2543
2545
2546
2547
2548
2549
2551
2552
2556
2557
2558
2559
2561
2562
2563
2565
2566
2567
2568
2569
2570
2571
2574
2575
2579
2581
2582
2583
2586
2587
2588
2590
2593
2594
2595
2598
2599
2601
2602
2603
2604
2605
2606
2608
2609
2610
2611
2615
2616
2619
2620
2622
2623
2624
2625
2627
2628
2629
2630
2631
2634
2635
2636
2637
2640
2641
2642
2643
2644
2645
2646
2647
2648
2649
2650
2651
2652
2653
2656
2657
2658
2659
2660
2661
2662
2663
2664
2665
2666
2667
2668
2669
2670
2671
2672
2674
2675
2676
2677
2678
2680
2681
2682
2683
2684
2685
2686
2687
2688
2691
2692
2693
2694
2696
2697
2698
2699
2700
2702
2703
2707
2708
2709
2710
2711
2712
2713
2714
2715
2716
2717
2719
2720
2721
2722
2723
2724
2725
2727
2728
2729
2731
2732
2733
2734
2738
2739
2743
2746
2747
2748
2749
2750
2753
2755
2756
2757
2758
2760
2761
2762
2763
2764
2765
2766
2769
2770
2771
2772
2774
2775
2776
2777
2778
2780
2781
2782
2784
2786
2787
2789
2790
2791
2792
2793
2794
2795
2796
2798
2799
2800
2802
2803
2807
2808
2809
2810
2813
2814
2816
2818
2821
2822
2824
2825
2826
2827
2828
2829
2830
2832
2833
2837
2838
2839
2840
2843
2846
2848
2850
2851
2852
2853
2854
2855
2856
2857
2859
2860
2861
2862
2864
2865
2866
2868
2869
2870
2871
2872
2873
2874
2875
2879
2882
2884
2885
2886
2888
2890
2892
2893
2894
2895
2896
2897
2898
2899
2901
2902
2903
2904
2906
2907
2910
2912
2914
2915
2918
2919
2920
2921
2922
2924
2925
2927
2928
2931
2932
2933
2934
2937
2939
2940
2941
2943
2945
2946
2948
2950
2952
2953
2954
2955
2956
2957
2958
2959
2961
2962
2963
2965
2970
2971
2973
2974
2975
2976
2977
2978
2980
2982
2984
2985
2987
2988
2989
2990
2991
2992
2994
2997
3000
3001
3002
3004
3006
3007
3008
3010
3011
3012
3013
3014
3016
3017
3018
3020
3022
3023
3025
3029
3030
3031
3033
3034
3037
3039
3042
3044
3046
3048
3049
3051
3052
3053
3057
3058
3059
3060
3061
3064
3065
3067
3069
3070
3071
3072
3073
3075
3076
3078
3079
3083
3084
3085
3086
3087
3089
3091
3092
3094
3095
3097
3098
3099
3100
3102
3103
3104
3105
3107
3109
3110
3112
3113
3115
3116
3118
3120
3121
3124
3125
3126
3127
3128
3130
3131
3132
3133
3134
3135
3138
3139
3141
3142
3143
3144
3145
3146
3148
3150
3152
3153
3156
3157
3158
3159
3160
3161
3162
3163
3164
3165
3166
3168
3169
3170
3171
3173
3174
3176
3177
3182
3183
3184
3185
3186
3187
3188
3189
3193
3199
3200
3201
3202
3203
3204
3205
3206
3207
3208
3209
3210
3211
3213
3214
3216
3217
3218
3219
3223
3228
3230
3232
3233
3234
3235
3236
3237
3239
3242
3243
3244
3248
3250
3251
3253
3254
3256
3261
3262
3263
3264
3265
3266
3267
3268
3269
3270
3271
3274
3275
3279
3280
3281
3282
3283
3284
3285
3286
3287
3288
3289
3290
3291
3292
3293
3294
3295
3296
3298
3301
3302
3305
3306
3308
3309
3310
3311
3312
3313
3314
3315
3316
3317
3320
3322
3323
3324
3325
3328
3330
3331
3332
3333
3334
3336
3337
3338
3340
3341
3342
3343
3344
3345
3346
3347
3348
3350
3352
3353
3354
3356
3357
3359
3360
3361
3365
3367
3368
3369
3371
3372
3373
3376
3377
3378
3379
3382
3383
3385
3386
3387
3388
3389
3390
3391
3394
3395
3396
3397
3398
3400
3401
3402
3403
3404
3405
3406
3407
3410
3411
3412
3413
3414
3415
3416
3418
3419
3420
3421
3422
3423
3424
3426
3428
3430
3431
3432
3433
3434
3435
3437
3438
3441
3443
3446
3448
3450
3451
3453
3454
3455
3456
3457
3458
3459
3460
3461
3462
3463
3465
3466
3467
3468
3469
3470
3471
3472
3473
3474
3475
3476
3477
3478
3479
3480
3482
3483
3484
3485
3486
3487
3488
3489
3491
3492
3494
3495
3496
3497
3498
3499
3500
3503
3504
3505
3506
3507
3509
3510
3511
3513
3515
3517
3519
3520
3521
3522
3525
3526
3527
3528
3529
3530
3532
3533
3534
3536
3538
3540
3542
3543
3544
3545
3546
3547
3549
3550
3551
3552
3553
3554
3555
3556
3557
3558
3559
3560
3561
3562
3563
3564
3565
3566
3567
3568
3570
3571
3573
3574
3577
3578
3579
3580
3581
3582
3583
3584
3585
3586
3590
3591
3592
3593
3594
3595
3596
3597
3598
3599
3600
3601
3603
3604
3605
3606
3607
3608
3609
3610
3612
3613
3614
3615
3616
3618
3619
3620
3621
3623
3624
3625
3626
3627
3628
3630
3631
3632
3633
3634
3638
3639
3641
3642
3644
3646
3647
3648
3649
3650
3651
3652
3653
3655
3657
3658
3659
3660
3661
3662
3665
3667
3669
3672
3673
3674
3676
3679
3680
3681
3682
3683
3684
3688
3689
3691
3693
3694
3695
3697
3698
3699
3701
3702
3703
3704
3705
3706
3707
3708
3709
3713
3714
3715
3718
3719
3720
3722
3723
3725
3727
3729
3730
3731
3732
3733
3734
3735
3737
3738
3739
3740
3742
3743
3745
3746
3747
3749
3750
3751
3752
3753
3755
3756
3757
3758
3759
3760
3763
3764
3766
3767
3768
3770
3771
3772
3776
3777
3778
3780
3782
3783
3785
3786
3788
3790
3791
3793
3795
3796
3798
3799
3800
3801
3802
3803
3805
3806
3807
3808
3809
3812
3813
3814
3815
3816
3817
3818
3819
3820
3821
3822
3824
3825
3827
3829
3830
3831
3833
3834
3836
3837
3838
3839
3840
3841
3842
3843
3844
3845
3846
3847
3848
3849
3850
3852
3854
3856
3857
3858
3860
3864
3865
3866
3867
3868
3869
3870
3871
3872
3874
3879
3880
3881
3883
3884
3886
3887
3888
3891
3893
3894
3897
3898
3899
3900
3901
3902
3906
3907
3913
3915
3916
3919
3920
3922
3923
3924
3927
3930
3931
3932
3933
3935
3937
3938
3941
3943
3944
3945
3946
3947
3948
3952
3953
3954
3955
3956
3958
3961
3962
3963
3964
3965
3967
3968
3970
3971
3972
3979
3980
3981
3982
3983
3984
3988
3989
3993
3997
4000
4001
4003
4005
4006
4008
4009
4013
4014
4016
4017
4018
4020
4021
4022
4023
4024
4027
4028
4030
4033
4034
4035
4036
4038
4039
4041
4042
4043
4045
4046
4050
4053
4054
4056
4062
4066
4067
4069
4070
4071
4072
4073
4074
4077
4079
4080
4082
4084
4087
4088
4089
4092
4095
4096
4098
4101
4103
4104
4106
4107
4109
4110
4111
4113
4114
4118
4119
4120
4122
4124
4125
4127
4129
4131
4133
4134
4136
4137
4139
4141
4142
4145
4146
4147
4148
4149
4152
4153
4154
4155
4156
4157
4159
4160
4166
4171
4172
4175
4176
4178
4179
4180
4181
4183
4184
4185
4186
4188
4190
4191
4192
4193
4194
4195
4196
4197
4198
4199
4200
4201
4202
4205
4206
4208
4211
4212
4215
4216
4217
4219
4220
4221
4222
4224
4225
4228
4229
4230
4231
4232
4235
4236
4238
4240
4241
4242
4243
4244
4250
4251
4253
4254
4256
4258
4259
4260
4262
4264
4265
4266
4267
4268
4269
4270
4271
4273
4274
4275
4276
4277
4278
4281
4282
4283
4284
4285
4288
4290
4291
4294
4298
4299
4300
4302
4303
4304
4305
4308
4309
4310
4311
4312
4313
4315
4316
4322
4323
4324
4329
4330
4331
4334
4335
4336
4340
4341
4345
4347
4348
4352
4353
4356
4358
4359
4362
4364
4365
4366
4368
4369
4372
4373
4378
4381
4383
4384
4387
4388
4389
4390
4391
4392
4398
4401
4402
4405
4406
4408
4409
4412
4413
4415
4418
4420
4421
4423
4424
4425
4426
4427
4429
4430
4431
4434
4435
4436
4438
4439
4441
4442
4444
4446
4448
4451
4453
4455
4456
4457
4458
4466
4469
4470
4471
4474
4477
4478
4479
4480
4483
4484
4486
4487
4489
4490
4491
4492
4493
4494
4495
4497
4500
4501
4502
4504
4506
4510
4511
4513
4517
4519
4521
4522
4528
4531
4534
4536
4539
4540
4542
4543
4544
4545
4546
4549
4551
4552
4555
4556
4559
4560
4561
4562
4563
4564
4565
4566
4567
4569
4571
4572
4574
4575
4577
4578
4579
4582
4586
4587
4588
4591
4592
4593
4594
4595
4597
4599
4601
4602
4603
4605
4607
4610
4612
4613
4615
4616
4617
4618
4619
4621
4623
4625
4626
4630
4631
4632
4634
4635
4636
4637
4640
4642
4644
4646
4647
4648
4649
4650
4651
4652
4655
4658
4659
4660
4661
4662
4666
4667
4668
4670
4671
4676
4677
4679
4680
4683
4685
4688
4691
4693
4694
4695
4698
4699
4701
4702
4703
4705
4706
4707
4708
4709
4710
4711
4712
4713
4714
4715
4716
4717
4718
4719
4722
4723
4724
4726
4727
4728
4734
4742
4744
4745
4747
4749
4751
4753
4754
4755
4757
4758
4759
4760
4763
4765
4766
4770
4774
4776
4787
4788
4790
4794
4795
4797
4799
4800
4801
4802
4803
4806
4808
4809
4810
4811
4812
4814
4815
4816
4817
4821
4822
4826
4827
4828
4830
4831
4833
4835
4839
4840
4841
4843
4845
4846
4847
4850
4851
4853
4856
4859
4860
4861
4862
4863
4864
4865
4869
4872
4873
4874
4875
4876
4878
4879
4881
4882
4883
4884
4886
4887
4888
4889
4890
4894
4895
4896
4900
4901
4906
4907
4910
4912
4913
4917
4919
4920
4923
4925
4927
4930
4931
4934
4935
4936
4940
4941
4942
4944
4946
4953
4955
4957
4959
4960
4961
4962
4963
4964
4967
4968
4969
4970
4971
4973
4974
4975
4976
4977
4982
4984
4988
4993
4994
4996
4997
4998
5000
5002
5005
5006
5009
5010
5011
5012
5022
5030
5031
5035
5036
5037
5038
5040
5041
5042
5045
5047
5048
5051
5052
5055
5056
5060
5062
5063
5064
5068
5069
5071
5072
5073
5074
5075
5076
5079
5081
5082
5084
5087
5090
5097
5099
5101
5102
5105
5110
5111
5112
5114
5116
5120
5121
5124
5125
5126
5134
5138
5144
5146
5147
5148
5152
5153
5154
5156
5158
5160
5164
5166
5167
5169
5170
5172
5176
5179
5184
5186
5187
5189
5190
5191
5193
5195
5196
5199
5204
5214
5221
5222
5225
5228
5229
5230
5231
5232
5233
5234
5235
5238
5241
5243
5244
5245
5247
5248
5250
5251
5252
5254
5255
5257
5259
5261
5262
5263
5264
5265
5267
5268
5270
5272
5273
5276
5279
5280
5282
5283
5285
5288
5290
5299
5300
5303
5307
5309
5310
5312
5313
5315
5316
5317
5320
5321
5322
5326
5328
5329
5330
5331
5332
5333
5334
5335
5338
5339
5340
5342
5345
5351
5352
5356
5358
5359
5360
5361
5363
5365
5366
5367
5369
5370
5371
5373
5374
5377
5379
5380
5381
5382
5386
5388
5389
5390
5395
5397
5399
5400
5403
5408
5409
5412
5413
5416
5418
5421
5422
5423
5425
5428
5432
5433
5435
5438
5439
5440
5442
5446
5448
5449
5450
5451
5453
5456
5458
5459
5460
5461
5463
5464
5465
5466
5470
5471
5472
5473
5475
5476
5477
5478
5479
5482
5484
5488
5490
5491
5492
5493
5494
5496
5497
5498
5499
5500
5501
5503
5504
5507
5508
5511
5512
5513
5514
5515
5516
5517
5519
5520
5521
5523
5524
5525
5529
5531
5532
5534
5536
5544
5545
5546
5549
5550
5551
5553
5555
5556
5559
5560
5562
5563
5564
5565
5566
5567
5568
5570
5571
5572
5573
5574
5575
5579
5580
5581
5582
5583
5584
5587
5589
5591
5592
5593
5595
5596
5597
5598
5599
5601
5603
5605
5606
5608
5611
5614
5617
5618
5620
5621
5622
5624
5625
5628
5629
5631
5632
5633
5636
5638
5640
5641
5645
5646
5649
5651
5652
5653
5654
5656
5660
5661
5663
5664
5665
5668
5670
5674
5675
5676
5678
5679
5680
5681
5684
5686
5688
5689
5690
5692
5697
5698
5699
5700
5701
5705
5706
5708
5709
5711
5714
5715
5718
5719
5720
5721
5723
5726
5727
5728
5730
5733
5734
5736
5738
5740
5742
5743
5745
5747
5749
5751
5754
5755
5759
5760
5763
5764
5765
5766
5767
5768
5769
5773
5774
5776
5778
5779
5784
5789
5790
5792
5793
5794
5795
5796
5798
5800
5803
5804
5805
5806
5810
5814
5815
5816
5817
5818
5819
5825
5827
5828
5830
5831
5832
5833
5834
5835
5836
5837
5840
5843
5847
5848
5850
5851
5852
5853
5854
5855
5856
5858
5859
5861
5862
5867
5868
5869
5872
5873
5875
5876
5878
5879
5880
5883
5884
5885
5887
5888
5891
5894
5895
5897
5898
5901
5903
5904
5905
5906
5907
5915
5917
5918
5920
5922
5923
5925
5926
5927
5929
5930
5931
5932
5933
5936
5941
5942
5945
5946
5947
5948
5949
5952
5953
5954
5956
5957
5959
5960
5961
5965
5966
5967
5968
5969
5970
5971
5974
5976
5977
5981
5982
5985
5987
5990
5991
5992
5993
5997
5998
5999
6000
6005
6008
6009
6011
6013
6015
6016
6019
6021
6022
6023
6026
6027
6031
6033
6036
6037
6038
6039
6040
6041
6042
6043
6044
6045
6048
6050
6051
6052
6053
6054
6055
6056
6058
6059
6061
6063
6064
6067
6069
6070
6072
6073
6074
6076
6080
6083
6086
6087
6089
6091
6092
6093
6094
6095
6096
6098
6103
6104
6107
6108
6111
6112
6113
6114
6118
6120
6125
6128
6131
6133
6137
6138
6139
6140
6142
6143
6145
6146
6147
6150
6157
6158
6159
6161
6162
6163
6164
6166
6169
6172
6173
6174
6175
6179
6182
6183
6184
6185
6186
6191
6193
6194
6196
6199
6202
6203
6204
6205
6206
6212
6213
6214
6215
6217
6218
6219
6221
6222
6223
6224
6225
6229
6230
6232
6233
6235
6239
6241
6242
6251
6253
6254
6255
6261
6263
6267
6270
6271
6272
6274
6275
6276
6277
6281
6282
6283
6284
6286
6287
6289
6290
6291
6293
6297
6300
6303
6304
6306
6308
6309
6311
6314
6315
6317
6321
6322
6324
6329
6330
6331
6337
6340
6342
6343
6344
6347
6349
6350
6351
6352
6353
6357
6359
6360
6361
6362
6364
6365
6366
6368
6370
6371
6372
6373
6375
6382
6383
6384
6388
6389
6391
6392
6393
6396
6398
6399
6400
6403
6409
6411
6412
6413
6414
6415
6416
6418
6419
6420
6421
6422
6424
6425
6427
6430
6431
6432
6433
6435
6436
6438
6439
6441
6444
6446
6447
6450
6453
6455
6457
6458
6460
6461
6462
6463
6465
6468
6469
6473
6474
6479
6480
6481
6485
6487
6489
6490
6491
6492
6495
6496
6500
6505
6507
6513
6516
6518
6519
6522
6529
6530
6531
6533
6535
6536
6537
6538
6539
6540
6542
6543
6544
6545
6548
6549
6550
6553
6556
6557
6560
6561
6564
6565
6566
6571
6576
6577
6578
6580
6584
6585
6586
6587
6588
6589
6590
6592
6596
6597
6599
6600
6601
6602
6609
6610
6612
6613
6615
6616
6618
6619
6621
6622
6624
6625
6626
6627
6628
6629
6632
6636
6639
6642
6643
6649
6653
6654
6655
6656
6657
6660
6661
6665
6666
6667
6668
6670
6672
6675
6680
6681
6682
6683
6684
6687
6689
6690
6696
6697
6698
6701
6702
6703
6704
6705
6706
6713
6715
6717
6718
6719
6720
6722
6723
6729
6730
6731
6735
6736
6738
6741
6747
6751
6753
6757
6759
6761
6762
6763
6765
6767
6772
6773
6779
6781
6783
6786
6787
6788
6790
6791
6792
6795
6796
6799
6800
6801
6802
6805
6806
6807
6809
6811
6812
6813
6814
6815
6818
6819
6822
6826
6827
6829
6830
6833
6836
6837
6841
6842
6844
6846
6850
6851
6852
6853
6855
6857
6859
6863
6865
6866
6867
6868
6869
6870
6871
6873
6874
6878
6879
6880
6881
6883
6884
6885
6886
6888
6889
6892
6894
6895
6898
6900
6902
6903
6904
6906
6907
6910
6911
6913
6914
6915
6916
6917
6918
6921
6922
6924
6925
6926
6927
6929
6933
6934
6935
6938
6941
6942
6950
6953
6955
6956
6957
6958
6960
6962
6963
6964
6965
6966
6967
6969
6970
6972
6973
6974
6977
6979
6981
6985
6988
6989
6990
6991
6992
6994
6995
6997
6999
7002
7004
7005
7007
7009
7010
7012
7018
7020
7022
7024
7027
7034
7035
7036
7037
7038
7040
7044
7045
7049
7050
7052
7053
7054
7056
7058
7060
7061
7064
7065
7066
7067
7069
7072
7073
7074
7079
7081
7083
7085
7086
7089
7093
7097
7100
7101
7102
7103
7104
7108
7110
7112
7115
7116
7117
7120
7122
7125
7128
7129
7131
7132
7134
7135
7137
7140
7141
7143
7146
7148
7153
7154
7155
7159
7165
7166
7167
7174
7175
7176
7177
7178
7179
7180
7184
7186
7189
7192
7193
7194
7198
7199
7203
7207
7208
7209
7211
7212
7213
7215
7216
7220
7221
7222
7223
7224
7225
7226
7229
7230
7231
7232
7233
7234
7235
7236
7238
7239
7241
7242
7243
7244
7245
7246
7249
7250
7251
7253
7256
7257
7261
7266
7267
7268
7269
7270
7271
7273
7274
7275
7279
7280
7281
7282
7283
7285
7286
7289
7290
7291
7292
7293
7294
7296
7297
7299
7302
7303
7307
7311
7312
7314
7318
7319
7321
7322
7323
7324
7325
7326
7328
7331
7333
7338
7340
7342
7343
7344
7345
7348
7349
7351
7352
7353
7357
7358
7360
7362
7363
7364
7366
7367
7375
7377
7379
7382
7384
7385
7386
7387
7391
7394
7395
7398
7403
7404
7405
7406
7409
7410
7411
7412
7416
7418
7419
7423
7426
7430
7433
7435
7437
7438
7439
7441
7442
7443
7444
7446
7449
7451
7454
7458
7459
7461
7462
7463
7470
7472
7473
7475
7476
7478
7480
7481
7486
7487
7490
7491
7494
7498
7499
7501
7503
7505
7507
7508
7510
7512
7513
7514
7516
7517
7519
7523
7525
7527
7528
7529
7531
7532
7533
7534
7535
7538
7539
7542
7543
7544
7545
7547
7550
7551
7552
7553
7555
7557
7558
7562
7563
7566
7569
7570
7571
7572
7573
7575
7576
7578
7582
7583
7585
7587
7588
7589
7592
7593
7594
7596
7598
7602
7604
7605
7608
7611
7614
7615
7616
7617
7619
7620
7621
7624
7625
7627
7630
7631
7633
7635
7636
7637
7638
7639
7641
7642
7645
7646
7647
7651
7654
7655
7657
7661
7664
7665
7666
7669
7670
7676
7680
7682
7683
7684
7686
7687
7689
7690
7691
7692
7694
7695
7699
7700
7703
7706
7707
7708
7715
7716
7717
7720
7721
7722
7724
7725
7726
7727
7730
7737
7739
7741
7746
7748
7749
7750
7751
7754
7759
7760
7761
7766
7767
7769
7770
7772
7773
7774
7775
7776
7777
7779
7780
7781
7783
7784
7785
7786
7787
7792
7793
7794
7795
7797
7802
7804
7806
7807
7810
7812
7814
7816
7818
7819
7820
7821
7822
7824
7825
7826
7827
7828
7829
7830
7831
7834
7835
7836
7837
7838
7840
7841
7842
7843
7846
7847
7849
7852
7856
7857
7861
7862
7863
7865
7867
7870
7871
7872
7873
7874
7877
7880
7881
7885
7886
7887
7888
7891
7894
7897
7898
7899
7902
7903
7905
7906
7907
7908
7910
7911
7913
7914
7915
7916
7917
7918
7919
7922
7923
7924
7925
7927
7928
7929
7930
7934
7935
7937
7938
7940
7941
7942
7944
7946
7949
7950
7953
7954
7955
7956
7957
7958
7959
7960
7961
7962
7964
7968
7969
7970
7971
7976
7979
7980
7981
7982
7984
7987
7992
7993
7994
8001
8002
8003
8006
8008
8009
8011
8014
8024
8025
8034
8035
8039
8041
8042
8043
8047
8049
8051
8053
8054
8055
8058
8059
8060
8061
8062
8063
8064
8065
8066
8067
8068
8069
8070
8071
8074
8076
8078
8079
8080
8081
8084
8087
8088
8089
8090
8091
8092
8093
8099
8100
8101
8102
8104
8105
8110
8118
8119
8120
8129
8131
8133
8135
8138
8141
8142
8143
8144
8146
8147
8149
8150
8153
8155
8157
8158
8159
8161
8164
8166
8168
8169
8170
8174
8175
8181
8186
8188
8189
8194
8195
8196
8197
8199
8200
8203
8205
8207
8209
8211
8212
8215
8223
8227
8228
8229
8230
8232
8233
8234
8235
8236
8237
8243
8245
8246
8249
8251
8252
8253
8254
8261
8265
8268
8269
8270
8276
8277
8279
8280
8281
8282
8283
8287
8290
8292
8300
8304
8310
8314
8315
8318
8319
8321
8324
8327
8330
8331
8335
8338
8341
8342
8343
8345
8346
8347
8348
8349
8350
8354
8356
8358
8359
8360
8362
8364
8365
8366
8368
8370
8371
8372
8373
8376
8378
8382
8388
8390
8392
8394
8396
8400
8401
8403
8405
8406
8409
8412
8417
8418
8419
8421
8423
8424
8425
8428
8430
8434
8435
8437
8440
8441
8443
8449
8455
8458
8460
8462
8464
8465
8468
8469
8470
8471
8472
8475
8477
8481
8482
8486
8487
8488
8495
8497
8498
8499
8500
8501
8502
8505
8506
8507
8508
8509
8510
8511
8513
8514
8516
8522
8523
8533
8537
8541
8542
8548
8550
8557
8559
8561
8562
8564
8567
8568
8570
8572
8573
8577
8578
8579
8583
8584
8586
8587
8588
8590
8594
8597
8599
8600
8601
8603
8605
8606
8608
8609
8611
8612
8613
8614
8615
8616
8619
8621
8622
8627
8628
8629
8631
8634
8635
8648
8651
8652
8655
8660
8665
8666
8667
8669
8682
8684
8687
8694
8700
8702
8703
8705
8711
8714
8716
8719
8720
8722
8732
8733
8736
8737
8740
8741
8742
8745
8746
8748
8753
8755
8756
8758
8760
8764
8768
8769
8770
8772
8773
8775
8780
8781
8785
8786
8787
8789
8791
8792
8796
8797
8798
8799
8802
8803
8806
8808
8810
8811
8812
8816
8818
8820
8821
8822
8824
8826
8827
8828
8829
8830
8831
8832
8833
8834
8835
8836
8837
8839
8840
8844
8847
8849
8850
8852
8855
8856
8857
8859
8860
8862
8864
8865
8866
8867
8868
8869
8873
8874
8875
8876
8877
8878
8882
8888
8889
8894
8896
8903
8904
8905
8910
8912
8913
8914
8916
8917
8920
8921
8922
8923
8924
8927
8928
8930
8932
8938
8940
8943
8944
8945
8946
8948
8951
8952
8953
8954
8955
8956
8960
8968
8970
8973
8974
8977
8979
8980
8981
8982
8983
8984
8985
8986
8988
8989
8990
8991
8992
8995
8998
8999
9000
9002
9005
9007
9008
9011
9013
9014
9015
9016
9025
9033
9034
9037
9038
9044
9046
9047
9048
9049
9051
9055
9057
9058
9061
9062
9064
9066
9069
9071
9076
9077
9078
9080
9081
9083
9085
9086
9089
9090
9091
9092
9093
9094
9095
9096
9097
9099
9101
9102
9105
9106
9108
9109
9110
9111
9124
9129
9130
9131
9132
9135
9140
9142
9143
9144
9146
9148
9149
9150
9152
9155
9157
9159
9164
9165
9169
9170
9172
9173
9174
9175
9178
9179
9180
9184
9185
9189
9191
9195
9198
9202
9205
9207
9208
9210
9211
9212
9213
9214
9215
9216
9218
9219
9223
9227
9229
9231
9236
9237
9238
9239
9240
9242
9246
9248
9249
9250
9252
9254
9256
9257
9258
9259
9262
9263
9264
9265
9266
9267
9268
9269
9270
9271
9272
9275
9276
9277
9278
9279
9280
9281
9282
9283
9284
9286
9287
9288
9289
9290
9291
9295
9296
9297
9299
9301
9303
9304
9305
9306
9311
9315
9320
9322
9325
9326
9328
9330
9334
9336
9337
9338
9346
9351
9352
9359
9361
9362
9371
9373
9378
9382
9383
9384
9385
9390
9391
9392
9395
9396
9402
9403
9404
9417
9418
9420
9421
9422
9423
9426
9429
9432
9435
9441
9445
9446
9447
9448
9452
9453
9455
9459
9460
9461
9466
9467
9474
9476
9477
9480
9481
9483
9485
9488
9489
9494
9496
9497
9498
9499
9501
9503
9507
9509
9510
9511
9513
9519
9520
9521
9525
9526
9527
9528
9529
9530
9534
9535
9540
9542
9543
9545
9547
9549
9550
9553
9554
9555
9556
9558
9560
9561
9563
9564
9565
9566
9568
9569
9570
9571
9573
9574
9575
9576
9583
9588
9590
9592
9594
9595
9598
9600
9603
9606
9607
9608
9609
9614
9615
9617
9619
9620
9622
9624
9625
9626
9627
9628
9630
9634
9635
9638
9640
9649
9653
9655
9660
9662
9663
9664
9666
9668
9669
9670
9671
9672
9677
9680
9681
9682
9687
9688
9690
9691
9693
9695
9697
9699
9702
9703
9704
9705
9706
9715
9716
9717
9718
9721
9722
9725
9728
9732
9734
9740
9747
9748
9752
9753
9757
9758
9759
9764
9766
9767
9769
9771
9776
9777
9778
9781
9786
9787
9788
9789
9790
9797
9802
9807
9810
9812
9813
9815
9816
9818
9820
9821
9822
9823
9824
9828
9829
9832
9833
9835
9836
9838
9846
9847
9848
9849
9850
9860
9862
9868
9872
9876
9878
9881
9884
9886
9888
9890
9896
9899
9900
9903
9904
9907
9909
9911
9913
9915
9916
9920
9921
9934
9935
9941
9942
9944
9945
9949
9951
9952
9953
9954
9956
9962
9964
9975
9976
9980
9981
9982
9987
9990
9994
9997
10008
10009
10016
10017
10019
10023
10029
10034
10036
10038
10039
10044
10046
10047
10048
10050
10052
10055
10056
10062
10063
10064
10075
10077
10079
10085
10091
10094
10099
10100
10102
10106
10109
10117
10120
10121
10122
10127
10132
10137
10139
10144
10151
10152
10153
10154
10155
10156
10158
10159
10160
10161
10162
10163
10164
10166
10169
10173
10179
10180
10181
10184
10185
10186
10188
10189
10190
10192
10195
10197
10201
10202
10203
10212
10213
10214
10215
10216
10218
10225
10227
10232
10237
10244
10245
10258
10259
10262
10264
10266
10268
10271
10272
10275
10282
10284
10285
10288
10291
10292
10296
10297
10298
10306
10307
10309
10312
10314
10316
10317
10328
10332
10333
10334
10335
10339
10342
10343
10345
10347
10349
10351
10352
10354
10357
10358
10359
10360
10365
10374
10377
10378
10380
10381
10384
10388
10390
10391
10394
10395
10396
10404
10409
10413
10420
10424
10426
10434
10439
10447
10450
10459
10467
10468
10474
10475
10479
10480
10482
10483
10485
10486
10492
10494
10495
10499
10500
10511
10513
10514
10516
10517
10519
10521
10523
10538
10543
10556
10559
10560
10562
10571
10572
10576
10578
10579
10583
10585
10587
10591
10594
10595
10596
10597
10599
10604
10605
10607
10609
10610
10611
10613
10615
10627
10636
10639
10640
10646
10647
10648
10651
10653
10655
10657
10665
10667
10670
10674
10675
10677
10681
10682
10689
10690
10691
10692
10693
10699
10700
10704
10708
10710
10715
10720
10722
10728
10730
10731
10733
10738
10743
10747
10749
10751
10753
10757
10759
10761
10764
10767
10768
10771
10772
10776
10777
10779
10780
10782
10783
10784
10785
10788
10789
10790
10791
10792
10795
10800
10801
10808
10809
10813
10814
10815
10821
10824
10825
10833
10836
10838
10839
10840
10846
10847
10851
10853
10856
10860
10864
10866
10868
10869
10871
10872
10879
10881
10884
10886
10889
10891
10896
10897
10898
10900
10901
10909
10912
10914
10917
10932
10935
10941
10942
10944
10945
10948
10949
10950
10957
10961
10962
10964
10968
10972
10979
10983
10987
10988
10994
10996
11005
11008
11011
11014
11015
11016
11018
11019
11020
11021
11033
11036
11038
11040
11041
11042
11044
11045
11046
11050
11064
11068
11070
11073
11075
11076
11079
11081
11082
11083
11089
11090
11094
11098
11105
11106
11107
11111
11112
11115
11120
11125
11126
11127
11131
11132
11139
11141
11144
11145
11146
11151
11153
11154
11157
11159
11160
11164
11169
11172
11175
11181
11182
11183
11186
11188
11193
11194
11209
11211
11212
11218
11227
11229
11230
11234
11237
11238
11241
11244
11249
11251
11255
11256
11267
11270
11273
11275
11276
11284
11286
11287
11299
11300
11305
11307
11314
11316
11320
11321
11323
11326
11331
11342
11343
11344
11345
11348
11351
11352
11353
11358
11359
11360
11371
11375
11379
11383
11386
11387
11389
11390
11395
11398
11400
11401
11402
11404
11405
11406
11411
11413
11414
11417
11418
11421
11425
11438
11439
11444
11448
11451
11453
11457
11458
11460
11464
11469
11476
11480
11484
11500
11503
11512
11515
11517
11524
11526
11527
11528
11529
11533
11534
11535
11538
11541
11543
11546
11547
11553
11554
11556
11557
11561
11563
11564
11566
11571
11572
11574
11577
11578
11580
11583
11587
11590
11593
11596
11601
11605
11606
11608
11609
11611
11619
11624
11627
11629
11630
11631
11634
11639
11640
11641
11642
11643
11654
11670
11675
11682
11684
11685
11697
11701
11702
11707
11710
11714
11715
11716
11718
11721
11723
11725
11730
11731
11734
11742
11744
11747
11750
11751
11752
11758
11762
11769
11777
11780
11782
11798
11799
11807
11808
11812
11814
11818
11836
11837
11849
11860
11866
11873
11881
11886
11890
11891
11897
11903
11918
11930
11940
11941
11943
11948
11960
11963
11964
11965
11968
11973
11983
11995
11999
12001
12003
12009
12011
12013
12014
12016
12021
12027
12043
12047
12053
12055
12060
12061
12062
12066
12067
12069
12079
12080
12081
12083
12086
12087
12091
12100
12101
12104
12111
12112
12117
12118
12121
12122
12123
12124
12126
12128
12133
12135
12137
12138
12139
12140
12142
12144
12146
12149
12150
12155
12157
12158
12163
12164
12165
12169
12170
12172
12178
12179
12182
12184
12191
12194
12195
12197
12203
12206
12207
12208
12210
12211
12212
12214
12215
12218
12225
12227
12231
12233
12234
12237
12242
12243
12247
12248
12251
12252
12253
12259
12263
12264
12265
12276
12277
12281
12288
12289
12293
12296
12297
12299
12302
12304
12310
12316
12320
12321
12322
12323
12325
12341
12349
12353
12355
12358
12359
12362
12363
12367
12377
12385
12386
12387
12405
12406
12413
12419
12424
12429
12431
12433
12434
12442
12446
12448
12467
12470
12475
12482
12483
12499
12506
12508
12511
12512
12513
12515
12516
12517
12518
12520
12521
12523
12526
12530
12531
12532
12533
12534
12538
12539
12540
12542
12548
12554
12555
12558
12561
12562
12563
12568
12569
12570
12571
12573
12576
12582
12583
12584
12585
12587
12589
12591
12594
12605
12606
12610
12618
12638
12649
12650
12653
12659
12664
12670
12674
12676
12677
12680
12682
12693
12699
12701
12702
12705
12706
12713
12715
12716
12726
12733
12737
12738
12740
12746
12747
12751
12756
12757
12760
12762
12764
12774
12784
12785
12786
12789
12791
12798
12799
12800
12803
12810
12825
12826
12833
12855
12856
12857
12858
12862
12863
12870
12876
12879
12887
12891
12895
12897
12902
12906
12907
12908
12910
12914
12915
12919
12922
12925
12926
12927
12930
12946
12948
12950
12952
12954
12958
12960
12962
12963
12965
12968
12969
12970
12971
12975
12977
12980
12983
12991
12995
12998
13001
13017
13019
13028
13035
13037
13039
13044
13061
13062
13068
13070
13071
13076
13077
13085
13088
13092
13097
13098
13101
13102
13103
13108
13112
13113
13117
13121
13123
13124
13131
13134
13137
13138
13145
13149
13150
13155
13156
13162
13163
13166
13169
13171
13174
13189
13190
13196
13200
13202
13203
13209
13212
13216
13217
13222
13223
13224
13227
13231
13235
13236
13238
13240
13241
13248
13255
13258
13260
13262
13263
13265
13267
13273
13281
13282
13288
13289
13291
13296
13298
13300
13302
13303
13304
13306
13309
13312
13313
13315
13317
13318
13319
13327
13328
13329
13331
13332
13339
13341
13345
13353
13354
13362
13371
13385
13389
13400
13409
13415
13417
13418
13419
13426
13427
13431
13432
13433
13435
13438
13440
13441
13455
13468
13472
13479
13481
13483
13485
13488
13491
13495
13496
13511
13512
13514
13517
13520
13523
13532
13536
13545
13554
13557
13559
13562
13564
13566
13570
13571
13572
13577
13578
13581
13583
13584
13586
13591
13599
13600
13602
13610
13611
13612
13615
13616
13629
13630
13637
13639
13644
13645
13646
13647
13648
13650
13651
13652
13654
13656
13658
13661
13663
13664
13673
13674
13679
13684
13685
13686
13687
13688
13689
13690
13691
13695
13708
13711
13713
13714
13715
13718
13731
13732
13733
13740
13741
13746
13750
13755
13760
13767
13768
13770
13776
13783
13796
13804
13805
13806
13807
13809
13812
13813
13837
13843
13847
13848
13850
13854
13856
13858
13869
13870
13873
13875
13877
13881
13886
13890
13893
13897
13906
13912
13915
13917
13919
13920
13927
13934
13938
13942
13945
13947
13951
13961
13974
13975
13978
13980
13983
13986
13989
13990
13997
14000
14003
14006
14014
14015
14016
14032
14038
14052
14059
14065
14070
14077
14089
14103
14109
14112
14113
14117
14121
14123
14124
14133
14136
14143
14152
14157
14160
14165
14168
14174
14191
14192
14193
14208
14217
14219
14226
14239
14244
14255
14263
14265
14272
14279
14280
14281
14284
14289
14306
14312
14317
14319
14329
14334
14335
14337
14344
14356
14359
14360
14363
14367
14373
14379
14383
14386
14392
14396
14405
14413
14419
14441
14447
14451
14454
14468
14474
14490
14526
14527
14529
14536
14540
14543
14552
14554
14557
14558
14559
14561
14564
14574
14583
14593
14594
14597
14602
14603
14608
14611
14612
14614
14615
14617
14619
14621
14623
14626
14627
14642
14646
14647
14648
14650
14652
14653
14657
14659
14662
14663
14664
14665
14669
14670
14671
14675
14676
14677
14678
14697
14704
14708
14713
14720
14721
14726
14731
14733
14734
14736
14739
14740
14742
14745
14746
14747
14751
14753
14756
14760
14761
14765
14766
14768
14788
14792
14796
14798
14799
14802
14808
14811
14812
14813
14819
14827
14830
14831
14832
14834
14841
14843
14844
14850
14852
14853
14858
14859
14863
14864
14866
14867
14868
14869
14877
14878
14880
14882
14883
14884
14885
14891
14900
14901
14903
14904
14907
14915
14918
14919
14925
14926
14927
14929
14932
14939
14942
14945
14947
14952
14953
14955
14957
14963
14968
14969
14971
14976
14978
14979
14980
14981
14982
14983
14987
14988
14995
14996
15000
15001
15002
15003
15006
15007
15010
15011
15024
15029
15033
15034
15035
15040
15050
15051
15055
15056
15066
15067
15071
15072
15076
15082
15086
15087
15095
15097
15110
15115
15119
15127
15130
15134
15135
15140
15142
15144
15153
15158
15159
15163
15168
15180
15183
15184
15186
15191
15208
15210
15213
15220
15226
15239
15243
15244
15245
15246
15249
15252
15258
15273
15274
15275
15278
15289
15293
15294
15298
15303
15307
15308
15310
15319
15321
15337
15338
15344
15346
15347
15348
15350
15353
15357
15361
15367
15373
15379
15383
15384
15388
15395
15398
15404
15405
15409
15421
15422
15427
15429
15436
15439
15444
15445
15463
15468
15478
15484
15485
15500
15503
15507
15508
15515
15525
15526
15532
15533
15535
15543
15549
15555
15556
15557
15559
15570
15579
15581
15591
15596
15597
15599
15621
15627
15629
15642
15645
15646
15648
15650
15661
15663
15666
15668
15676
15677
15682
15689
15691
15714
15717
15723
15739
15742
15745
15746
15750
15764
15767
15771
15777
15782
15783
15789
15826
15834
15839
15846
15847
15851
15858
15862
15870
15881
15883
15911
15912
15914
15917
15918
15920
15934
15942
15944
15945
15947
15948
15960
15964
15976
15980
15981
15983
15997
16000
16019
16026
16035
16049
16051
16054
16056
16063
16071
16083
16087
16089
16094
16096
16102
16108
16112
16116
16117
16131
16152
16153
16155
16158
16159
16162
16164
16171
16193
16196
16199
16201
16206
16220
16227
16228
16238
16241
16265
16267
16269
16272
16276
16277
16281
16285
16296
16297
16299
16301
16312
16320
16341
16346
16350
16352
16355
16356
16357
16362
16365
16368
16371
16372
16373
16377
16380
16384
16386
16389
16390
16397
16399
16401
16407
16408
16421
16422
16429
16430
16437
16439
16440
16443
16446
16449
16450
16453
16469
16478
16479
16481
16482
16484
16494
16500
16504
16510
16517
16524
16525
16530
16536
16546
16548
16551
16554
16556
16575
16590
16596
16597
16602
16605
16609
16613
16620
16625
16629
16638
16644
16646
16647
16678
16685
16695
16704
16705
16706
16710
16719
16734
16739
16742
16753
16755
16763
16765
16771
16783
16784
16792
16807
16808
16814
16829
16830
16831
16832
16835
16892
16916
16918
16946
16949
16950
16984
17007
17068
17096
17097
17102
17105
17116
17117
17122
17134
17141
17144
17153
17155
17159
17169
17178
17210
17221
17248
17251
17252
17253
17254
17255
17256
17257
17259
17261
17263
17265
17266
17267
17268
17269
17270
17271
17272
17273
17275
17278
17280
17282
17285
17286
17287
17288
17289
17292
17293
17295
17296
17297
17298
17299
17300
17304
17305
17308
17309
17310
17322
17326
17334
17356
17384
17386
17416
17419
17420
17425
17427
17430
17440
17471
17476
17480
17487
17490
17493
17506
17508
17514
17515
17516
17539
17540
17545
17556
17565
17566
17570
17572
17575
17593
17596
17628
17631
17640
17654
17661
17665
17668
17697
17747
17750
17751
17769
17779
17792
17798
17802
17820
17821
17822
17824
17852
17853
17857
17858
17876
17877
17878
17890
17928
17931
17934
17942
17945
17947
17951
17972
17988
18008
18011
18017
18042
18051
18052
18053
18055
18056
18057
18062
18063
18064
18065
18066
18067
18071
18075
18081
18083
18084
18087
18088
18092
18093
18095
18097
18098
18099
18100
18101
18103
18105
18106
18107
18108
18109
18110
18111
18112
18113
18114
18115
18116
18117
18118
18119
18120
18121
18122
18123
18124
18125
18126
18127
18128
18129
18130
18131
18133
18134
18135
18136
18137
18138
18139
18141
18142
18143
18144
18146
18152
18153
18156
18168
18169
18170
18171
18173
18175
18176
18177
18178
18179
18181
18182
18183
18184
18185
18186
18187
18189
18194
18196
18201
18202
18203
18204
18205
18206
18207
18210
18211
18212
18213
18214
18216
18217
18218
18219
18220
18221
18222
18223
18224
18225
18227
18228
18229
18230
18238
18239
18241
18242
18243
18250
18259
18261
18262
18263
18266
18270
18271
18275
18283
18286
18288
18295
18297
18298
18301
18306
18307
18315
18316
18318
18319
18321
18332
18334
18337
18338
18339
18341
18342
18345
18346
18349
18350
18351
18354
18366
18368
18377
18379
18388
18391
18396
18404
18410
18423
18425
18433
18456
18463
18464
18472
18474
18476
18482
18483
18485
18487
18497
18503
18504
18515
18517
18520
18528
18542
18550
18553
18556
18566
18570
18574
18575
18583
18588
18590
18591
18592
18595
18600
18601
18614
18616
18622
18624
18647
18648
18652
18672
18673
18676
18681
18682
18694
18696
18704
18708
18709
18711
18712
18721
18727
18733
18738
18746
18749
18750
18759
18761
18762
18768
18778
18789
18793
18799
18805
18806
18811
18812
18816
18825
18827
18829
18839
18847
18849
18859
18863
18873
18878
18890
18891
18895
18898
18903
18927
18943
18969
18977
18978
18981
18987
18988
18990
18996
19009
19011
19012
19020
19035
19047
19100
19112
19114
19116
19130
19138
19147
19183
19203
19222
19225
19226
19229
19233
19269
19270
19283
19292
19298
19301
19309
19351
19360
19383
19436
19441
19534
19539
19552
19638
19659
19708
19721
19747
19754
19778
19839
19844
19850
19879
19915
