0
1
2
3
5
7
8
9
10
11
13
14
15
16
17
18
19
20
21
23
24
25
26
27
29
30
31
34
35
36
37
38
39
41
42
44
45
46
47
48
49
51
52
53
54
55
56
57
58
60
61
62
63
64
65
66
67
68
69
70
71
72
73
74
75
76
77
78
81
82
83
84
85
86
87
88
89
90
91
92
93
94
95
97
98
99
101
103
106
107
108
109
110
111
112
113
114
115
116
117
118
119
120
122
123
124
125
126
127
128
129
130
131
132
133
134
135
136
137
138
140
141
142
143
145
146
147
148
151
152
153
155
156
157
159
162
163
164
165
166
167
168
170
171
172
173
174
175
176
177
178
179
180
181
182
183
185
186
187
188
189
190
191
192
193
195
196
197
198
200
201
203
204
205
206
207
209
210
211
212
213
214
215
216
217
218
219
221
222
224
226
228
229
230
232
233
234
235
236
237
239
240
241
242
243
247
248
250
253
254
255
257
258
259
260
262
263
264
265
267
268
269
270
271
272
273
274
275
276
277
278
279
280
282
283
284
285
286
287
288
290
293
294
295
296
297
300
302
303
304
305
306
307
308
310
312
313
314
315
317
320
321
322
323
325
326
330
333
334
336
338
339
340
342
344
345
347
348
349
350
351
352
353
355
356
357
358
359
360
361
362
363
366
367
368
370
371
372
373
374
375
376
377
378
379
380
381
383
385
386
387
388
389
393
394
395
398
402
403
405
408
409
410
412
414
417
419
420
421
422
423
424
425
426
427
428
429
431
432
433
435
436
437
438
439
440
441
442
445
446
448
449
450
451
453
454
456
457
458
459
463
464
465
468
469
470
471
473
474
475
476
477
479
480
481
482
483
485
487
488
490
491
492
493
494
495
496
500
501
502
503
504
505
506
508
510
511
513
514
516
517
518
519
520
521
522
523
525
526
527
529
530
531
532
533
534
536
537
538
539
540
541
542
543
544
546
547
548
549
551
552
553
554
555
557
558
562
563
564
566
567
569
570
573
576
579
581
582
585
586
587
588
589
590
592
593
594
596
598
599
600
601
602
603
604
607
608
609
610
611
612
613
614
617
618
619
622
623
625
626
627
628
629
631
632
635
636
638
640
641
642
644
645
646
648
649
650
651
652
653
656
658
659
661
662
663
664
665
666
668
669
670
671
672
673
675
677
678
679
680
681
682
683
684
685
686
687
688
689
690
691
692
693
694
695
696
697
698
699
700
701
702
703
704
707
708
709
710
711
712
714
715
717
718
719
720
721
722
723
724
725
727
728
730
731
732
733
734
735
736
737
738
739
741
742
743
744
745
746
748
750
751
752
753
754
755
756
758
759
760
762
765
768
769
770
772
773
774
776
777
778
779
780
781
782
783
785
786
787
788
789
790
792
793
794
795
796
798
799
800
801
802
803
804
805
806
807
808
809
810
811
813
814
815
817
818
819
820
822
824
825
826
827
829
830
832
836
837
838
839
841
843
844
845
846
847
848
849
850
851
854
855
857
858
859
860
861
862
863
864
865
867
869
870
872
873
875
876
877
878
879
880
882
883
884
885
886
887
888
889
891
892
895
896
898
899
900
901
902
903
904
905
906
908
909
911
912
913
917
918
919
920
921
922
923
924
926
927
928
929
930
932
934
936
937
938
940
941
942
943
944
946
947
948
949
951
952
953
954
955
956
957
958
960
961
963
966
967
968
969
970
973
974
975
977
978
980
981
982
983
984
986
987
988
990
991
992
997
999
1000
1003
1004
1005
1006
1008
1009
1011
1012
1013
1014
1015
1016
1017
1018
1019
1020
1023
1024
1025
1027
1028
1029
1030
1031
1032
1033
1034
1035
1037
1038
1040
1041
1043
1044
1045
1049
1050
1051
1052
1055
1056
1057
1062
1063
1064
1066
1069
1070
1071
1072
1073
1074
1076
1077
1078
1080
1082
1083
1084
1085
1086
1087
1088
1089
1091
1092
1094
1097
1098
1102
1103
1104
1105
1106
1107
1108
1109
1110
1111
1112
1113
1114
1117
1122
1123
1124
1125
1126
1129
1132
1133
1139
1140
1141
1143
1144
1145
1146
1149
1150
1152
1153
1154
1156
1158
1159
1160
1161
1162
1163
1164
1165
1166
1167
1169
1178
1179
1180
1181
1182
1184
1186
1187
1189
1190
1191
1192
1197
1198
1199
1200
1201
1204
1206
1207
1208
1209
1210
1212
1213
1214
1215
1216
1217
1218
1219
1220
1223
1224
1225
1227
1228
1229
1231
1234
1235
1237
1238
1242
1243
1244
1245
1246
1248
1249
1250
1251
1253
1254
1256
1257
1258
1259
1260
1264
1265
1268
1269
1270
1271
1272
1274
1275
1276
1277
1278
1279
1285
1286
1287
1288
1290
1291
1292
1295
1296
1297
1299
1302
1306
1308
1311
1312
1315
1316
1317
1320
1321
1322
1323
1324
1325
1326
1327
1328
1331
1332
1333
1334
1335
1338
1339
1347
1348
1349
1350
1351
1353
1354
1355
1356
1357
1358
1359
1361
1362
1364
1365
1367
1368
1369
1370
1372
1373
1375
1378
1379
1380
1381
1383
1385
1386
1387
1389
1390
1394
1395
1396
1398
1399
1400
1402
1403
1404
1406
1409
1410
1411
1413
1418
1419
1425
1426
1427
1429
1430
1431
1432
1433
1434
1435
1436
1437
1438
1440
1442
1443
1444
1447
1450
1451
1456
1457
1458
1463
1464
1465
1466
1469
1470
1472
1473
1474
1476
1477
1479
1480
1481
1485
1487
1489
1490
1492
1494
1495
1497
1498
1499
1500
1502
1503
1504
1506
1507
1508
1509
1512
1513
1514
1515
1516
1518
1521
1522
1523
1526
1527
1528
1529
1536
1541
1545
1546
1548
1549
1550
1551
1552
1554
1556
1558
1561
1562
1563
1564
1565
1566
1567
1568
1570
1571
1572
1576
1579
1580
1581
1584
1587
1589
1590
1592
1593
1594
1595
1596
1597
1598
1599
1600
1603
1604
1606
1608
1610
1613
1616
1618
1619
1620
1621
1622
1623
1624
1625
1627
1628
1629
1632
1633
1637
1639
1641
1643
1644
1645
1646
1647
1654
1655
1656
1659
1661
1665
1668
1669
1670
1671
1677
1678
1679
1680
1682
1683
1684
1687
1688
1690
1692
1693
1696
1697
1699
1704
1705
1706
1708
1709
1710
1711
1712
1713
1714
1716
1719
1720
1722
1726
1727
1729
1731
1732
1733
1735
1736
1738
1739
1742
1743
1744
1745
1746
1747
1753
1755
1758
1760
1761
1762
1763
1764
1766
1769
1770
1771
1772
1773
1774
1777
1778
1781
1784
1787
1788
1789
1791
1792
1794
1795
1798
1799
1802
1805
1808
1809
1810
1811
1812
1814
1818
1819
1821
1822
1823
1828
1830
1831
1832
1833
1834
1835
1836
1837
1841
1844
1845
1848
1850
1852
1853
1856
1857
1859
1860
1866
1867
1869
1870
1871
1874
1875
1876
1880
1881
1884
1885
1887
1889
1891
1894
1895
1896
1897
1900
1901
1902
1903
1904
1905
1906
1907
1909
1910
1911
1917
1918
1919
1920
1922
1923
1925
1927
1929
1931
1932
1933
1935
1936
1937
1938
1939
1940
1944
1945
1946
1947
1948
1950
1951
1952
1956
1957
1958
1959
1960
1962
1966
1967
1968
1969
1970
1972
1973
1976
1977
1979
1980
1981
1982
1983
1984
1985
1986
1987
1989
1990
1991
1992
1996
1997
1999
2003
2004
2006
2008
2009
2012
2013
2014
2015
2017
2019
2021
2022
2025
2026
2027
2028
2029
2030
2031
2032
2033
2036
2037
2038
2039
2040
2041
2043
2046
2047
2048
2050
2051
2052
2053
2055
2058
2061
2062
2064
2066
2067
2068
2070
2071
2073
2076
2079
2084
2085
2086
2087
2088
2089
2090
2092
2093
2097
2098
2099
2100
2102
2103
2104
2105
2107
2109
2111
2114
2115
2116
2118
2123
2124
2125
2127
2128
2129
2130
2131
2132
2133
2134
2135
2136
2137
2140
2144
2148
2150
2151
2154
2155
2157
2158
2159
2160
2161
2162
2165
2167
2168
2171
2172
2173
2174
2175
2176
2177
2178
2179
2183
2187
2188
2189
2190
2193
2194
2196
2197
2199
2200
2202
2204
2205
2208
2209
2211
2212
2214
2218
2219
2224
2225
2227
2229
2232
2233
2234
2237
2238
2239
2240
2246
2247
2248
2249
2251
2253
2254
2255
2256
2259
2260
2262
2264
2265
2266
2268
2269
2270
2271
2273
2276
2277
2279
2290
2293
2296
2299
2300
2301
2308
2309
2310
2311
2321
2322
2323
2324
2327
2328
2329
2330
2333
2334
2336
2337
2338
2341
2344
2352
2354
2355
2358
2359
2360
2362
2363
2364
2365
2366
2367
2368
2369
2370
2371
2373
2376
2377
2378
2379
2380
2381
2385
2387
2392
2393
2394
2396
2400
2401
2402
2403
2407
2408
2410
2411
2412
2416
2417
2418
2419
2422
2424
2425
2427
2429
2430
2432
2434
2435
2436
2437
2438
2440
2443
2444
2445
2446
2447
2448
2450
2452
2453
2455
2456
2458
2460
2463
2464
2466
2467
2469
2472
2473
2477
2486
2487
2489
2491
2492
2493
2494
2498
2499
2501
2502
2506
2508
2509
2510
2511
2513
2514
2515
2516
2517
2518
2520
2521
2523
2526
2527
2528
2529
2530
2531
2532
2533
2534
2536
2537
2538
2539
2541
2543
2545
2546
2548
2549
2550
2551
2552
2553
2555
2556
2557
2558
2559
2561
2562
2563
2565
2566
2567
2568
2569
2570
2571
2573
2574
2575
2576
2581
2582
2585
2587
2588
2590
2592
2593
2594
2595
2596
2597
2598
2599
2600
2601
2602
2603
2604
2605
2606
2608
2610
2611
2612
2614
2615
2616
2618
2619
2622
2623
2624
2625
2627
2628
2629
2633
2634
2635
2636
2637
2638
2640
2641
2642
2643
2644
2645
2646
2647
2648
2649
2650
2651
2652
2653
2656
2657
2658
2659
2660
2661
2662
2663
2664
2665
2666
2667
2668
2669
2670
2671
2672
2673
2674
2676
2678
2680
2681
2682
2683
2684
2685
2686
2687
2688
2689
2690
2691
2692
2694
2696
2698
2699
2700
2701
2702
2703
2705
2710
2711
2712
2713
2714
2715
2716
2717
2718
2719
2720
2721
2723
2724
2725
2726
2727
2729
2732
2733
2734
2736
2738
2739
2740
2741
2742
2744
2746
2747
2748
2749
2750
2752
2753
2754
2755
2756
2757
2758
2759
2760
2761
2762
2763
2765
2766
2767
2768
2769
2770
2771
2772
2773
2774
2775
2777
2778
2779
2780
2781
2782
2783
2784
2786
2787
2788
2790
2792
2793
2794
2795
2796
2799
2801
2802
2803
2804
2805
2807
2808
2809
2810
2811
2813
2814
2815
2816
2817
2821
2822
2823
2824
2825
2827
2828
2829
2830
2832
2833
2836
2837
2838
2839
2840
2842
2843
2845
2846
2848
2850
2852
2853
2854
2857
2858
2860
2861
2863
2864
2865
2867
2868
2869
2870
2871
2872
2873
2874
2875
2876
2877
2878
2879
2882
2885
2888
2889
2890
2891
2893
2895
2897
2898
2900
2901
2902
2903
2904
2906
2907
2909
2910
2912
2914
2915
2916
2919
2920
2921
2922
2924
2926
2927
2928
2929
2930
2931
2932
2933
2934
2935
2937
2939
2940
2941
2944
2945
2947
2948
2949
2950
2952
2953
2954
2956
2957
2958
2959
2965
2967
2969
2970
2971
2972
2973
2974
2975
2976
2977
2978
2980
2981
2983
2985
2986
2987
2988
2989
2991
2992
2994
2995
2996
2997
2998
2999
3001
3002
3003
3004
3007
3008
3009
3010
3011
3012
3013
3014
3015
3018
3019
3020
3021
3022
3029
3030
3033
3034
3035
3037
3039
3042
3044
3046
3049
3050
3051
3053
3054
3055
3056
3057
3058
3059
3060
3061
3062
3065
3066
3067
3068
3069
3070
3071
3072
3073
3076
3078
3079
3080
3081
3083
3084
3085
3086
3087
3088
3089
3090
3091
3092
3094
3095
3096
3097
3098
3099
3100
3102
3104
3105
3106
3107
3108
3111
3112
3113
3114
3115
3116
3117
3118
3121
3123
3124
3126
3127
3128
3130
3131
3132
3133
3134
3136
3137
3139
3140
3141
3144
3145
3147
3150
3152
3153
3154
3156
3157
3158
3159
3160
3161
3162
3163
3164
3165
3166
3167
3168
3169
3170
3171
3172
3173
3174
3175
3176
3177
3183
3184
3185
3186
3187
3188
3189
3193
3194
3196
3199
3202
3205
3206
3207
3208
3209
3211
3213
3214
3215
3216
3217
3218
3222
3223
3224
3225
3228
3230
3232
3233
3234
3235
3237
3239
3242
3243
3244
3245
3248
3249
3250
3251
3253
3254
3256
3257
3258
3259
3261
3263
3264
3265
3266
3267
3269
3270
3271
3274
3275
3277
3278
3279
3281
3282
3284
3285
3286
3287
3288
3289
3290
3291
3292
3293
3295
3296
3298
3299
3301
3302
3308
3309
3310
3311
3312
3313
3314
3315
3316
3317
3319
3320
3322
3323
3324
3325
3327
3328
3330
3331
3332
3334
3336
3337
3340
3341
3342
3343
3344
3345
3346
3347
3349
3350
3351
3354
3357
3359
3361
3363
3365
3367
3368
3369
3370
3371
3372
3373
3375
3376
3377
3378
3379
3380
3382
3383
3384
3385
3386
3387
3388
3390
3391
3395
3398
3399
3400
3402
3403
3404
3405
3406
3407
3409
3410
3412
3413
3414
3415
3416
3418
3419
3420
3421
3422
3424
3426
3427
3428
3429
3430
3431
3432
3435
3436
3437
3438
3439
3441
3442
3443
3447
3448
3449
3450
3451
3452
3453
3454
3455
3456
3457
3459
3461
3462
3463
3465
3466
3467
3468
3470
3471
3472
3473
3474
3475
3476
3477
3478
3479
3480
3481
3482
3483
3484
3485
3486
3487
3489
3491
3493
3495
3496
3504
3506
3507
3508
3509
3510
3511
3512
3513
3514
3515
3516
3517
3518
3519
3521
3522
3523
3524
3525
3526
3527
3529
3530
3532
3533
3534
3535
3536
3539
3540
3541
3542
3543
3544
3545
3547
3548
3550
3551
3552
3553
3556
3557
3558
3559
3560
3561
3563
3564
3565
3566
3567
3568
3570
3571
3572
3573
3574
3576
3578
3579
3580
3581
3582
3583
3584
3589
3590
3591
3592
3593
3594
3595
3596
3597
3598
3599
3600
3601
3602
3603
3604
3605
3606
3607
3608
3609
3611
3612
3613
3614
3615
3616
3617
3618
3619
3620
3621
3623
3624
3625
3626
3627
3630
3632
3634
3635
3638
3639
3642
3643
3646
3647
3648
3649
3650
3651
3652
3654
3655
3657
3658
3659
3660
3665
3666
3667
3668
3670
3671
3672
3673
3674
3676
3679
3682
3683
3685
3686
3688
3689
3690
3691
3693
3694
3695
3696
3697
3698
3699
3700
3701
3702
3703
3704
3705
3706
3707
3708
3709
3711
3713
3714
3715
3716
3717
3718
3719
3721
3722
3723
3725
3727
3728
3729
3730
3731
3732
3733
3734
3735
3737
3738
3739
3740
3742
3743
3744
3746
3747
3748
3749
3750
3751
3752
3753
3755
3756
3757
3758
3759
3760
3761
3763
3764
3766
3767
3768
3769
3770
3772
3773
3774
3776
3777
3778
3780
3782
3783
3785
3786
3789
3790
3791
3795
3796
3798
3799
3800
3801
3802
3803
3804
3806
3808
3809
3813
3814
3815
3816
3817
3818
3819
3820
3821
3823
3824
3825
3827
3828
3829
3831
3833
3834
3836
3838
3839
3840
3841
3842
3844
3845
3846
3847
3848
3849
3850
3852
3854
3855
3856
3857
3858
3859
3860
3861
3862
3863
3864
3865
3866
3867
3868
3869
3870
3871
3872
3873
3874
3879
3880
3881
3884
3885
3886
3887
3889
3890
3894
3897
3898
3899
3900
3901
3902
3906
3907
3908
3910
3911
3912
3913
3915
3916
3919
3921
3922
3923
3924
3927
3930
3931
3932
3933
3934
3935
3937
3938
3939
3940
3943
3944
3945
3946
3947
3948
3949
3952
3953
3954
3955
3958
3961
3962
3963
3965
3967
3968
3969
3970
3972
3974
3980
3981
3982
3983
3984
3987
3988
3989
3991
3993
3994
3997
3999
4001
4003
4004
4005
4006
4007
4008
4010
4011
4012
4013
4014
4015
4016
4017
4018
4019
4020
4021
4022
4023
4024
4027
4030
4032
4033
4034
4036
4038
4039
4041
4042
4043
4045
4046
4048
4050
4052
4053
4054
4055
4058
4059
4060
4061
4062
4066
4067
4069
4070
4071
4073
4075
4077
4080
4082
4084
4085
4086
4087
4088
4089
4090
4091
4096
4098
4100
4101
4103
4104
4105
4107
4108
4109
4110
4111
4113
4115
4118
4119
4120
4121
4122
4123
4124
4125
4127
4129
4130
4131
4134
4136
4137
4139
4141
4142
4143
4145
4146
4147
4148
4149
4152
4153
4154
4155
4156
4157
4159
4160
4161
4163
4165
4169
4171
4172
4173
4175
4179
4180
4182
4183
4184
4185
4186
4188
4190
4191
4192
4193
4194
4196
4197
4198
4200
4201
4205
4208
4209
4210
4211
4215
4216
4217
4218
4219
4220
4221
4223
4224
4225
4226
4228
4229
4230
4231
4232
4233
4234
4235
4236
4237
4238
4239
4240
4241
4242
4243
4244
4245
4248
4250
4251
4252
4253
4255
4256
4257
4258
4260
4263
4264
4265
4266
4268
4269
4270
4271
4273
4274
4275
4276
4278
4280
4283
4290
4292
4293
4294
4297
4298
4300
4302
4303
4308
4309
4310
4311
4312
4313
4315
4316
4321
4322
4323
4324
4328
4329
4330
4331
4335
4336
4337
4339
4340
4341
4347
4348
4351
4352
4353
4354
4355
4358
4359
4360
4362
4363
4364
4365
4366
4367
4368
4369
4371
4374
4375
4378
4379
4381
4382
4383
4384
4387
4388
4389
4390
4391
4393
4395
4396
4397
4398
4399
4400
4402
4403
4405
4406
4408
4409
4415
4418
4419
4420
4421
4422
4423
4424
4425
4426
4427
4430
4432
4434
4436
4437
4439
4441
4443
4444
4445
4446
4447
4448
4452
4453
4454
4455
4456
4466
4467
4469
4470
4471
4472
4474
4475
4476
4477
4478
4479
4481
4483
4485
4486
4487
4489
4490
4491
4493
4494
4495
4496
4497
4501
4502
4503
4510
4511
4513
4515
4517
4518
4519
4522
4523
4526
4527
4528
4529
4531
4532
4536
4537
4539
4540
4543
4544
4545
4546
4548
4549
4551
4554
4555
4556
4558
4559
4560
4561
4562
4563
4566
4567
4568
4569
4571
4572
4574
4576
4577
4578
4579
4582
4588
4590
4593
4595
4596
4597
4598
4600
4602
4603
4604
4607
4611
4612
4614
4616
4617
4618
4619
4621
4622
4623
4624
4626
4628
4630
4631
4632
4634
4635
4636
4637
4641
4642
4643
4644
4645
4646
4647
4648
4649
4650
4651
4652
4655
4658
4659
4660
4661
4662
4663
4666
4668
4670
4671
4674
4676
4677
4678
4679
4681
4683
4685
4687
4688
4690
4691
4692
4693
4694
4695
4696
4697
4699
4701
4702
4703
4704
4705
4706
4707
4708
4709
4710
4712
4713
4715
4716
4717
4718
4719
4722
4723
4725
4726
4727
4728
4734
4735
4736
4742
4744
4749
4753
4755
4756
4757
4759
4761
4763
4764
4765
4766
4768
4769
4770
4774
4776
4778
4779
4780
4781
4782
4787
4788
4790
4791
4794
4795
4797
4798
4802
4803
4804
4806
4808
4809
4810
4811
4812
4813
4815
4816
4817
4819
4820
4821
4825
4826
4827
4828
4829
4830
4833
4834
4836
4837
4838
4839
4840
4841
4843
4846
4847
4850
4851
4853
4858
4860
4861
4862
4864
4865
4868
4869
4871
4873
4877
4878
4879
4881
4882
4883
4884
4886
4887
4888
4889
4891
4894
4896
4898
4900
4901
4906
4907
4908
4909
4910
4912
4913
4914
4915
4917
4918
4919
4920
4922
4923
4924
4925
4926
4927
4928
4930
4931
4932
4935
4936
4938
4940
4941
4942
4943
4944
4945
4946
4952
4953
4954
4955
4957
4959
4961
4962
4963
4964
4965
4967
4968
4969
4970
4971
4972
4973
4975
4976
4977
4979
4981
4983
4988
4993
4994
4996
4997
4998
5001
5002
5005
5006
5007
5008
5010
5011
5012
5013
5016
5019
5022
5025
5029
5030
5031
5033
5035
5036
5038
5040
5041
5042
5045
5046
5047
5048
5051
5052
5056
5061
5063
5064
5065
5066
5069
5071
5074
5075
5076
5079
5081
5082
5083
5084
5087
5090
5095
5097
5098
5099
5101
5102
5103
5105
5108
5109
5110
5111
5112
5114
5116
5119
5120
5121
5123
5124
5125
5130
5131
5133
5135
5137
5138
5141
5148
5151
5152
5153
5156
5158
5160
5164
5167
5168
5170
5172
5176
5177
5179
5181
5183
5186
5187
5189
5190
5191
5192
5193
5195
5197
5199
5204
5205
5210
5212
5216
5221
5222
5223
5226
5227
5228
5230
5231
5233
5234
5235
5238
5240
5243
5244
5245
5247
5248
5250
5252
5254
5258
5259
5260
5261
5263
5264
5265
5267
5268
5270
5271
5272
5273
5274
5275
5277
5280
5282
5285
5286
5287
5288
5289
5290
5291
5292
5293
5294
5297
5301
5304
5305
5306
5309
5310
5311
5312
5316
5317
5319
5322
5323
5325
5326
5327
5328
5330
5331
5332
5334
5335
5338
5340
5342
5344
5347
5350
5351
5352
5356
5358
5359
5360
5361
5363
5364
5365
5366
5367
5369
5370
5373
5375
5376
5378
5379
5380
5381
5382
5384
5387
5388
5390
5392
5395
5398
5399
5400
5402
5403
5405
5407
5408
5409
5412
5413
5415
5416
5417
5418
5419
5421
5422
5423
5424
5425
5428
5432
5435
5436
5437
5438
5442
5443
5446
5449
5450
5452
5454
5456
5457
5458
5460
5461
5462
5463
5464
5465
5466
5470
5471
5472
5473
5475
5476
5477
5478
5479
5480
5481
5483
5484
5486
5487
5489
5491
5492
5493
5494
5496
5497
5499
5502
5503
5504
5505
5508
5510
5511
5512
5513
5515
5516
5517
5519
5520
5521
5523
5526
5528
5529
5530
5531
5532
5533
5534
5535
5536
5544
5546
5549
5550
5551
5553
5554
5555
5556
5557
5559
5560
5562
5563
5564
5565
5566
5567
5570
5571
5572
5573
5574
5575
5576
5579
5580
5581
5583
5584
5585
5586
5589
5590
5591
5592
5593
5596
5597
5598
5599
5600
5601
5603
5605
5606
5608
5611
5614
5615
5617
5618
5621
5623
5624
5625
5626
5630
5631
5634
5635
5638
5639
5640
5642
5643
5644
5645
5646
5648
5649
5651
5652
5653
5654
5657
5658
5660
5661
5663
5664
5668
5669
5670
5671
5673
5674
5675
5676
5678
5679
5680
5681
5683
5684
5685
5686
5688
5689
5690
5691
5692
5699
5700
5701
5702
5705
5706
5708
5709
5712
5715
5717
5719
5720
5721
5722
5723
5724
5726
5727
5730
5734
5735
5736
5737
5738
5742
5743
5745
5747
5749
5750
5751
5754
5755
5758
5759
5760
5763
5764
5765
5766
5767
5768
5770
5773
5776
5778
5779
5783
5784
5789
5790
5791
5792
5793
5794
5795
5796
5797
5798
5799
5803
5804
5805
5806
5810
5811
5812
5813
5814
5815
5816
5817
5818
5820
5823
5826
5827
5828
5829
5831
5832
5833
5834
5835
5836
5837
5838
5840
5842
5843
5845
5847
5848
5850
5851
5853
5855
5856
5858
5860
5861
5862
5867
5868
5869
5871
5874
5875
5876
5878
5879
5880
5882
5883
5884
5885
5888
5890
5891
5894
5897
5898
5901
5903
5906
5911
5915
5916
5917
5918
5919
5920
5921
5922
5923
5925
5926
5927
5929
5930
5931
5932
5934
5939
5942
5945
5946
5947
5948
5949
5950
5952
5953
5955
5956
5957
5958
5959
5960
5961
5962
5963
5966
5967
5968
5969
5971
5972
5974
5975
5976
5977
5980
5983
5985
5987
5988
5990
5992
5993
5994
5995
5996
5997
5999
6000
6005
6007
6009
6011
6012
6013
6015
6019
6020
6022
6023
6026
6027
6028
6031
6032
6033
6034
6036
6037
6039
6040
6041
6042
6043
6044
6045
6046
6048
6050
6052
6053
6054
6055
6056
6057
6061
6062
6063
6064
6066
6067
6073
6076
6077
6080
6081
6085
6086
6087
6088
6089
6091
6092
6093
6094
6096
6100
6101
6103
6104
6106
6107
6108
6109
6110
6111
6112
6113
6117
6118
6120
6121
6122
6123
6124
6125
6126
6128
6130
6133
6134
6135
6136
6137
6138
6139
6140
6142
6143
6145
6146
6147
6148
6149
6150
6153
6156
6157
6159
6160
6161
6162
6164
6166
6170
6171
6172
6173
6174
6175
6178
6179
6181
6182
6183
6184
6185
6186
6189
6193
6196
6199
6200
6202
6204
6205
6206
6207
6209
6211
6212
6213
6214
6215
6217
6218
6219
6220
6222
6223
6224
6225
6227
6228
6230
6234
6235
6239
6241
6242
6243
6245
6246
6247
6250
6251
6253
6254
6255
6259
6261
6263
6267
6271
6272
6273
6274
6275
6276
6277
6278
6281
6283
6284
6286
6287
6289
6290
6291
6293
6295
6297
6298
6299
6302
6303
6304
6307
6309
6310
6311
6312
6314
6316
6317
6321
6322
6323
6324
6326
6328
6331
6337
6339
6340
6341
6342
6343
6344
6348
6349
6350
6351
6352
6353
6354
6357
6358
6361
6362
6363
6364
6365
6366
6369
6370
6371
6372
6373
6374
6375
6379
6383
6384
6385
6389
6391
6392
6393
6396
6399
6401
6403
6405
6409
6410
6411
6412
6413
6414
6415
6416
6418
6419
6420
6422
6424
6425
6426
6427
6428
6430
6432
6433
6435
6438
6441
6450
6451
6453
6455
6456
6457
6458
6461
6462
6463
6466
6467
6468
6469
6473
6474
6480
6481
6485
6487
6488
6489
6491
6493
6495
6496
6502
6505
6506
6507
6508
6509
6512
6513
6515
6518
6519
6526
6529
6530
6531
6532
6533
6535
6536
6537
6539
6540
6542
6543
6548
6549
6550
6552
6553
6556
6558
6559
6560
6561
6564
6571
6576
6577
6578
6579
6580
6582
6584
6585
6586
6587
6589
6590
6592
6593
6594
6596
6597
6599
6600
6601
6602
6603
6609
6610
6612
6613
6615
6616
6619
6621
6624
6626
6627
6628
6629
6631
6632
6637
6639
6641
6645
6646
6649
6650
6651
6652
6653
6655
6656
6657
6660
6662
6665
6666
6667
6668
6669
6671
6672
6673
6675
6676
6678
6679
6680
6682
6683
6685
6687
6689
6690
6691
6694
6695
6696
6697
6698
6700
6701
6702
6703
6704
6705
6706
6710
6711
6713
6715
6717
6718
6719
6720
6721
6722
6723
6725
6727
6728
6729
6730
6731
6734
6735
6736
6737
6738
6739
6740
6741
6743
6747
6749
6750
6751
6755
6756
6757
6761
6762
6764
6765
6767
6769
6772
6773
6781
6784
6786
6790
6791
6792
6795
6796
6797
6798
6800
6801
6802
6806
6807
6809
6810
6812
6813
6814
6816
6817
6818
6819
6820
6822
6823
6825
6826
6830
6833
6834
6836
6837
6842
6844
6845
6854
6857
6859
6862
6863
6865
6866
6869
6870
6871
6872
6874
6878
6879
6881
6883
6884
6885
6886
6889
6891
6894
6896
6897
6900
6903
6905
6906
6907
6910
6911
6913
6915
6916
6919
6920
6922
6924
6926
6927
6934
6935
6936
6937
6938
6939
6941
6943
6944
6948
6950
6953
6955
6956
6957
6958
6960
6963
6964
6965
6966
6967
6969
6970
6972
6973
6977
6980
6981
6982
6984
6990
6991
6992
6994
6995
6996
6999
7000
7002
7004
7005
7006
7009
7010
7011
7012
7013
7014
7015
7019
7020
7027
7029
7034
7035
7036
7037
7038
7040
7042
7044
7046
7048
7049
7050
7052
7054
7055
7056
7057
7061
7063
7064
7065
7066
7067
7068
7069
7073
7074
7079
7082
7086
7087
7089
7091
7093
7096
7098
7101
7103
7104
7108
7109
7110
7117
7122
7124
7125
7126
7128
7129
7130
7131
7132
7133
7134
7135
7136
7137
7141
7142
7143
7144
7146
7148
7152
7153
7154
7156
7158
7159
7163
7164
7165
7167
7173
7174
7175
7176
7177
7178
7179
7180
7181
7182
7183
7184
7186
7188
7189
7191
7193
7194
7198
7201
7202
7203
7205
7207
7208
7209
7210
7211
7213
7216
7217
7219
7220
7221
7222
7223
7224
7225
7226
7228
7230
7231
7232
7233
7235
7236
7239
7240
7241
7242
7243
7244
7245
7246
7249
7252
7253
7254
7256
7257
7259
7261
7267
7268
7271
7272
7273
7275
7276
7279
7280
7282
7284
7285
7286
7289
7290
7291
7292
7293
7294
7296
7297
7298
7300
7302
7306
7310
7311
7314
7320
7321
7322
7323
7325
7326
7328
7333
7338
7340
7341
7342
7343
7344
7345
7346
7349
7351
7352
7353
7358
7360
7362
7365
7366
7367
7369
7370
7371
7373
7374
7377
7378
7379
7382
7385
7386
7390
7393
7397
7398
7402
7403
7404
7405
7406
7409
7410
7419
7420
7422
7423
7428
7429
7430
7435
7439
7441
7442
7444
7446
7447
7449
7450
7451
7452
7455
7458
7461
7462
7465
7466
7468
7469
7470
7472
7473
7475
7476
7477
7478
7479
7480
7489
7491
7492
7494
7495
7496
7497
7499
7500
7501
7503
7505
7507
7508
7512
7513
7514
7517
7518
7523
7524
7525
7526
7529
7530
7531
7532
7533
7534
7535
7538
7539
7542
7544
7545
7547
7549
7550
7552
7553
7555
7557
7558
7559
7560
7562
7565
7567
7569
7570
7571
7572
7573
7574
7575
7576
7578
7579
7580
7582
7583
7584
7585
7586
7588
7589
7592
7593
7594
7595
7598
7599
7601
7602
7604
7605
7607
7608
7610
7611
7612
7614
7617
7618
7619
7620
7621
7624
7626
7627
7628
7630
7631
7633
7635
7636
7637
7638
7639
7640
7641
7642
7643
7645
7646
7647
7649
7650
7651
7657
7661
7662
7664
7665
7666
7668
7669
7671
7673
7674
7676
7677
7678
7680
7681
7683
7684
7686
7687
7688
7690
7691
7692
7694
7695
7699
7700
7703
7704
7706
7707
7708
7712
7713
7715
7717
7719
7720
7722
7724
7725
7727
7728
7729
7730
7732
7735
7739
7740
7741
7745
7746
7747
7748
7749
7756
7757
7758
7759
7761
7762
7766
7767
7768
7770
7772
7774
7775
7777
7778
7779
7780
7784
7785
7786
7787
7790
7793
7794
7795
7796
7797
7798
7800
7803
7804
7806
7807
7808
7809
7810
7811
7816
7817
7818
7819
7821
7822
7825
7827
7829
7830
7831
7832
7834
7835
7836
7837
7839
7840
7842
7844
7845
7847
7848
7849
7851
7852
7853
7855
7856
7857
7858
7862
7863
7864
7865
7867
7868
7869
7870
7871
7873
7874
7877
7878
7879
7880
7881
7882
7886
7891
7892
7893
7894
7895
7897
7898
7900
7905
7906
7907
7908
7910
7912
7913
7915
7916
7917
7918
7923
7924
7925
7926
7927
7928
7929
7930
7933
7934
7935
7939
7940
7941
7946
7947
7948
7950
7951
7952
7953
7954
7955
7956
7957
7958
7959
7960
7961
7962
7964
7968
7969
7970
7971
7972
7976
7977
7980
7981
7982
7984
7986
7987
7992
7993
7994
7995
7997
7998
7999
8002
8004
8006
8008
8009
8010
8014
8025
8026
8034
8035
8039
8040
8041
8042
8043
8044
8045
8047
8049
8051
8053
8054
8057
8058
8059
8060
8062
8063
8064
8065
8066
8068
8071
8072
8074
8076
8077
8078
8079
8080
8081
8083
8084
8087
8088
8089
8092
8093
8096
8099
8100
8102
8104
8105
8111
8112
8113
8115
8116
8117
8118
8119
8120
8123
8124
8129
8131
8133
8136
8137
8138
8141
8143
8144
8145
8146
8149
8150
8152
8153
8155
8157
8159
8160
8161
8164
8165
8166
8168
8169
8170
8174
8175
8177
8179
8181
8183
8192
8194
8195
8196
8198
8199
8200
8201
8203
8205
8208
8209
8211
8214
8215
8218
8221
8223
8227
8228
8229
8230
8232
8233
8234
8235
8236
8237
8239
8243
8245
8246
8248
8249
8251
8252
8253
8256
8257
8261
8264
8265
8268
8270
8271
8276
8277
8278
8279
8281
8282
8287
8291
8297
8300
8304
8306
8307
8312
8313
8314
8315
8317
8318
8320
8322
8324
8327
8329
8330
8331
8333
8335
8336
8337
8338
8339
8341
8342
8343
8345
8346
8347
8348
8349
8350
8354
8357
8358
8359
8360
8361
8362
8364
8365
8366
8367
8368
8369
8370
8371
8372
8373
8376
8377
8378
8379
8381
8382
8387
8389
8390
8392
8393
8394
8399
8400
8401
8403
8405
8410
8411
8412
8413
8415
8417
8418
8421
8423
8424
8428
8430
8432
8434
8437
8440
8441
8444
8449
8455
8456
8457
8458
8460
8461
8462
8463
8465
8467
8469
8470
8471
8472
8475
8476
8480
8481
8482
8484
8485
8486
8487
8488
8491
8495
8498
8499
8500
8501
8502
8504
8505
8506
8508
8509
8511
8513
8514
8516
8518
8524
8527
8529
8530
8531
8532
8533
8536
8537
8541
8542
8544
8547
8557
8564
8565
8567
8568
8570
8571
8572
8577
8578
8579
8581
8583
8587
8588
8590
8593
8594
8597
8598
8599
8600
8601
8603
8605
8606
8608
8609
8611
8612
8613
8614
8629
8635
8638
8640
8642
8643
8648
8650
8651
8652
8655
8656
8660
8667
8669
8670
8674
8680
8684
8696
8697
8698
8699
8700
8702
8705
8711
8712
8716
8719
8723
8732
8733
8735
8736
8737
8741
8742
8744
8745
8746
8753
8756
8758
8760
8761
8764
8769
8773
8775
8779
8781
8784
8785
8786
8787
8788
8789
8793
8796
8797
8798
8799
8800
8801
8802
8803
8807
8808
8809
8811
8813
8816
8818
8820
8822
8823
8824
8825
8826
8827
8828
8829
8830
8834
8835
8836
8837
8839
8840
8841
8842
8843
8847
8849
8851
8852
8853
8856
8857
8859
8860
8861
8862
8863
8864
8865
8866
8867
8868
8869
8870
8871
8873
8874
8878
8889
8893
8896
8897
8898
8899
8901
8904
8913
8914
8915
8916
8917
8920
8921
8922
8925
8927
8928
8929
8932
8933
8938
8939
8942
8947
8954
8955
8956
8960
8963
8965
8966
8968
8969
8970
8973
8974
8976
8977
8978
8979
8980
8981
8982
8983
8984
8985
8986
8988
8989
8990
8992
8995
8998
8999
9000
9004
9006
9007
9008
9011
9013
9015
9016
9020
9024
9025
9028
9029
9031
9033
9035
9036
9037
9038
9039
9042
9044
9045
9046
9047
9048
9049
9050
9052
9053
9054
9056
9058
9059
9060
9061
9062
9066
9071
9072
9075
9076
9078
9081
9083
9085
9086
9089
9090
9091
9092
9093
9094
9095
9096
9097
9099
9101
9102
9104
9105
9106
9109
9110
9111
9113
9122
9123
9129
9130
9131
9135
9137
9139
9140
9142
9143
9148
9149
9150
9152
9153
9155
9157
9167
9169
9170
9172
9174
9175
9176
9178
9179
9182
9184
9185
9189
9191
9192
9194
9195
9196
9198
9199
9203
9204
9205
9206
9207
9208
9210
9211
9212
9213
9214
9216
9217
9218
9219
9220
9222
9227
9228
9231
9233
9236
9237
9238
9239
9242
9243
9244
9246
9248
9249
9250
9252
9255
9257
9258
9262
9263
9265
9267
9268
9269
9270
9271
9272
9273
9274
9275
9276
9277
9278
9279
9281
9282
9283
9284
9286
9287
9288
9289
9291
9293
9295
9296
9297
9298
9299
9300
9303
9305
9306
9307
9308
9310
9311
9312
9313
9314
9315
9320
9322
9325
9326
9328
9330
9335
9336
9337
9338
9340
9344
9346
9348
9351
9352
9353
9355
9357
9359
9361
9363
9366
9368
9371
9374
9377
9378
9380
9383
9384
9385
9390
9391
9393
9397
9402
9404
9405
9412
9416
9417
9420
9422
9423
9424
9426
9432
9435
9440
9441
9442
9443
9445
9446
9447
9450
9452
9453
9454
9455
9460
9461
9462
9465
9468
9472
9474
9476
9477
9481
9483
9485
9488
9489
9490
9491
9494
9496
9497
9498
9499
9501
9502
9503
9504
9507
9510
9511
9514
9516
9517
9520
9521
9526
9529
9530
9532
9533
9535
9536
9537
9538
9539
9540
9541
9542
9543
9545
9547
9548
9549
9550
9551
9554
9556
9557
9560
9561
9563
9564
9565
9568
9569
9570
9571
9572
9579
9582
9586
9588
9589
9590
9591
9592
9593
9594
9595
9598
9603
9604
9606
9607
9609
9611
9612
9615
9617
9619
9620
9621
9622
9623
9625
9627
9628
9629
9630
9632
9633
9635
9637
9639
9640
9641
9651
9652
9653
9654
9661
9663
9664
9665
9666
9667
9669
9671
9672
9677
9681
9682
9685
9687
9691
9693
9694
9695
9699
9706
9708
9709
9711
9712
9715
9716
9717
9718
9721
9722
9724
9725
9728
9731
9733
9740
9747
9748
9749
9750
9751
9752
9753
9754
9757
9758
9759
9764
9765
9766
9767
9768
9769
9771
9775
9777
9778
9781
9783
9788
9796
9797
9798
9800
9802
9804
9807
9808
9810
9811
9812
9816
9817
9820
9821
9822
9823
9832
9833
9834
9835
9838
9840
9841
9845
9846
9847
9848
9850
9851
9855
9857
9859
9860
9861
9862
9863
9866
9868
9870
9871
9872
9873
9876
9877
9878
9879
9881
9884
9886
9887
9888
9890
9896
9898
9899
9902
9903
9904
9907
9908
9909
9911
9913
9915
9918
9919
9920
9921
9931
9935
9936
9940
9941
9942
9943
9944
9948
9949
9951
9954
9959
9962
9964
9974
9975
9976
9977
9981
9982
9986
9988
9990
9994
9995
10001
10003
10004
10008
10009
10010
10013
10018
10020
10021
10023
10029
10034
10036
10037
10038
10039
10040
10044
10048
10050
10052
10056
10058
10063
10064
10065
10066
10070
10071
10074
10075
10085
10087
10088
10091
10094
10095
10096
10097
10100
10102
10106
10110
10111
10114
10120
10121
10125
10126
10129
10131
10132
10143
10145
10148
10149
10152
10154
10155
10156
10157
10158
10159
10161
10163
10164
10169
10172
10173
10179
10180
10181
10184
10185
10186
10189
10190
10193
10197
10201
10202
10203
10206
10210
10212
10214
10216
10218
10222
10225
10227
10229
10232
10235
10237
10241
10243
10244
10245
10249
10252
10254
10256
10258
10259
10262
10265
10266
10268
10271
10275
10282
10290
10294
10295
10296
10298
10304
10307
10308
10309
10316
10317
10320
10323
10325
10332
10334
10335
10336
10342
10347
10349
10357
10358
10359
10365
10374
10375
10378
10381
10384
10387
10388
10389
10390
10391
10392
10394
10395
10396
10399
10400
10404
10413
10423
10424
10426
10428
10434
10436
10437
10443
10450
10455
10459
10462
10466
10467
10471
10472
10474
10479
10480
10481
10482
10483
10485
10486
10489
10494
10495
10499
10501
10510
10511
10513
10514
10515
10517
10519
10521
10523
10529
10538
10543
10544
10545
10548
10551
10553
10558
10562
10563
10566
10571
10573
10576
10578
10582
10583
10585
10590
10591
10595
10596
10599
10600
10604
10607
10609
10611
10613
10617
10627
10631
10640
10644
10648
10653
10655
10663
10667
10670
10672
10674
10675
10680
10684
10689
10691
10692
10695
10699
10701
10702
10704
10715
10716
10718
10720
10722
10724
10728
10731
10734
10736
10739
10740
10741
10743
10745
10748
10749
10751
10757
10759
10761
10771
10772
10773
10774
10775
10776
10777
10779
10780
10781
10782
10784
10785
10786
10788
10789
10790
10791
10792
10795
10796
10799
10800
10801
10804
10805
10806
10807
10808
10811
10813
10814
10815
10818
10822
10824
10827
10832
10833
10836
10838
10839
10846
10847
10849
10853
10854
10860
10861
10864
10866
10868
10869
10870
10872
10879
10881
10883
10889
10892
10894
10896
10897
10898
10900
10908
10912
10913
10914
10917
10920
10928
10932
10935
10936
10937
10939
10941
10942
10943
10944
10945
10948
10950
10954
10955
10957
10959
10961
10964
10969
10971
10973
10976
10977
10979
10987
10988
10994
10996
10998
11005
11008
11009
11012
11014
11015
11016
11021
11031
11032
11033
11036
11038
11040
11041
11043
11044
11045
11046
11047
11051
11052
11064
11065
11066
11067
11068
11069
11081
11082
11086
11089
11090
11093
11094
11096
11105
11115
11116
11121
11125
11126
11127
11131
11134
11138
11141
11145
11146
11148
11151
11153
11157
11158
11159
11160
11163
11165
11166
11168
11170
11172
11181
11182
11187
11188
11194
11195
11203
11204
11210
11211
11212
11214
11221
11227
11229
11236
11237
11238
11244
11246
11251
11256
11266
11270
11275
11285
11287
11288
11293
11297
11299
11300
11301
11307
11316
11317
11319
11320
11321
11323
11326
11329
11342
11343
11344
11348
11351
11352
11353
11356
11358
11359
11360
11365
11371
11375
11379
11383
11386
11392
11394
11395
11400
11401
11402
11403
11404
11405
11406
11411
11413
11414
11418
11419
11421
11422
11435
11437
11438
11439
11446
11450
11453
11454
11455
11456
11460
11462
11463
11464
11469
11476
11477
11478
11480
11483
11488
11496
11500
11501
11502
11503
11508
11510
11511
11512
11515
11516
11517
11526
11527
11530
11533
11535
11538
11540
11541
11543
11545
11546
11547
11553
11554
11556
11557
11559
11561
11562
11563
11570
11572
11573
11574
11577
11578
11580
11583
11585
11589
11590
11596
11597
11599
11601
11605
11606
11607
11609
11613
11614
11619
11629
11630
11632
11637
11639
11640
11643
11644
11645
11661
11665
11666
11679
11683
11684
11685
11690
11697
11701
11702
11707
11710
11713
11714
11715
11716
11723
11728
11729
11731
11735
11738
11740
11750
11751
11758
11762
11764
11766
11774
11780
11781
11784
11794
11795
11798
11805
11813
11814
11816
11821
11826
11827
11829
11833
11836
11837
11840
11847
11849
11850
11851
11855
11860
11870
11871
11877
11882
11883
11884
11887
11890
11903
11904
11914
11915
11918
11923
11925
11928
11930
11940
11941
11948
11951
11955
11957
11962
11963
11964
11978
11980
11991
11994
12001
12003
12007
12008
12009
12011
12014
12028
12033
12036
12042
12047
12053
12055
12060
12061
12062
12063
12064
12066
12069
12074
12080
12081
12082
12083
12087
12100
12101
12104
12105
12111
12112
12114
12117
12121
12122
12123
12124
12126
12128
12132
12133
12134
12137
12138
12139
12140
12141
12142
12144
12145
12146
12148
12149
12150
12151
12152
12155
12157
12158
12161
12164
12165
12167
12169
12171
12172
12173
12174
12177
12178
12179
12180
12183
12184
12185
12189
12190
12194
12195
12199
12203
12205
12207
12209
12210
12211
12212
12213
12215
12217
12218
12220
12224
12225
12227
12230
12234
12237
12242
12243
12247
12248
12251
12252
12253
12257
12259
12262
12263
12264
12269
12271
12272
12275
12277
12281
12288
12289
12297
12300
12302
12307
12317
12318
12319
12320
12321
12322
12325
12327
12328
12342
12346
12349
12353
12355
12358
12359
12366
12368
12374
12377
12380
12385
12386
12388
12392
12399
12402
12403
12405
12406
12411
12413
12415
12419
12427
12434
12436
12438
12441
12442
12447
12450
12467
12470
12482
12491
12496
12499
12501
12509
12513
12514
12515
12518
12520
12522
12523
12524
12525
12526
12529
12531
12532
12534
12542
12547
12548
12549
12550
12554
12555
12556
12557
12559
12561
12562
12563
12564
12565
12568
12573
12579
12582
12585
12587
12593
12606
12614
12618
12625
12626
12627
12632
12638
12639
12643
12649
12650
12655
12658
12669
12671
12674
12676
12677
12678
12680
12682
12684
12686
12692
12694
12699
12700
12705
12706
12707
12708
12709
12714
12715
12716
12718
12720
12723
12726
12728
12738
12741
12742
12749
12757
12764
12765
12768
12774
12786
12789
12793
12796
12797
12798
12799
12800
12803
12813
12828
12832
12833
12858
12860
12869
12870
12876
12879
12881
12889
12893
12894
12895
12901
12905
12906
12907
12910
12914
12915
12917
12919
12922
12927
12930
12933
12934
12950
12952
12953
12954
12958
12960
12961
12962
12965
12966
12968
12969
12970
12976
12977
12980
12982
12983
12990
12992
12994
12996
12998
13002
13012
13014
13016
13017
13019
13028
13034
13039
13040
13041
13042
13055
13059
13065
13068
13070
13075
13080
13088
13092
13101
13105
13113
13120
13124
13133
13134
13141
13144
13151
13155
13158
13163
13164
13168
13169
13172
13177
13181
13190
13192
13196
13200
13203
13205
13206
13208
13213
13215
13216
13223
13224
13227
13231
13234
13236
13237
13238
13239
13240
13242
13246
13248
13253
13254
13255
13258
13260
13262
13263
13265
13267
13274
13275
13278
13280
13281
13282
13288
13290
13291
13295
13296
13297
13300
13302
13309
13310
13317
13319
13327
13328
13334
13337
13338
13339
13341
13349
13351
13354
13356
13358
13360
13361
13363
13370
13382
13383
13384
13385
13389
13393
13400
13401
13403
13409
13413
13415
13418
13419
13426
13427
13431
13432
13434
13438
13447
13455
13468
13469
13471
13483
13484
13485
13491
13493
13495
13496
13506
13507
13511
13512
13514
13517
13518
13520
13521
13527
13528
13529
13532
13533
13539
13544
13556
13559
13562
13566
13567
13570
13571
13572
13574
13575
13577
13581
13583
13584
13586
13587
13588
13599
13600
13602
13609
13610
13612
13615
13616
13617
13620
13623
13629
13630
13632
13634
13639
13647
13649
13651
13652
13656
13658
13660
13661
13662
13663
13664
13665
13666
13673
13674
13684
13685
13687
13688
13689
13690
13691
13694
13695
13706
13708
13712
13713
13714
13718
13720
13724
13733
13735
13740
13741
13742
13743
13748
13752
13753
13755
13760
13764
13767
13769
13770
13776
13780
13781
13792
13796
13802
13804
13807
13810
13811
13812
13813
13816
13820
13825
13832
13833
13835
13837
13842
13844
13848
13854
13857
13858
13865
13868
13869
13881
13890
13892
13893
13900
13903
13910
13912
13913
13914
13915
13917
13920
13921
13926
13927
13928
13929
13935
13938
13940
13942
13954
13955
13975
13977
13978
13979
13980
13985
13986
13993
13997
13999
14000
14001
14003
14006
14014
14018
14023
14025
14029
14032
14033
14034
14036
14038
14039
14046
14047
14052
14059
14070
14074
14076
14077
14088
14089
14098
14100
14105
14109
14112
14113
14117
14120
14123
14128
14131
14133
14143
14157
14159
14162
14167
14168
14173
14174
14191
14192
14193
14200
14204
14205
14207
14216
14219
14225
14234
14237
14239
14244
14246
14261
14265
14267
14280
14281
14286
14288
14294
14299
14304
14312
14325
14335
14337
14340
14345
14349
14351
14356
14363
14364
14374
14377
14379
14380
14381
14383
14384
14386
14392
14400
14404
14405
14410
14419
14431
14440
14447
14451
14452
14453
14468
14469
14472
14487
14516
14529
14530
14535
14539
14552
14554
14557
14560
14561
14570
14574
14575
14577
14585
14588
14590
14594
14612
14613
14614
14615
14619
14622
14626
14642
14646
14648
14650
14652
14653
14654
14658
14659
14662
14663
14664
14666
14669
14670
14674
14675
14677
14679
14682
14686
14690
14693
14697
14698
14701
14703
14705
14708
14712
14714
14720
14730
14733
14734
14736
14742
14745
14746
14747
14752
14753
14754
14757
14760
14761
14765
14766
14770
14776
14779
14788
14789
14792
14793
14794
14796
14798
14799
14801
14802
14808
14812
14813
14819
14820
14823
14826
14827
14830
14831
14832
14833
14834
14837
14841
14843
14848
14850
14852
14863
14866
14868
14878
14880
14882
14890
14893
14897
14901
14903
14904
14905
14911
14912
14914
14916
14918
14924
14925
14928
14929
14932
14933
14936
14949
14953
14954
14963
14966
14967
14968
14971
14980
14981
14982
14983
14991
14993
14996
15000
15001
15003
15005
15010
15011
15019
15024
15026
15030
15033
15034
15035
15043
15045
15051
15054
15055
15056
15057
15059
15062
15065
15066
15067
15068
15072
15073
15076
15079
15086
15087
15092
15095
15097
15107
15113
15117
15119
15121
15122
15124
15125
15128
15129
15135
15147
15148
15153
15154
15157
15158
15161
15163
15164
15167
15168
15171
15172
15179
15180
15191
15195
15205
15207
15208
15210
15213
15214
15215
15220
15226
15227
15229
15234
15235
15238
15239
15241
15243
15245
15246
15248
15249
15252
15258
15263
15268
15270
15272
15273
15278
15279
15281
15282
15284
15286
15287
15294
15298
15303
15308
15315
15317
15319
15321
15322
15335
15337
15340
15341
15346
15347
15348
15364
15365
15367
15373
15375
15379
15384
15386
15388
15393
15401
15409
15415
15421
15423
15427
15428
15430
15431
15434
15435
15436
15444
15445
15451
15459
15461
15463
15478
15479
15481
15500
15503
15508
15517
15518
15525
15526
15533
15537
15540
15546
15552
15556
15557
15559
15563
15570
15579
15581
15582
15590
15593
15595
15596
15597
15603
15607
15610
15627
15629
15645
15650
15654
15663
15668
15674
15677
15690
15691
15709
15714
15717
15726
15737
15739
15740
15742
15746
15749
15755
15764
15765
15777
15782
15783
15812
15825
15826
15839
15845
15847
15848
15850
15852
15853
15854
15858
15860
15865
15870
15881
15895
15907
15908
15911
15914
15925
15929
15932
15942
15947
15954
15973
15979
15981
15983
15993
15994
16000
16019
16033
16034
16035
16037
16048
16051
16054
16056
16057
16060
16063
16064
16071
16077
16082
16087
16089
16099
16101
16102
16108
16109
16112
16114
16116
16118
16148
16152
16153
16154
16159
16160
16162
16167
16170
16173
16180
16185
16194
16195
16196
16199
16227
16230
16238
16241
16250
16257
16269
16299
16312
16316
16324
16325
16335
16339
16340
16341
16343
16346
16357
16360
16362
16373
16377
16384
16387
16397
16399
16407
16408
16409
16411
16413
16421
16422
16423
16429
16431
16436
16437
16439
16440
16449
16454
16455
16456
16458
16460
16479
16485
16488
16494
16499
16504
16510
16516
16523
16524
16525
16529
16530
16539
16546
16548
16556
16560
16568
16571
16576
16578
16582
16583
16585
16586
16596
16605
16607
16609
16615
16623
16624
16625
16629
16636
16638
16639
16644
16646
16666
16668
16692
16695
16698
16701
16703
16704
16706
16709
16710
16712
16716
16719
16734
16752
16753
16754
16763
16768
16775
16784
16792
16807
16808
16809
16812
16814
16815
16816
16818
16820
16827
16830
16831
16832
16865
16892
16936
16949
16950
16992
17004
17059
17096
17105
17111
17116
17122
17123
17132
17133
17134
17144
17151
17152
17153
17155
17162
17169
17186
17234
17250
17252
17253
17254
17255
17256
17257
17260
17261
17262
17263
17264
17265
17266
17267
17268
17270
17273
17274
17275
17276
17278
17280
17281
17282
17283
17285
17288
17289
17292
17295
17297
17298
17299
17301
17302
17303
17305
17309
17310
17313
17316
17324
17345
17346
17356
17357
17362
17366
17406
17410
17419
17420
17425
17430
17440
17443
17446
17452
17454
17458
17479
17480
17487
17490
17493
17496
17497
17501
17514
17515
17517
17526
17536
17539
17546
17548
17555
17558
17559
17565
17566
17569
17570
17575
17576
17640
17654
17664
17678
17734
17747
17751
17779
17792
17798
17801
17802
17805
17813
17820
17821
17822
17824
17826
17829
17841
17852
17853
17858
17861
17867
17870
17876
17877
17878
17881
17883
17887
17890
17897
17900
17929
17931
17934
17942
17945
17946
17949
17953
17968
17970
17988
18008
18013
18014
18017
18036
18042
18051
18052
18053
18054
18055
18056
18057
18058
18060
18061
18062
18063
18066
18068
18071
18074
18078
18079
18082
18085
18087
18088
18089
18092
18093
18095
18096
18098
18100
18104
18105
18106
18107
18108
18109
18110
18111
18112
18113
18114
18115
18116
18117
18118
18119
18120
18121
18122
18123
18124
18125
18126
18127
18128
18129
18130
18131
18133
18135
18136
18137
18138
18139
18140
18141
18142
18143
18144
18145
18146
18150
18151
18152
18156
18167
18168
18170
18171
18173
18174
18175
18176
18177
18178
18179
18180
18181
18182
18183
18184
18185
18186
18187
18196
18197
18199
18201
18204
18205
18206
18208
18210
18211
18212
18213
18214
18215
18216
18217
18219
18221
18222
18223
18224
18225
18227
18228
18229
18230
18235
18238
18240
18241
18242
18243
18250
18254
18256
18259
18260
18261
18263
18266
18268
18269
18270
18275
18282
18283
18284
18286
18288
18294
18295
18296
18298
18301
18304
18305
18307
18308
18309
18312
18315
18316
18318
18319
18321
18322
18323
18324
18328
18332
18334
18344
18345
18346
18347
18349
18350
18351
18353
18354
18356
18366
18368
18373
18375
18376
18378
18381
18388
18390
18391
18398
18404
18410
18413
18430
18433
18437
18443
18448
18449
18454
18459
18462
18463
18472
18481
18482
18485
18486
18488
18489
18490
18493
18494
18495
18503
18504
18509
18510
18514
18517
18519
18520
18531
18532
18536
18540
18542
18543
18546
18556
18558
18563
18581
18582
18583
18601
18606
18625
18626
18629
18632
18643
18648
18653
18656
18665
18669
18678
18699
18702
18704
18708
18712
18717
18722
18725
18727
18728
18735
18737
18739
18741
18742
18746
18748
18754
18759
18762
18768
18769
18772
18798
18799
18814
18822
18824
18825
18826
18828
18829
18831
18839
18842
18843
18846
18847
18850
18853
18854
18855
18859
18862
18867
18873
18874
18879
18882
18889
18890
18896
18897
18904
18914
18918
18927
18940
18943
18949
18958
18964
18968
18969
18979
18982
18985
18987
18990
18992
18994
18996
18999
19003
19006
19009
19010
19011
19013
19029
19035
19036
19041
19045
19046
19100
19110
19116
19131
19147
19150
19160
19163
19165
19188
19222
19227
19229
19233
19244
19258
19259
19271
19356
19361
19411
19417
19434
19441
19463
19465
19485
19486
19502
19506
19552
19566
19623
19638
19644
19659
19672
19724
19747
19765
19768
19778
19811
19814
19816
19839
19904
19915
