17
39
42
47
70
123
128
134
149
179
180
207
237
241
270
295
312
321
343
347
349
370
386
419
427
454
464
477
510
519
525
548
565
569
587
604
639
640
670
700
739
759
774
785
789
801
804
817
837
846
850
856
882
907
920
961
966
994
996
1025
1033
1133
1191
1200
1220
1232
1370
1450
1483
1536
1576
1673
1731
1766
1772
1808
1947
1985
1989
2009
2016
2027
2047
2088
2089
2099
2159
2209
2223
2254
2290
2311
2327
2354
2393
2418
2446
2498
2521
2549
2552
2564
2568
2574
2582
2593
2647
2657
2679
2681
2684
2717
2742
2775
2807
2833
2893
2954
3009
3028
3049
3060
3083
3092
3153
3156
3165
3185
3187
3209
3227
3322
3343
3359
3369
3398
3404
3435
3437
3450
3459
3484
3504
3516
3521
3523
3539
3549
3552
3595
3607
3689
3722
3737
3746
3763
3766
3767
3822
3844
3855
3866
3874
3901
3921
3927
3949
3968
3969
4023
4029
4032
4077
4079
4087
4118
4155
4175
4184
4200
4220
4229
4242
4267
4293
4323
4370
4389
4390
4405
4441
4456
4491
4501
4549
4603
4701
4719
4734
4765
4776
4788
4816
4846
4869
4920
4943
5056
5084
5096
5110
5135
5153
5158
5167
5215
5273
5290
5356
5369
5376
5388
5458
5479
5491
5504
5624
5710
5751
5778
5829
5840
5931
5996
6039
6093
6108
6156
6180
6202
6219
6253
6286
6373
6389
6414
6416
6511
6531
6561
6584
6626
6628
6807
6844
6906
6995
7049
7052
7074
7078
7104
7108
7141
7164
7199
7215
7221
7230
7235
7257
7276
7340
7358
7385
7478
7503
7580
7630
7661
7729
7746
7793
7817
7912
7918
7934
7940
7946
7964
7971
8043
8071
8093
8104
8105
8133
8194
8215
8228
8229
8276
8279
8282
8295
8371
8434
8603
8605
8616
8619
8699
8714
8843
8849
8862
8926
8965
8983
8999
9049
9066
9089
9091
9260
9277
9373
9394
9417
9422
9485
9525
9530
9589
9649
9669
9672
9694
9755
9764
9829
9878
10034
10154
10237
10428
10445
10447
10703
10757
10773
10774
10833
11014
11082
11146
11157
11181
11344
11512
11545
11571
11574
11577
11639
11780
11783
12007
12010
12060
12079
12134
12181
12202
12246
12288
12506
12521
12548
12585
12621
12674
12676
12682
12707
12795
12919
13137
13208
13304
13335
13506
13562
13663
13854
13877
13926
14003
14383
14553
14585
14723
14780
15095
15268
15310
15340
15455
15666
15733
15877
16085
16377
16494
16949
17221
17292
17575
17701
18128
18133
18151
18185
18196
18210
18212
18230
18935
18984
19150
19153
