4
7
8
9
16
17
24
32
36
39
45
54
56
57
58
61
62
66
67
69
70
71
72
77
82
83
84
94
97
99
101
108
115
116
117
119
123
124
126
128
130
131
147
152
170
172
177
178
179
181
183
186
187
192
194
203
204
206
208
211
214
215
217
224
230
233
236
237
244
247
258
262
264
271
278
279
282
287
288
294
295
297
299
303
308
313
322
326
329
337
339
344
347
351
352
356
362
374
375
377
379
381
383
387
393
394
403
412
419
423
425
426
427
431
434
438
445
450
451
467
470
471
474
477
483
502
505
507
508
510
513
519
526
540
541
546
553
554
555
558
561
564
569
585
596
597
607
609
610
611
619
628
635
636
638
640
646
648
651
652
663
670
671
672
673
679
693
694
708
717
721
728
736
739
743
754
755
758
768
770
779
780
781
782
789
792
794
795
796
798
801
803
805
806
815
816
826
827
832
838
839
842
850
857
862
864
870
872
878
884
886
887
888
889
892
894
895
898
904
908
912
921
924
927
929
944
957
960
971
973
976
980
983
984
987
992
1024
1025
1028
1030
1041
1043
1056
1065
1071
1077
1083
1084
1086
1091
1092
1097
1099
1106
1122
1133
1138
1146
1156
1159
1162
1165
1175
1180
1184
1191
1194
1198
1199
1206
1209
1213
1220
1223
1227
1231
1242
1251
1264
1265
1269
1271
1272
1314
1323
1325
1328
1331
1335
1338
1348
1400
1403
1414
1426
1436
1444
1446
1459
1463
1502
1516
1521
1526
1528
1541
1553
1554
1559
1560
1563
1567
1573
1589
1592
1593
1595
1596
1599
1616
1619
1623
1625
1628
1633
1636
1639
1640
1659
1674
1679
1680
1683
1688
1693
1704
1706
1716
1727
1729
1733
1736
1756
1757
1760
1770
1773
1778
1786
1788
1792
1798
1810
1811
1830
1840
1852
1853
1856
1857
1867
1868
1869
1870
1875
1881
1908
1920
1922
1924
1940
1947
1950
1951
1957
1960
1972
2027
2039
2047
2052
2056
2067
2070
2076
2089
2095
2098
2099
2105
2109
2124
2151
2157
2159
2168
2174
2176
2190
2193
2196
2197
2200
2205
2208
2209
2229
2238
2239
2246
2247
2248
2256
2260
2268
2301
2322
2330
2331
2333
2338
2354
2363
2369
2379
2399
2406
2407
2432
2437
2448
2450
2453
2463
2464
2466
2484
2487
2489
2491
2501
2511
2517
2518
2523
2531
2539
2540
2547
2549
2551
2554
2559
2561
2570
2571
2576
2582
2587
2593
2594
2607
2608
2610
2615
2622
2624
2629
2634
2635
2644
2645
2650
2656
2657
2659
2663
2666
2669
2677
2689
2703
2708
2711
2715
2717
2724
2725
2727
2732
2733
2739
2747
2749
2763
2766
2771
2775
2778
2786
2787
2792
2802
2807
2810
2811
2819
2821
2824
2825
2826
2830
2832
2840
2844
2852
2853
2861
2869
2879
2880
2885
2889
2901
2904
2915
2916
2922
2928
2945
2950
2954
2963
2971
2973
2983
2994
3002
3003
3007
3010
3013
3015
3018
3020
3025
3026
3033
3038
3044
3046
3049
3050
3051
3064
3079
3084
3094
3095
3100
3107
3113
3116
3118
3119
3126
3132
3134
3145
3150
3153
3156
3163
3165
3168
3185
3186
3188
3196
3200
3205
3214
3231
3232
3233
3234
3238
3239
3242
3243
3250
3253
3271
3278
3286
3287
3292
3293
3298
3301
3309
3311
3315
3323
3324
3325
3330
3331
3334
3336
3357
3363
3365
3367
3370
3383
3390
3404
3407
3410
3412
3416
3418
3424
3426
3432
3433
3437
3450
3456
3462
3467
3470
3472
3474
3476
3478
3483
3486
3487
3489
3491
3499
3504
3507
3520
3525
3529
3532
3538
3544
3545
3549
3553
3555
3560
3565
3568
3570
3574
3575
3579
3580
3581
3582
3583
3590
3594
3599
3600
3601
3604
3606
3608
3610
3611
3616
3620
3623
3624
3625
3631
3632
3636
3646
3651
3652
3661
3674
3683
3687
3698
3699
3702
3704
3705
3707
3708
3709
3711
3714
3715
3716
3720
3722
3732
3735
3753
3757
3760
3763
3764
3766
3769
3772
3773
3776
3777
3778
3782
3790
3797
3799
3800
3813
3814
3820
3821
3827
3831
3836
3837
3857
3858
3860
3866
3867
3868
3869
3870
3871
3881
3887
3899
3900
3907
3924
3931
3936
3941
3943
3953
3961
3963
3989
4006
4008
4019
4024
4027
4033
4042
4043
4059
4060
4082
4088
4098
4108
4110
4111
4113
4118
4119
4127
4129
4134
4153
4154
4176
4178
4179
4185
4197
4201
4238
4239
4250
4252
4266
4270
4275
4284
4301
4309
4311
4313
4316
4317
4334
4347
4356
4359
4366
4382
4383
4389
4405
4406
4412
4413
4425
4427
4430
4437
4444
4448
4453
4465
4466
4467
4469
4476
4481
4491
4492
4497
4501
4502
4532
4539
4545
4555
4562
4567
4575
4597
4600
4618
4619
4625
4626
4634
4635
4636
4645
4650
4652
4670
4676
4687
4695
4699
4702
4703
4710
4726
4727
4730
4755
4765
4766
4799
4803
4816
4817
4828
4834
4859
4862
4864
4876
4878
4883
4886
4894
4902
4914
4920
4927
4929
4931
4934
4941
4952
4953
4955
4959
4961
4963
4964
4976
4993
4994
4996
4998
5019
5020
5036
5045
5052
5054
5060
5064
5068
5090
5093
5097
5109
5116
5123
5124
5125
5136
5139
5148
5153
5176
5184
5189
5204
5211
5220
5231
5244
5252
5254
5263
5268
5277
5279
5282
5283
5286
5294
5305
5326
5330
5344
5352
5356
5358
5361
5364
5369
5382
5388
5408
5409
5428
5433
5438
5446
5460
5470
5471
5473
5474
5486
5491
5504
5505
5508
5513
5523
5536
5544
5549
5553
5557
5559
5577
5586
5591
5603
5606
5614
5630
5632
5636
5642
5646
5654
5655
5657
5673
5675
5681
5686
5697
5702
5710
5712
5720
5724
5726
5734
5746
5748
5755
5759
5760
5763
5773
5778
5804
5810
5818
5833
5834
5835
5840
5847
5850
5853
5857
5862
5876
5880
5884
5891
5897
5903
5904
5911
5924
5926
5941
5956
5968
5977
5988
5989
5990
6000
6013
6021
6027
6036
6037
6039
6057
6060
6067
6069
6074
6076
6080
6085
6092
6093
6103
6120
6123
6125
6126
6127
6138
6139
6143
6163
6175
6185
6199
6204
6205
6218
6245
6253
6255
6271
6290
6299
6337
6351
6357
6371
6389
6392
6393
6405
6409
6412
6413
6427
6432
6468
6472
6481
6491
6496
6514
6528
6533
6537
6548
6550
6580
6584
6585
6593
6615
6621
6622
6626
6627
6634
6649
6653
6665
6667
6668
6669
6675
6687
6688
6689
6694
6700
6705
6718
6719
6723
6735
6738
6741
6750
6761
6767
6772
6793
6796
6800
6801
6814
6816
6836
6841
6859
6871
6880
6884
6885
6903
6906
6918
6927
6956
6965
6977
6999
7018
7020
7024
7027
7040
7044
7049
7086
7089
7131
7134
7143
7149
7167
7175
7177
7178
7203
7208
7209
7211
7212
7222
7224
7231
7232
7235
7236
7239
7241
7243
7245
7250
7254
7256
7257
7259
7268
7285
7303
7317
7320
7329
7337
7340
7367
7385
7392
7409
7410
7435
7443
7449
7452
7461
7463
7466
7479
7480
7486
7488
7509
7512
7532
7533
7538
7547
7557
7559
7562
7572
7582
7588
7592
7618
7622
7626
7629
7633
7634
7636
7641
7651
7664
7666
7670
7682
7683
7691
7699
7707
7713
7715
7721
7756
7766
7773
7781
7785
7797
7815
7827
7828
7830
7852
7856
7857
7860
7870
7876
7886
7893
7898
7917
7924
7925
7935
7946
7960
7964
7970
7971
7981
7982
7984
8008
8009
8024
8035
8038
8039
8047
8051
8064
8065
8071
8074
8075
8084
8087
8102
8105
8116
8131
8141
8153
8157
8161
8169
8218
8228
8245
8251
8281
8314
8317
8327
8330
8338
8347
8358
8366
8370
8371
8372
8409
8410
8412
8418
8425
8428
8432
8444
8448
8455
8462
8463
8472
8478
8481
8483
8491
8510
8511
8533
8547
8561
8567
8579
8590
8596
8603
8606
8609
8614
8622
8629
8630
8635
8640
8646
8662
8676
8684
8705
8732
8733
8735
8753
8764
8773
8775
8780
8785
8792
8803
8804
8814
8816
8824
8828
8849
8856
8860
8864
8866
8867
8873
8874
8875
8896
8914
8917
8921
8922
8939
8940
8941
8946
8970
8977
8980
8984
8992
9008
9036
9037
9054
9062
9066
9079
9081
9085
9090
9095
9105
9109
9110
9111
9117
9122
9130
9131
9137
9149
9163
9169
9170
9172
9177
9178
9179
9194
9203
9208
9219
9233
9235
9237
9252
9271
9272
9274
9282
9284
9286
9299
9315
9317
9325
9327
9351
9365
9371
9374
9383
9385
9391
9396
9423
9439
9442
9453
9462
9476
9490
9496
9501
9508
9523
9529
9530
9549
9550
9555
9561
9565
9569
9575
9594
9600
9630
9640
9649
9670
9685
9702
9717
9722
9727
9728
9767
9768
9776
9797
9802
9833
9868
9878
9879
9884
9908
9911
9922
9931
9935
9953
9955
9964
9970
9987
9994
9998
10008
10014
10029
10034
10044
10064
10065
10116
10125
10129
10146
10152
10154
10155
10159
10187
10227
10235
10275
10282
10304
10317
10381
10390
10426
10437
10479
10532
10553
10558
10562
10573
10585
10609
10625
10627
10653
10745
10751
10759
10764
10775
10791
10815
10837
10840
10889
10897
10941
10942
10945
10964
10972
10979
11001
11026
11036
11044
11062
11063
11068
11082
11115
11153
11159
11160
11165
11172
11204
11212
11218
11244
11316
11377
11399
11401
11403
11413
11448
11469
11474
11500
11502
11511
11512
11527
11529
11535
11545
11552
11556
11570
11572
11607
11611
11613
11640
11642
11647
11649
11670
11694
11712
11758
11761
11777
11831
11866
12001
12009
12036
12068
12100
12112
12121
12132
12134
12137
12140
12141
12142
12143
12157
12158
12190
12194
12219
12225
12227
12230
12241
12243
12247
12252
12259
12265
12281
12297
12303
12321
12405
12406
12415
12426
12445
12470
12505
12526
12531
12532
12548
12555
12615
12620
12676
12682
12705
12716
12800
12828
12833
12851
12873
12893
12902
12925
12982
12989
13036
13051
13068
13070
13115
13141
13227
13263
13286
13290
13291
13294
13301
13331
13332
13362
13369
13409
13415
13419
13491
13502
13503
13506
13545
13556
13575
13584
13591
13644
13654
13690
13720
13724
13770
13811
13813
13836
13850
13854
13858
13869
13884
13893
13917
13929
13985
14000
14029
14047
14052
14054
14056
14065
14080
14114
14123
14133
14159
14174
14256
14269
14337
14344
14383
14447
14468
14557
14564
14608
14619
14646
14659
14664
14703
14720
14729
14740
14812
14831
14838
14841
14858
14864
14893
14909
14964
14968
15000
15016
15017
15069
15078
15085
15086
15097
15135
15157
15209
15263
15274
15275
15278
15340
15347
15373
15375
15382
15427
15439
15463
15514
15517
15564
15581
15605
15621
15627
15666
15731
15765
15825
15850
15867
15927
15934
15944
15959
16019
16035
16041
16071
16089
16118
16300
16316
16357
16362
16363
16433
16464
16472
16494
16519
16525
16536
16605
16792
16816
17081
17097
17155
17159
17169
17270
17271
17272
17284
17288
17292
17295
17297
17298
17307
17309
17320
17324
17405
17410
17446
17455
17497
17559
17576
17605
17646
17748
17787
17802
17934
17945
18017
18055
18056
18060
18068
18071
18080
18087
18093
18094
18097
18106
18107
18113
18114
18119
18121
18124
18125
18127
18139
18140
18141
18156
18174
18177
18183
18187
18199
18210
18211
18212
18214
18216
18217
18226
18228
18263
18274
18322
18339
18349
18350
18380
18388
18448
18503
18521
18553
18626
18642
18709
18785
18786
18796
18840
18901
18909
18930
19488
19489
