9
10
14
17
23
24
26
29
31
36
39
54
60
62
63
72
74
77
82
86
88
90
97
99
101
107
108
109
112
119
126
128
129
130
131
136
142
157
159
167
172
181
203
204
205
208
210
214
215
219
226
228
229
230
235
236
243
247
262
263
271
272
273
275
280
292
293
302
303
306
312
314
317
322
323
330
336
340
342
344
345
347
349
356
363
366
371
377
379
388
389
392
395
403
409
410
417
421
427
431
438
439
446
453
454
463
465
474
477
481
482
500
501
503
504
510
513
523
527
529
533
540
551
553
555
563
573
582
592
594
596
601
602
603
613
628
632
634
638
648
650
651
652
656
663
673
679
685
693
696
708
715
721
727
728
734
735
736
737
739
744
748
750
755
759
770
773
786
796
798
801
806
815
817
824
826
827
830
836
837
843
849
853
856
857
875
878
880
883
884
888
889
892
895
896
903
908
911
917
921
922
927
929
934
956
958
963
973
983
991
999
1004
1012
1013
1018
1030
1041
1049
1055
1056
1061
1062
1065
1076
1077
1082
1084
1085
1103
1110
1112
1122
1123
1132
1133
1148
1156
1159
1162
1167
1180
1181
1199
1206
1207
1220
1223
1229
1234
1253
1254
1272
1295
1296
1309
1320
1322
1328
1339
1351
1362
1365
1370
1373
1375
1387
1406
1410
1425
1431
1432
1433
1440
1450
1457
1463
1465
1485
1487
1495
1508
1514
1516
1527
1552
1560
1562
1566
1567
1570
1571
1580
1581
1584
1589
1590
1610
1613
1616
1625
1627
1633
1644
1647
1655
1665
1679
1692
1699
1708
1712
1722
1731
1736
1745
1771
1772
1773
1808
1820
1822
1830
1841
1852
1875
1894
1904
1919
1940
1948
1951
1955
1972
1973
1977
1982
1986
2003
2004
2017
2019
2033
2036
2038
2046
2070
2076
2085
2090
2099
2104
2105
2107
2127
2134
2135
2140
2144
2146
2151
2157
2159
2160
2167
2176
2194
2199
2238
2241
2259
2264
2273
2276
2290
2323
2324
2336
2338
2344
2354
2355
2365
2366
2367
2376
2377
2378
2379
2403
2407
2418
2424
2430
2447
2448
2450
2455
2477
2487
2491
2501
2508
2514
2517
2518
2520
2521
2526
2530
2535
2537
2543
2547
2549
2550
2551
2559
2574
2582
2583
2593
2602
2604
2608
2610
2615
2616
2622
2623
2625
2627
2628
2640
2641
2644
2645
2648
2651
2666
2671
2672
2679
2680
2682
2684
2685
2686
2690
2692
2696
2700
2702
2710
2715
2724
2727
2729
2732
2733
2738
2746
2747
2757
2759
2760
2772
2775
2778
2779
2781
2784
2786
2790
2792
2795
2807
2809
2810
2813
2816
2825
2828
2832
2839
2846
2848
2852
2856
2861
2865
2870
2871
2893
2897
2900
2912
2931
2932
2941
2945
2953
2959
2967
2970
2976
2980
2982
2983
2988
2996
2999
3002
3003
3004
3007
3009
3016
3020
3029
3033
3046
3056
3060
3090
3091
3092
3095
3100
3107
3114
3123
3126
3132
3133
3134
3139
3140
3152
3153
3156
3158
3163
3165
3166
3169
3171
3172
3174
3175
3189
3194
3199
3200
3211
3214
3217
3232
3248
3254
3256
3264
3265
3266
3271
3282
3292
3328
3330
3331
3337
3346
3347
3357
3368
3372
3375
3377
3380
3383
3385
3390
3398
3402
3403
3404
3413
3414
3421
3430
3436
3455
3461
3466
3470
3471
3473
3477
3483
3485
3488
3504
3507
3508
3526
3532
3533
3536
3543
3545
3552
3553
3556
3559
3560
3563
3565
3568
3571
3578
3579
3580
3581
3590
3600
3604
3611
3615
3620
3621
3623
3625
3626
3632
3650
3660
3679
3682
3698
3699
3700
3702
3703
3707
3708
3711
3713
3721
3727
3728
3729
3732
3749
3751
3756
3760
3773
3776
3788
3790
3795
3800
3809
3818
3819
3824
3829
3831
3834
3857
3860
3866
3867
3868
3870
3873
3886
3893
3899
3902
3903
3919
3922
3923
3930
3943
3963
3966
3971
3982
3989
3994
4003
4004
4006
4014
4017
4021
4024
4039
4070
4071
4090
4104
4107
4108
4111
4113
4118
4122
4125
4129
4139
4147
4148
4160
4163
4186
4188
4195
4205
4207
4211
4214
4215
4218
4220
4238
4243
4248
4250
4268
4269
4276
4300
4308
4323
4330
4331
4336
4337
4347
4353
4359
4368
4381
4382
4383
4388
4389
4390
4395
4396
4400
4405
4415
4430
4434
4438
4441
4454
4456
4459
4479
4493
4506
4543
4546
4548
4555
4558
4561
4568
4572
4596
4604
4614
4618
4619
4622
4632
4644
4649
4660
4662
4666
4668
4670
4674
4678
4679
4683
4691
4699
4707
4710
4715
4716
4723
4725
4726
4728
4744
4757
4763
4764
4766
4781
4788
4803
4816
4827
4833
4881
4882
4887
4910
4919
4931
4936
4938
4955
5035
5042
5047
5051
5061
5066
5075
5076
5097
5109
5110
5111
5114
5116
5120
5132
5133
5151
5153
5156
5160
5189
5197
5204
5227
5228
5231
5234
5242
5245
5265
5268
5270
5286
5289
5300
5323
5326
5331
5340
5351
5352
5356
5360
5369
5382
5387
5388
5392
5408
5438
5470
5482
5504
5508
5521
5526
5536
5549
5550
5553
5560
5564
5566
5585
5601
5603
5615
5631
5639
5644
5660
5681
5688
5706
5715
5736
5737
5743
5755
5763
5778
5786
5792
5794
5798
5804
5825
5836
5837
5856
5859
5861
5876
5880
5890
5897
5903
5911
5922
5985
5989
6011
6020
6023
6027
6031
6032
6039
6042
6046
6052
6053
6056
6057
6058
6073
6080
6085
6093
6100
6104
6109
6110
6111
6113
6118
6121
6133
6142
6143
6154
6164
6175
6181
6182
6200
6212
6214
6219
6250
6253
6255
6259
6271
6276
6309
6312
6314
6322
6324
6325
6340
6344
6348
6350
6351
6358
6372
6379
6393
6397
6399
6445
6450
6451
6485
6491
6507
6529
6580
6584
6586
6590
6612
6613
6626
6627
6637
6646
6651
6654
6667
6673
6675
6683
6685
6694
6702
6713
6718
6719
6722
6749
6762
6769
6772
6792
6800
6821
6878
6879
6881
6884
6900
6913
6953
6956
6970
6972
6977
6981
6990
6994
7000
7005
7012
7027
7037
7046
7052
7064
7065
7069
7074
7093
7098
7108
7131
7134
7136
7144
7148
7176
7178
7179
7182
7186
7191
7193
7195
7212
7223
7225
7233
7235
7239
7240
7241
7246
7257
7259
7268
7278
7280
7298
7314
7326
7333
7353
7358
7366
7377
7405
7409
7416
7420
7428
7455
7458
7468
7473
7476
7479
7491
7492
7524
7532
7555
7557
7569
7583
7594
7604
7609
7618
7619
7633
7637
7638
7641
7657
7662
7663
7669
7680
7707
7713
7725
7726
7761
7766
7793
7795
7797
7809
7834
7844
7851
7856
7857
7858
7862
7868
7876
7877
7878
7891
7906
7907
7913
7915
7917
7923
7947
7955
7956
7957
7958
7961
7978
7981
7984
7994
8008
8051
8065
8071
8073
8074
8077
8078
8102
8125
8131
8143
8161
8169
8192
8195
8229
8230
8235
8248
8249
8258
8261
8282
8314
8317
8324
8327
8330
8342
8345
8347
8366
8374
8376
8381
8403
8417
8418
8421
8440
8444
8455
8458
8471
8472
8488
8537
8572
8579
8590
8599
8608
8611
8614
8642
8648
8680
8684
8705
8732
8733
8735
8737
8753
8773
8775
8800
8809
8826
8828
8829
8830
8849
8855
8856
8860
8864
8865
8866
8868
8917
8920
8921
8930
8932
8939
8970
8979
8980
9008
9046
9061
9066
9069
9071
9073
9076
9085
9090
9097
9109
9123
9140
9170
9185
9195
9206
9209
9211
9213
9217
9238
9239
9249
9263
9265
9274
9281
9308
9325
9326
9352
9378
9383
9391
9417
9429
9450
9461
9468
9474
9485
9488
9491
9532
9548
9549
9565
9594
9598
9607
9640
9666
9667
9687
9693
9694
9695
9699
9717
9721
9740
9747
9751
9759
9766
9767
9768
9798
9832
9845
9849
9873
9886
9898
9935
9942
9976
9990
9995
10003
10009
10013
10018
10052
10079
10114
10125
10143
10154
10172
10173
10181
10201
10241
10243
10298
10308
10316
10323
10387
10394
10428
10434
10482
10497
10627
10682
10699
10720
10728
10734
10743
10757
10761
10775
10777
10782
10788
10791
10808
10836
10847
10870
10939
10942
10944
10945
10955
10964
11005
11008
11031
11036
11046
11051
11064
11081
11096
11151
11153
11157
11160
11187
11195
11202
11244
11251
11266
11287
11299
11319
11342
11354
11356
11386
11403
11406
11414
11439
11450
11454
11474
11477
11496
11527
11541
11605
11617
11619
11668
11679
11766
11794
11870
11890
11914
12033
12062
12080
12087
12112
12122
12139
12158
12169
12189
12195
12199
12208
12209
12227
12247
12288
12328
12359
12384
12392
12499
12520
12522
12539
12558
12560
12587
12650
12669
12676
12682
12694
12711
12716
12800
12832
12891
12898
12899
12927
12934
12950
12956
12958
12967
12976
12983
13019
13040
13092
13202
13224
13227
13254
13274
13291
13334
13368
13385
13409
13419
13438
13483
13486
13529
13533
13556
13566
13567
13577
13602
13617
13623
13649
13735
13748
13760
13776
13780
13792
13807
13810
13854
13857
13878
13889
13949
13983
14000
14002
14014
14029
14032
14098
14105
14131
14294
14340
14349
14381
14404
14447
14509
14530
14557
14564
14594
14646
14652
14669
14670
14701
14742
14779
14793
14831
14832
14841
14843
14852
14916
14925
14951
14980
15000
15001
15010
15031
15035
15040
15072
15086
15097
15117
15124
15135
15137
15154
15167
15180
15210
15214
15278
15293
15317
15365
15378
15423
15451
15518
15526
15557
15595
15596
15597
15627
15714
15739
15750
15877
15881
15993
16010
16035
16089
16112
16241
16269
16343
16407
16421
16436
16453
16455
16478
16504
16546
16556
16583
16585
16605
16865
17097
17122
17155
17250
17262
17267
17281
17302
17306
17362
17425
17430
17479
17523
17546
17558
17568
17576
17813
17890
17910
17970
18065
18068
18097
18108
18112
18120
18126
18131
18138
18146
18152
18170
18176
18180
18182
18187
18205
18211
18219
18223
18224
18260
18263
18266
18323
18328
18349
18351
18381
18391
18400
18437
18448
18479
18505
18625
18631
18678
18735
18816
18855
18949
18985
19110
