1
8
10
17
20
24
26
29
37
51
67
71
74
76
77
78
97
99
101
103
112
116
119
124
125
130
150
152
194
210
257
271
287
302
307
308
317
351
352
366
381
410
426
428
431
433
438
440
464
473
477
513
517
526
549
553
568
569
573
626
629
638
646
665
672
681
717
727
731
736
743
759
770
772
780
782
786
792
807
815
825
850
867
884
911
929
973
993
1003
1019
1043
1062
1069
1074
1077
1083
1084
1092
1109
1123
1129
1143
1145
1167
1169
1180
1181
1189
1199
1206
1213
1245
1248
1250
1280
1296
1317
1320
1327
1363
1450
1497
1572
1650
1661
1669
1705
1731
1776
1792
1811
1867
1880
1931
1940
1947
1956
2033
2099
2124
2131
2132
2140
2194
2197
2246
2260
2301
2310
2323
2366
2394
2410
2448
2486
2501
2518
2551
2560
2586
2623
2648
2669
2677
2683
2688
2693
2724
2725
2732
2744
2761
2766
2775
2792
2795
2796
2805
2813
2852
2869
2877
2899
2907
2924
2957
2973
2980
2997
3004
3007
3021
3031
3035
3083
3084
3086
3088
3099
3100
3108
3112
3124
3132
3140
3150
3152
3156
3176
3260
3283
3315
3322
3328
3330
3340
3363
3376
3410
3412
3424
3427
3472
3484
3492
3506
3507
3564
3573
3578
3591
3600
3603
3604
3605
3623
3625
3642
3656
3658
3693
3731
3764
3782
3799
3842
3843
3855
3859
3863
3866
3870
3887
3898
3901
3934
3967
3983
3995
3997
4008
4036
4051
4062
4113
4147
4153
4171
4185
4191
4229
4237
4264
4274
4275
4295
4308
4330
4364
4366
4412
4424
4430
4431
4444
4472
4490
4491
4495
4502
4523
4543
4561
4582
4597
4622
4636
4695
4710
4726
4728
4742
4765
4816
4879
4889
4917
4931
4943
4946
5042
5097
5102
5165
5222
5235
5247
5254
5326
5332
5361
5369
5399
5442
5476
5486
5516
5526
5532
5550
5551
5564
5592
5708
5724
5810
5811
5829
5859
5903
5947
5951
5972
6093
6096
6098
6103
6106
6113
6137
6145
6158
6159
6179
6204
6255
6261
6291
6368
6389
6393
6420
6502
6512
6535
6566
6596
6610
6668
6672
6702
6719
6786
6800
6801
6857
6859
6965
7037
7044
7089
7126
7175
7222
7223
7232
7242
7279
7311
7321
7325
7328
7366
7496
7513
7553
7570
7588
7619
7638
7665
7760
7816
7880
7891
7994
8003
8006
8041
8049
8069
8074
8087
8131
8203
8215
8249
8287
8349
8354
8418
8437
8461
8472
8532
8603
8614
8632
8733
8735
8737
8783
8797
8816
8820
8917
8932
9007
9066
9078
9090
9143
9157
9199
9213
9220
9227
9270
9282
9289
9291
9298
9335
9359
9412
9420
9460
9499
9593
9595
9640
9655
9695
9802
9810
9884
10029
10034
10036
10194
10237
10245
10371
10381
10513
10538
10548
10558
10728
10771
10775
10788
10799
10920
10994
11068
11093
11115
11181
11421
11527
11561
11569
11585
11609
11671
11871
11921
12069
12128
12140
12157
12195
12252
12253
12277
12328
12401
12952
12954
12962
12968
13068
13071
13097
13134
13151
13224
13231
13349
13393
13455
13584
13611
13648
13673
13688
13689
13690
13724
13764
13854
13893
13900
13916
13942
13957
13963
14071
14168
14207
14244
14312
14405
14419
14652
14752
14798
14844
14878
14905
14968
14996
15017
15092
15195
15226
15272
15384
15420
15590
15857
15983
16118
16362
16375
16407
16425
16554
16698
17151
17261
17292
17857
17972
17975
18098
18129
18137
18173
18220
18232
18241
18479
18503
18746
18755
18906
18982
