0
1
3
4
6
7
8
9
10
12
16
17
18
19
20
21
22
23
24
26
28
29
30
31
34
35
36
38
39
40
41
42
43
44
45
47
48
50
53
54
55
56
57
58
59
60
61
62
63
64
65
67
68
69
70
71
72
73
74
75
76
77
78
79
81
82
83
84
85
86
87
88
89
90
92
93
94
95
97
98
99
100
101
102
103
104
106
107
108
109
110
111
112
113
114
115
116
117
118
119
120
121
122
123
124
125
126
127
128
130
131
132
134
135
136
137
138
140
141
142
143
145
146
147
148
149
151
152
153
154
155
156
157
159
160
162
163
164
165
166
167
168
169
170
171
172
173
176
177
178
179
180
181
182
183
185
186
188
189
191
193
194
195
196
198
199
200
201
202
203
204
205
206
207
208
209
210
211
212
213
214
215
216
217
218
219
221
222
224
225
226
227
229
230
233
234
235
236
237
238
239
240
241
242
243
244
247
248
251
252
253
254
255
256
257
258
259
260
261
262
263
264
265
268
269
270
271
272
273
274
275
277
278
279
280
281
282
283
284
285
286
287
288
289
290
292
293
295
296
297
298
299
300
302
303
304
305
306
307
308
310
312
313
314
315
317
318
320
321
322
323
325
326
329
336
337
338
339
340
341
342
343
344
345
346
347
349
350
351
352
353
354
356
358
360
363
364
366
368
369
370
371
372
373
374
375
376
377
378
379
380
383
384
385
386
387
388
389
391
393
394
395
399
400
401
402
403
405
406
407
408
409
410
413
416
417
418
419
420
421
422
423
424
425
426
427
428
430
431
432
433
434
436
437
438
439
440
441
442
443
444
445
446
450
451
452
453
454
457
458
459
460
461
463
464
465
466
468
469
470
471
473
474
475
476
477
479
480
481
482
483
484
485
486
487
490
491
494
497
499
500
501
503
504
505
508
509
510
512
513
514
515
516
519
520
522
523
525
526
527
529
530
532
533
534
535
536
537
538
539
540
541
542
546
549
550
551
552
553
554
555
557
558
559
561
563
564
565
566
567
568
569
570
571
573
574
575
576
577
579
581
582
583
585
587
589
590
591
592
593
594
596
597
598
599
601
603
604
605
607
609
610
611
612
613
615
616
617
619
620
622
625
626
627
628
629
631
632
633
634
635
637
638
639
640
641
642
644
645
646
648
650
651
652
653
654
656
659
660
661
662
663
664
665
666
669
670
671
672
673
674
675
678
679
680
681
682
683
684
685
686
687
688
689
690
692
693
694
695
696
697
698
699
700
701
702
703
705
706
707
708
709
710
712
718
719
720
721
723
724
725
726
727
728
730
731
732
733
734
735
736
737
738
739
741
742
743
744
745
746
749
750
751
752
753
754
755
757
759
760
763
765
768
769
770
771
772
773
774
775
776
777
778
779
780
781
782
783
788
789
790
794
795
796
798
799
801
803
804
805
806
807
808
810
811
815
817
818
819
820
821
822
824
825
826
827
829
830
831
832
835
837
839
840
841
842
843
844
845
846
849
850
851
853
854
855
856
857
858
859
860
862
863
864
865
867
868
869
870
871
872
873
875
876
877
878
879
880
881
883
884
885
886
887
888
889
890
891
892
894
895
897
898
900
903
905
908
909
912
913
917
918
919
920
921
922
923
925
926
927
928
929
930
931
932
934
936
938
941
942
943
944
946
947
948
950
952
953
954
958
960
961
963
965
967
968
969
970
971
973
974
975
977
978
980
981
982
983
984
986
987
990
992
995
996
998
999
1003
1005
1006
1007
1008
1009
1010
1011
1013
1016
1018
1019
1020
1022
1024
1025
1028
1029
1030
1031
1033
1034
1035
1036
1037
1038
1041
1042
1043
1044
1050
1051
1053
1055
1056
1057
1061
1062
1063
1065
1066
1067
1068
1069
1070
1071
1073
1074
1075
1076
1077
1079
1082
1083
1084
1085
1086
1089
1090
1091
1092
1094
1096
1098
1101
1103
1104
1105
1106
1107
1108
1109
1110
1111
1112
1113
1117
1120
1121
1122
1123
1124
1127
1129
1132
1133
1139
1142
1144
1145
1146
1148
1149
1150
1152
1155
1156
1157
1158
1159
1161
1162
1165
1166
1167
1169
1171
1175
1179
1180
1181
1182
1184
1186
1187
1189
1190
1191
1195
1196
1198
1199
1200
1201
1202
1204
1206
1207
1209
1210
1212
1213
1215
1218
1219
1220
1222
1223
1227
1228
1229
1230
1234
1237
1240
1242
1245
1246
1248
1249
1250
1251
1253
1254
1255
1258
1260
1261
1264
1265
1267
1268
1269
1270
1271
1272
1274
1276
1279
1283
1286
1291
1292
1293
1295
1296
1299
1304
1305
1309
1312
1314
1315
1319
1320
1321
1323
1324
1326
1327
1328
1329
1330
1331
1334
1337
1338
1341
1344
1347
1348
1349
1350
1351
1353
1354
1356
1358
1362
1363
1365
1366
1368
1369
1372
1373
1375
1378
1381
1385
1386
1387
1389
1392
1399
1400
1402
1404
1406
1409
1410
1411
1412
1415
1416
1417
1418
1419
1424
1427
1429
1430
1431
1433
1434
1435
1436
1439
1443
1444
1446
1447
1451
1455
1457
1458
1463
1464
1465
1466
1467
1469
1470
1471
1472
1473
1474
1475
1477
1479
1480
1484
1485
1487
1490
1493
1495
1497
1498
1500
1502
1503
1504
1506
1507
1508
1509
1513
1514
1516
1518
1519
1521
1522
1524
1526
1527
1528
1530
1536
1538
1541
1543
1544
1545
1548
1549
1556
1558
1560
1563
1565
1566
1571
1572
1574
1576
1579
1580
1581
1587
1589
1590
1592
1593
1595
1596
1598
1599
1600
1601
1602
1604
1606
1608
1610
1611
1613
1616
1618
1619
1622
1623
1624
1625
1627
1628
1629
1633
1635
1636
1637
1639
1640
1641
1642
1644
1646
1655
1659
1660
1661
1662
1664
1667
1668
1669
1670
1671
1673
1674
1677
1678
1679
1680
1681
1683
1685
1688
1689
1690
1692
1693
1696
1699
1705
1707
1708
1710
1711
1712
1713
1716
1717
1719
1720
1722
1723
1724
1726
1727
1728
1729
1731
1732
1733
1735
1736
1739
1740
1742
1744
1745
1746
1747
1748
1749
1750
1751
1757
1758
1759
1760
1761
1762
1763
1764
1766
1769
1770
1771
1772
1773
1774
1775
1777
1781
1787
1788
1789
1791
1792
1794
1795
1798
1802
1804
1805
1808
1809
1811
1819
1820
1822
1826
1828
1830
1832
1835
1836
1841
1843
1844
1845
1850
1852
1853
1856
1857
1859
1860
1862
1863
1864
1867
1868
1869
1870
1875
1876
1877
1880
1881
1882
1883
1884
1887
1890
1891
1894
1895
1896
1898
1900
1901
1902
1903
1904
1909
1911
1920
1923
1925
1929
1930
1931
1932
1935
1937
1939
1940
1942
1944
1945
1947
1948
1949
1950
1956
1957
1960
1961
1966
1969
1971
1972
1974
1977
1979
1982
1983
1984
1985
1986
1988
1991
1994
1996
1997
2003
2004
2005
2006
2008
2009
2010
2011
2012
2015
2017
2019
2025
2027
2028
2029
2030
2032
2033
2034
2036
2037
2038
2039
2041
2042
2043
2044
2046
2047
2048
2049
2052
2053
2054
2057
2059
2061
2062
2063
2064
2067
2068
2069
2070
2073
2076
2079
2082
2083
2085
2088
2090
2092
2095
2096
2097
2098
2099
2101
2102
2103
2104
2105
2109
2112
2113
2114
2115
2124
2128
2129
2130
2132
2133
2134
2136
2138
2140
2141
2146
2147
2149
2150
2151
2154
2156
2159
2161
2162
2163
2165
2166
2167
2168
2172
2174
2175
2176
2177
2185
2193
2194
2196
2197
2199
2200
2201
2204
2205
2208
2209
2213
2219
2220
2223
2225
2226
2227
2229
2231
2232
2237
2238
2239
2240
2241
2242
2246
2248
2249
2251
2254
2255
2256
2257
2260
2264
2266
2269
2270
2273
2274
2276
2277
2279
2281
2282
2284
2288
2290
2293
2296
2301
2304
2307
2308
2311
2315
2316
2318
2319
2322
2323
2324
2327
2328
2330
2332
2333
2335
2336
2337
2338
2341
2344
2349
2354
2358
2363
2364
2365
2366
2367
2368
2369
2372
2373
2375
2376
2377
2378
2379
2380
2381
2385
2386
2393
2394
2398
2399
2400
2402
2403
2404
2406
2407
2408
2412
2417
2418
2422
2423
2424
2426
2427
2429
2432
2434
2435
2436
2437
2438
2440
2443
2444
2446
2448
2450
2451
2453
2455
2460
2464
2467
2473
2477
2482
2484
2486
2488
2489
2490
2491
2492
2493
2494
2498
2499
2501
2502
2504
2507
2508
2511
2513
2515
2516
2517
2518
2519
2520
2521
2523
2524
2525
2526
2527
2528
2529
2531
2532
2533
2534
2535
2536
2538
2539
2543
2544
2545
2546
2547
2548
2549
2551
2552
2556
2557
2558
2559
2560
2561
2562
2563
2564
2565
2566
2567
2568
2569
2571
2572
2573
2574
2575
2576
2579
2580
2581
2582
2583
2584
2585
2586
2587
2588
2590
2592
2593
2595
2596
2597
2598
2599
2600
2601
2602
2603
2604
2605
2606
2608
2609
2610
2611
2612
2613
2614
2615
2616
2617
2619
2620
2622
2623
2624
2625
2626
2627
2628
2629
2634
2635
2636
2637
2640
2641
2643
2644
2645
2646
2647
2648
2649
2650
2651
2652
2653
2656
2657
2658
2659
2660
2661
2662
2663
2664
2666
2667
2669
2670
2671
2673
2674
2675
2676
2677
2678
2679
2680
2681
2682
2683
2684
2685
2686
2688
2690
2691
2692
2693
2694
2696
2697
2698
2700
2702
2703
2704
2706
2707
2708
2709
2710
2711
2713
2715
2716
2717
2721
2722
2724
2725
2727
2729
2732
2734
2737
2738
2739
2744
2745
2746
2747
2749
2750
2751
2753
2754
2755
2757
2758
2759
2760
2761
2762
2763
2764
2765
2766
2767
2771
2772
2774
2775
2776
2777
2778
2779
2780
2781
2782
2783
2784
2786
2787
2790
2791
2792
2793
2794
2795
2796
2797
2799
2804
2805
2807
2808
2809
2810
2811
2813
2814
2815
2816
2817
2819
2820
2821
2822
2823
2824
2825
2826
2827
2828
2829
2830
2832
2835
2836
2837
2838
2840
2841
2843
2844
2845
2846
2848
2850
2851
2852
2854
2856
2857
2858
2859
2860
2861
2862
2864
2865
2866
2867
2868
2869
2870
2871
2873
2876
2877
2878
2879
2880
2882
2883
2884
2885
2886
2891
2893
2894
2895
2896
2897
2898
2899
2900
2901
2902
2903
2904
2906
2909
2910
2912
2913
2914
2915
2916
2918
2919
2920
2921
2922
2924
2926
2927
2928
2930
2931
2932
2933
2934
2936
2937
2939
2940
2941
2942
2943
2944
2945
2947
2948
2949
2950
2953
2954
2955
2956
2957
2958
2959
2960
2962
2963
2965
2967
2968
2969
2970
2971
2973
2975
2976
2977
2978
2979
2980
2982
2983
2986
2987
2988
2989
2991
2993
2994
2996
2997
2999
3000
3001
3002
3003
3004
3006
3007
3008
3009
3010
3011
3012
3013
3016
3018
3020
3021
3024
3025
3029
3030
3032
3033
3035
3037
3040
3044
3046
3049
3050
3051
3052
3053
3054
3056
3058
3059
3060
3061
3062
3063
3064
3065
3067
3069
3072
3073
3075
3076
3077
3078
3080
3082
3083
3086
3087
3088
3089
3090
3091
3092
3093
3094
3095
3096
3097
3098
3099
3100
3103
3104
3107
3108
3109
3110
3111
3112
3113
3115
3116
3118
3119
3122
3123
3124
3126
3127
3130
3132
3135
3136
3137
3139
3140
3141
3142
3144
3145
3150
3151
3152
3153
3154
3155
3156
3157
3158
3159
3160
3161
3162
3163
3164
3165
3166
3167
3168
3169
3170
3171
3172
3174
3176
3179
3183
3184
3185
3186
3187
3188
3189
3193
3194
3196
3197
3199
3200
3201
3202
3203
3205
3206
3208
3209
3210
3211
3213
3214
3215
3216
3217
3218
3219
3222
3223
3225
3227
3228
3230
3231
3232
3234
3237
3239
3240
3242
3243
3244
3248
3250
3253
3254
3256
3257
3258
3260
3261
3262
3263
3264
3265
3268
3269
3270
3271
3275
3279
3281
3283
3284
3285
3287
3288
3289
3291
3292
3293
3295
3296
3298
3299
3301
3304
3308
3309
3310
3311
3313
3314
3315
3316
3317
3319
3320
3322
3323
3324
3326
3327
3328
3330
3331
3332
3334
3336
3337
3339
3340
3341
3343
3344
3346
3347
3348
3349
3350
3352
3354
3357
3359
3360
3361
3362
3363
3365
3367
3368
3369
3371
3373
3375
3376
3378
3379
3380
3382
3383
3384
3385
3386
3388
3391
3396
3397
3398
3399
3401
3402
3403
3404
3406
3407
3409
3410
3412
3413
3414
3415
3416
3418
3419
3420
3421
3423
3424
3426
3428
3429
3431
3432
3433
3434
3435
3436
3440
3443
3444
3445
3446
3447
3448
3450
3451
3452
3453
3454
3455
3456
3457
3458
3459
3461
3462
3463
3464
3466
3467
3468
3469
3470
3472
3473
3474
3475
3476
3477
3479
3480
3482
3483
3484
3486
3487
3489
3492
3496
3497
3504
3506
3507
3508
3509
3510
3511
3512
3513
3515
3516
3517
3518
3519
3520
3521
3522
3524
3525
3526
3527
3529
3530
3532
3533
3534
3536
3538
3539
3540
3542
3543
3544
3545
3546
3547
3548
3549
3550
3551
3552
3553
3554
3556
3557
3558
3559
3560
3562
3563
3564
3565
3566
3567
3568
3569
3570
3571
3572
3573
3574
3576
3578
3579
3580
3581
3582
3583
3584
3585
3586
3589
3590
3591
3592
3593
3594
3595
3596
3597
3598
3599
3600
3601
3602
3603
3604
3605
3606
3607
3608
3609
3610
3611
3612
3613
3614
3616
3617
3618
3619
3620
3622
3623
3624
3625
3626
3630
3631
3632
3633
3635
3636
3638
3639
3640
3641
3642
3644
3646
3647
3648
3649
3650
3651
3652
3655
3656
3657
3658
3661
3664
3665
3666
3667
3669
3672
3673
3675
3677
3679
3680
3681
3682
3683
3684
3685
3686
3687
3688
3689
3691
3692
3693
3694
3695
3696
3697
3698
3699
3700
3701
3702
3703
3704
3705
3706
3707
3708
3709
3710
3712
3713
3714
3715
3716
3717
3718
3719
3720
3721
3722
3723
3724
3725
3729
3730
3731
3732
3733
3734
3735
3737
3738
3739
3740
3741
3742
3743
3745
3746
3748
3749
3751
3752
3753
3755
3756
3757
3758
3759
3760
3761
3762
3763
3764
3766
3767
3769
3770
3771
3772
3773
3774
3776
3778
3782
3783
3785
3786
3789
3790
3791
3795
3796
3797
3798
3799
3800
3801
3802
3803
3806
3807
3808
3809
3810
3811
3812
3813
3815
3816
3817
3818
3819
3820
3821
3822
3823
3824
3825
3826
3827
3828
3829
3830
3831
3833
3834
3838
3839
3840
3841
3842
3843
3844
3845
3846
3847
3848
3849
3850
3851
3852
3853
3854
3855
3856
3857
3858
3859
3860
3861
3862
3863
3864
3865
3866
3867
3868
3869
3870
3873
3874
3875
3879
3880
3881
3886
3887
3888
3889
3890
3891
3892
3893
3894
3897
3898
3899
3900
3901
3902
3905
3907
3910
3911
3914
3919
3920
3921
3922
3923
3924
3926
3927
3929
3930
3931
3932
3936
3938
3939
3944
3949
3952
3953
3954
3955
3956
3958
3959
3961
3962
3963
3964
3965
3966
3967
3968
3969
3970
3971
3972
3973
3974
3975
3976
3977
3979
3980
3981
3982
3983
3984
3989
3990
3993
3994
3996
3997
3998
3999
4001
4005
4006
4008
4009
4010
4011
4012
4013
4017
4018
4019
4020
4021
4022
4023
4024
4027
4030
4032
4033
4034
4036
4038
4039
4046
4048
4049
4051
4053
4056
4057
4058
4059
4060
4061
4062
4065
4066
4067
4070
4071
4072
4073
4074
4077
4079
4080
4081
4082
4084
4085
4087
4088
4089
4090
4094
4095
4096
4097
4098
4101
4102
4103
4104
4105
4107
4108
4109
4110
4111
4116
4117
4118
4119
4120
4122
4125
4127
4128
4129
4130
4131
4133
4134
4135
4136
4137
4140
4141
4142
4143
4145
4146
4147
4148
4149
4150
4153
4154
4155
4156
4157
4159
4160
4161
4163
4169
4171
4172
4173
4175
4178
4179
4182
4183
4184
4185
4187
4188
4189
4190
4191
4192
4193
4194
4196
4198
4199
4200
4201
4205
4209
4211
4212
4215
4216
4217
4218
4219
4220
4221
4223
4225
4226
4228
4229
4230
4231
4232
4234
4237
4238
4239
4240
4241
4242
4250
4251
4253
4255
4256
4257
4258
4260
4265
4266
4267
4268
4269
4270
4271
4274
4275
4276
4278
4279
4280
4281
4284
4285
4291
4292
4293
4294
4295
4298
4299
4300
4301
4302
4303
4304
4305
4308
4309
4310
4311
4313
4314
4315
4316
4320
4321
4322
4323
4324
4325
4326
4331
4332
4334
4335
4336
4337
4338
4339
4340
4346
4347
4348
4349
4350
4351
4352
4353
4354
4358
4359
4362
4364
4365
4366
4367
4368
4370
4378
4379
4380
4381
4382
4383
4384
4385
4387
4388
4389
4390
4391
4392
4393
4395
4396
4398
4399
4401
4402
4403
4404
4405
4408
4412
4413
4415
4418
4420
4421
4422
4424
4425
4426
4427
4428
4429
4430
4431
4432
4434
4437
4438
4439
4441
4443
4444
4445
4451
4453
4455
4456
4458
4459
4460
4462
4466
4467
4468
4469
4470
4471
4473
4474
4475
4477
4478
4479
4480
4481
4482
4483
4484
4486
4487
4488
4489
4490
4491
4492
4493
4494
4495
4496
4499
4501
4502
4506
4511
4513
4514
4518
4519
4522
4523
4524
4528
4531
4534
4535
4536
4539
4542
4543
4544
4545
4546
4547
4548
4549
4551
4552
4553
4554
4555
4556
4557
4558
4559
4560
4561
4562
4563
4566
4567
4568
4569
4571
4572
4574
4575
4576
4577
4581
4582
4583
4585
4587
4588
4590
4591
4592
4593
4595
4596
4597
4600
4601
4603
4604
4607
4610
4611
4612
4613
4615
4618
4619
4620
4622
4623
4624
4625
4626
4627
4630
4632
4633
4634
4635
4636
4637
4639
4642
4643
4644
4646
4647
4649
4650
4651
4652
4654
4655
4656
4660
4661
4662
4664
4666
4667
4668
4670
4671
4674
4677
4678
4679
4682
4684
4685
4686
4688
4689
4690
4691
4692
4693
4694
4696
4697
4698
4699
4700
4702
4703
4704
4705
4706
4707
4708
4709
4710
4711
4712
4713
4717
4723
4724
4726
4727
4728
4733
4734
4735
4736
4737
4742
4743
4744
4745
4746
4748
4750
4754
4756
4757
4758
4759
4763
4765
4766
4767
4768
4770
4774
4775
4776
4778
4779
4780
4781
4784
4787
4788
4790
4791
4794
4797
4798
4799
4800
4801
4802
4803
4804
4805
4806
4808
4809
4810
4811
4812
4813
4814
4815
4816
4817
4819
4821
4822
4824
4825
4827
4828
4829
4830
4831
4833
4835
4836
4837
4839
4840
4841
4842
4843
4844
4845
4846
4847
4848
4849
4850
4851
4852
4854
4855
4856
4857
4859
4861
4862
4864
4865
4866
4868
4869
4870
4871
4872
4873
4874
4875
4876
4877
4878
4879
4880
4881
4882
4883
4884
4886
4887
4888
4889
4890
4893
4894
4895
4896
4897
4898
4899
4900
4901
4902
4903
4904
4905
4906
4907
4908
4909
4910
4911
4912
4913
4914
4915
4916
4917
4918
4919
4920
4923
4926
4927
4928
4929
4930
4931
4932
4934
4935
4937
4938
4940
4941
4942
4943
4944
4946
4953
4957
4959
4961
4962
4964
4967
4968
4969
4973
4975
4976
4979
4981
4988
4991
4993
4994
4996
4997
4998
5001
5003
5009
5010
5011
5013
5014
5019
5024
5025
5030
5033
5034
5035
5036
5038
5040
5041
5042
5044
5045
5051
5052
5054
5056
5060
5061
5063
5064
5067
5068
5069
5070
5074
5075
5076
5078
5079
5081
5082
5084
5086
5087
5088
5095
5097
5098
5099
5101
5102
5105
5109
5110
5111
5112
5114
5116
5118
5120
5121
5123
5125
5126
5131
5133
5135
5136
5144
5145
5146
5147
5148
5152
5153
5156
5157
5158
5160
5164
5165
5167
5169
5170
5172
5175
5176
5177
5179
5180
5182
5184
5186
5190
5191
5193
5195
5196
5198
5199
5204
5205
5212
5215
5220
5222
5224
5227
5228
5229
5231
5233
5235
5238
5240
5241
5242
5243
5247
5251
5252
5254
5258
5261
5266
5268
5271
5272
5273
5274
5277
5281
5282
5286
5288
5292
5294
5296
5297
5298
5300
5302
5306
5307
5309
5311
5316
5317
5321
5322
5323
5325
5326
5327
5330
5331
5334
5335
5338
5340
5342
5344
5345
5352
5354
5356
5357
5358
5359
5360
5361
5362
5364
5365
5366
5369
5373
5375
5376
5379
5380
5381
5382
5386
5387
5388
5389
5392
5393
5396
5398
5399
5400
5401
5405
5408
5413
5417
5418
5419
5421
5425
5427
5428
5429
5432
5433
5435
5437
5438
5441
5443
5445
5446
5449
5450
5451
5459
5461
5462
5463
5464
5465
5466
5468
5470
5471
5475
5476
5477
5478
5479
5481
5482
5484
5488
5489
5490
5491
5495
5496
5497
5498
5500
5503
5504
5505
5506
5507
5509
5511
5512
5513
5514
5515
5519
5520
5521
5523
5524
5525
5526
5528
5529
5530
5533
5534
5535
5536
5540
5544
5545
5546
5549
5550
5551
5556
5557
5560
5561
5563
5564
5565
5566
5567
5571
5572
5573
5574
5575
5576
5577
5579
5580
5581
5582
5583
5584
5585
5586
5587
5588
5589
5591
5592
5593
5595
5598
5599
5601
5603
5605
5606
5611
5614
5615
5616
5617
5618
5624
5625
5626
5629
5631
5632
5634
5636
5638
5640
5641
5642
5643
5644
5645
5646
5647
5650
5651
5652
5653
5654
5655
5656
5657
5660
5661
5662
5664
5667
5668
5670
5673
5674
5675
5676
5678
5679
5680
5681
5686
5688
5692
5697
5698
5699
5700
5702
5705
5706
5708
5709
5710
5711
5712
5715
5718
5719
5720
5721
5722
5724
5725
5726
5728
5729
5730
5731
5732
5734
5735
5736
5737
5739
5740
5741
5743
5745
5746
5747
5749
5750
5754
5755
5756
5759
5760
5763
5764
5765
5767
5768
5770
5771
5772
5773
5774
5778
5779
5780
5783
5784
5786
5789
5791
5793
5794
5795
5796
5797
5798
5800
5803
5804
5807
5810
5811
5814
5815
5816
5817
5820
5823
5824
5825
5826
5827
5828
5829
5831
5832
5833
5834
5835
5838
5840
5842
5843
5845
5847
5848
5849
5850
5851
5852
5853
5855
5856
5858
5859
5861
5864
5866
5867
5868
5869
5871
5875
5876
5877
5880
5882
5883
5884
5885
5886
5887
5888
5890
5891
5895
5897
5898
5901
5902
5903
5904
5905
5908
5911
5912
5914
5915
5917
5918
5920
5922
5923
5925
5927
5928
5929
5930
5931
5933
5936
5942
5945
5946
5947
5948
5949
5950
5952
5953
5955
5956
5958
5959
5960
5966
5967
5971
5972
5973
5977
5985
5987
5989
5990
5991
5992
5993
5994
5995
5996
5998
5999
6000
6002
6003
6004
6008
6009
6011
6013
6015
6016
6018
6019
6020
6021
6022
6023
6026
6027
6030
6031
6033
6035
6036
6037
6038
6039
6040
6041
6044
6045
6049
6050
6051
6053
6054
6055
6056
6057
6058
6060
6061
6062
6063
6064
6066
6067
6069
6073
6076
6077
6078
6079
6080
6081
6082
6084
6085
6086
6087
6088
6089
6090
6091
6092
6093
6094
6095
6096
6099
6102
6103
6104
6105
6106
6109
6112
6113
6116
6118
6120
6122
6126
6130
6131
6133
6134
6135
6136
6137
6138
6139
6140
6141
6143
6144
6148
6149
6150
6151
6157
6158
6159
6160
6161
6162
6165
6167
6169
6170
6171
6172
6175
6181
6182
6184
6185
6186
6187
6192
6193
6194
6195
6199
6201
6202
6205
6206
6207
6209
6210
6212
6213
6214
6218
6219
6220
6223
6224
6225
6230
6231
6233
6234
6237
6241
6242
6243
6247
6248
6250
6251
6252
6253
6254
6255
6261
6262
6263
6264
6265
6267
6272
6274
6275
6276
6277
6279
6282
6283
6287
6289
6290
6291
6293
6294
6295
6297
6298
6299
6300
6301
6303
6306
6310
6312
6314
6317
6321
6322
6326
6328
6329
6330
6331
6336
6337
6339
6342
6343
6345
6348
6349
6350
6351
6352
6353
6354
6357
6358
6359
6361
6363
6364
6365
6366
6367
6368
6369
6370
6371
6372
6373
6378
6381
6382
6383
6384
6385
6388
6389
6390
6391
6392
6393
6395
6397
6401
6402
6403
6407
6411
6413
6414
6415
6416
6418
6419
6420
6421
6422
6426
6427
6431
6432
6433
6435
6436
6438
6441
6444
6445
6446
6447
6450
6451
6452
6453
6455
6457
6458
6460
6461
6462
6463
6464
6465
6466
6468
6469
6475
6477
6479
6480
6481
6486
6491
6492
6493
6495
6496
6497
6500
6502
6504
6505
6507
6508
6516
6518
6522
6523
6525
6530
6531
6532
6535
6536
6537
6538
6541
6543
6544
6545
6546
6548
6549
6553
6556
6557
6559
6560
6561
6565
6567
6568
6569
6576
6577
6578
6579
6580
6581
6585
6586
6587
6588
6589
6590
6591
6592
6593
6594
6595
6597
6599
6600
6607
6609
6610
6612
6613
6614
6616
6618
6619
6620
6622
6623
6624
6625
6626
6628
6629
6633
6634
6637
6638
6641
6643
6644
6646
6650
6652
6653
6654
6658
6661
6662
6664
6665
6668
6669
6670
6671
6672
6673
6674
6675
6678
6680
6683
6684
6685
6687
6688
6689
6690
6696
6698
6700
6701
6702
6703
6704
6705
6706
6710
6711
6713
6714
6715
6717
6718
6719
6720
6721
6722
6723
6724
6725
6726
6727
6728
6729
6730
6731
6733
6734
6735
6737
6741
6742
6747
6749
6751
6752
6753
6755
6756
6757
6761
6762
6763
6765
6766
6767
6769
6771
6772
6773
6777
6782
6783
6784
6786
6787
6788
6789
6790
6791
6792
6793
6796
6799
6800
6801
6802
6807
6809
6810
6812
6813
6814
6817
6818
6825
6826
6827
6834
6836
6844
6853
6854
6856
6857
6859
6860
6861
6862
6863
6866
6868
6869
6870
6871
6873
6877
6881
6883
6884
6886
6888
6889
6891
6893
6894
6896
6902
6903
6904
6907
6908
6910
6911
6912
6913
6914
6915
6918
6922
6925
6926
6927
6932
6934
6935
6936
6937
6938
6943
6945
6948
6953
6955
6956
6957
6960
6962
6964
6965
6967
6968
6969
6970
6972
6973
6977
6979
6980
6981
6982
6984
6987
6988
6989
6990
6991
6996
7002
7003
7005
7006
7007
7008
7009
7010
7016
7018
7020
7025
7027
7030
7033
7034
7035
7036
7037
7040
7041
7042
7045
7046
7048
7049
7055
7056
7058
7061
7062
7063
7064
7065
7067
7068
7069
7075
7079
7081
7086
7089
7090
7091
7092
7093
7095
7097
7099
7100
7101
7103
7108
7110
7111
7118
7119
7124
7125
7126
7127
7130
7131
7132
7133
7134
7135
7136
7140
7141
7142
7143
7148
7152
7153
7154
7155
7156
7157
7159
7164
7167
7172
7174
7175
7176
7177
7178
7180
7183
7188
7192
7193
7194
7195
7198
7202
7203
7205
7209
7210
7211
7215
7220
7221
7222
7223
7224
7225
7226
7229
7231
7232
7234
7235
7238
7241
7242
7243
7244
7245
7246
7247
7249
7250
7253
7254
7256
7257
7259
7264
7268
7273
7274
7275
7276
7277
7278
7279
7282
7283
7284
7285
7286
7289
7290
7294
7296
7298
7300
7302
7311
7312
7314
7315
7318
7321
7322
7323
7324
7326
7328
7334
7335
7337
7338
7339
7340
7341
7342
7343
7344
7345
7351
7352
7353
7354
7358
7359
7360
7361
7362
7365
7366
7368
7371
7375
7377
7378
7379
7384
7385
7392
7397
7398
7401
7402
7405
7406
7409
7410
7411
7412
7413
7414
7416
7419
7422
7425
7426
7427
7428
7430
7432
7437
7438
7439
7442
7444
7447
7449
7450
7451
7453
7454
7458
7459
7461
7462
7463
7464
7465
7466
7468
7470
7471
7472
7474
7475
7477
7478
7480
7482
7485
7486
7487
7488
7489
7490
7492
7496
7498
7499
7503
7505
7506
7508
7509
7512
7513
7514
7517
7518
7528
7530
7532
7533
7538
7544
7545
7547
7550
7551
7552
7554
7557
7562
7565
7566
7567
7569
7570
7571
7572
7573
7574
7575
7576
7577
7578
7579
7580
7582
7583
7584
7585
7586
7588
7589
7591
7592
7593
7594
7595
7596
7597
7599
7601
7602
7604
7605
7606
7608
7610
7611
7612
7613
7616
7617
7618
7620
7621
7624
7625
7626
7627
7629
7630
7631
7633
7635
7636
7637
7638
7639
7640
7641
7643
7645
7648
7650
7651
7652
7654
7655
7657
7661
7662
7664
7665
7666
7667
7668
7670
7672
7673
7675
7676
7677
7680
7682
7683
7684
7686
7687
7690
7691
7693
7694
7696
7697
7700
7704
7705
7706
7707
7708
7709
7710
7712
7713
7715
7719
7722
7724
7725
7726
7727
7728
7730
7732
7734
7735
7736
7737
7739
7740
7742
7745
7746
7749
7751
7752
7753
7754
7756
7758
7760
7761
7762
7766
7767
7768
7769
7770
7774
7775
7780
7781
7783
7785
7786
7787
7790
7791
7793
7794
7797
7800
7801
7803
7804
7806
7807
7808
7810
7812
7813
7815
7816
7819
7821
7822
7825
7827
7829
7830
7832
7834
7835
7837
7839
7841
7846
7847
7849
7851
7852
7854
7856
7857
7858
7859
7862
7863
7864
7865
7867
7869
7870
7873
7874
7875
7877
7878
7879
7880
7886
7887
7888
7891
7892
7894
7895
7898
7899
7901
7902
7903
7904
7905
7906
7913
7916
7917
7918
7920
7921
7923
7925
7927
7928
7929
7930
7931
7934
7937
7938
7940
7945
7946
7947
7948
7949
7950
7951
7954
7955
7956
7957
7961
7962
7963
7964
7969
7971
7973
7976
7980
7981
7991
7993
7994
7995
7998
8000
8003
8006
8007
8009
8010
8011
8014
8016
8017
8024
8025
8026
8034
8035
8039
8041
8043
8047
8049
8053
8054
8056
8060
8062
8063
8064
8065
8066
8069
8070
8071
8073
8074
8075
8077
8078
8080
8083
8086
8087
8090
8091
8093
8099
8100
8102
8104
8105
8107
8108
8110
8112
8116
8117
8118
8119
8120
8121
8123
8126
8127
8129
8130
8131
8135
8136
8138
8141
8143
8144
8146
8147
8150
8153
8155
8157
8158
8159
8160
8161
8164
8166
8168
8169
8170
8174
8183
8186
8192
8193
8194
8195
8196
8197
8198
8199
8201
8204
8213
8215
8222
8223
8232
8233
8234
8237
8238
8239
8241
8242
8244
8245
8247
8249
8252
8253
8259
8263
8264
8265
8267
8268
8269
8270
8271
8272
8273
8274
8275
8276
8277
8281
8282
8283
8285
8286
8291
8297
8306
8307
8310
8312
8313
8314
8316
8319
8320
8324
8331
8333
8335
8336
8337
8338
8340
8343
8345
8347
8350
8351
8353
8354
8355
8356
8357
8358
8359
8360
8361
8364
8365
8366
8368
8370
8371
8373
8374
8387
8388
8391
8393
8395
8396
8397
8400
8401
8403
8404
8407
8411
8412
8413
8414
8415
8416
8417
8418
8421
8423
8424
8428
8429
8431
8432
8433
8434
8435
8437
8440
8441
8443
8444
8445
8447
8448
8449
8450
8453
8455
8457
8458
8460
8461
8462
8463
8466
8468
8471
8472
8473
8477
8480
8481
8485
8488
8489
8496
8498
8499
8500
8501
8502
8505
8506
8507
8508
8511
8513
8514
8516
8518
8519
8521
8523
8527
8536
8541
8542
8544
8545
8549
8554
8559
8565
8567
8568
8573
8574
8577
8578
8579
8580
8583
8586
8587
8590
8591
8593
8594
8595
8596
8597
8598
8599
8600
8603
8605
8606
8607
8608
8609
8612
8613
8614
8615
8616
8617
8618
8619
8622
8624
8626
8627
8629
8635
8638
8640
8642
8643
8646
8647
8648
8649
8651
8652
8655
8660
8670
8673
8676
8680
8684
8689
8693
8702
8705
8719
8721
8732
8733
8736
8737
8740
8741
8742
8744
8745
8746
8748
8750
8752
8753
8754
8756
8761
8764
8768
8771
8773
8775
8779
8780
8782
8783
8784
8785
8786
8787
8789
8790
8792
8799
8801
8803
8805
8808
8809
8811
8816
8817
8818
8820
8821
8822
8823
8824
8825
8826
8827
8828
8829
8830
8831
8834
8835
8837
8840
8847
8849
8852
8854
8855
8856
8857
8859
8860
8862
8863
8864
8865
8866
8869
8870
8871
8874
8875
8877
8880
8882
8888
8889
8892
8894
8895
8896
8897
8898
8899
8901
8902
8903
8905
8906
8914
8916
8917
8919
8920
8921
8922
8923
8924
8926
8927
8928
8930
8932
8933
8934
8938
8939
8940
8941
8942
8943
8944
8945
8947
8949
8951
8952
8960
8961
8965
8966
8968
8969
8970
8972
8973
8978
8979
8980
8988
8989
8995
8997
8998
8999
9003
9004
9006
9007
9008
9009
9013
9014
9015
9021
9031
9035
9038
9039
9040
9044
9049
9052
9053
9054
9057
9058
9060
9062
9064
9066
9071
9072
9073
9076
9078
9079
9081
9083
9085
9086
9089
9090
9091
9095
9096
9098
9099
9101
9105
9106
9109
9110
9111
9113
9121
9124
9128
9130
9131
9135
9136
9137
9138
9139
9140
9141
9142
9143
9146
9147
9148
9149
9150
9152
9153
9156
9157
9159
9165
9170
9171
9172
9173
9174
9178
9179
9182
9184
9190
9191
9194
9195
9198
9199
9202
9204
9206
9207
9208
9210
9211
9212
9213
9214
9215
9216
9217
9218
9219
9220
9222
9224
9227
9228
9229
9232
9235
9236
9238
9239
9241
9251
9252
9253
9254
9256
9263
9271
9274
9286
9287
9288
9293
9297
9299
9301
9305
9309
9311
9312
9315
9317
9318
9319
9320
9325
9326
9327
9330
9332
9335
9337
9338
9348
9349
9351
9352
9353
9354
9355
9359
9362
9366
9369
9373
9378
9380
9381
9382
9385
9387
9388
9391
9392
9393
9398
9404
9406
9412
9413
9417
9418
9422
9423
9426
9432
9435
9438
9439
9441
9442
9443
9444
9445
9446
9447
9449
9450
9452
9453
9455
9459
9460
9461
9467
9469
9471
9476
9477
9478
9484
9485
9488
9490
9491
9493
9494
9496
9498
9499
9501
9502
9506
9512
9513
9517
9518
9519
9520
9521
9522
9524
9525
9526
9528
9529
9530
9533
9536
9537
9538
9539
9541
9549
9550
9551
9554
9556
9557
9558
9560
9561
9563
9565
9567
9568
9569
9571
9573
9575
9576
9586
9587
9588
9591
9592
9593
9594
9595
9598
9600
9601
9603
9606
9607
9609
9610
9612
9613
9618
9620
9622
9623
9625
9628
9629
9630
9631
9634
9638
9639
9640
9652
9653
9655
9665
9666
9670
9672
9673
9674
9676
9677
9678
9682
9684
9685
9693
9694
9695
9698
9699
9702
9708
9709
9720
9721
9722
9724
9732
9734
9736
9737
9739
9740
9748
9751
9753
9757
9758
9759
9764
9765
9766
9767
9768
9769
9771
9774
9776
9777
9778
9779
9781
9783
9784
9787
9788
9790
9798
9802
9805
9808
9810
9812
9813
9815
9816
9817
9820
9823
9828
9829
9832
9833
9834
9838
9840
9841
9846
9847
9848
9850
9851
9857
9858
9863
9865
9866
9868
9869
9871
9873
9874
9875
9876
9877
9878
9879
9880
9881
9882
9883
9884
9885
9886
9887
9888
9902
9904
9906
9907
9908
9909
9917
9918
9920
9921
9922
9923
9924
9931
9942
9945
9948
9952
9953
9957
9958
9960
9964
9967
9973
9974
9981
9982
9987
9994
10001
10005
10009
10019
10020
10023
10025
10029
10031
10032
10034
10035
10036
10037
10038
10048
10050
10051
10052
10054
10056
10063
10064
10065
10066
10067
10068
10069
10071
10077
10086
10089
10099
10118
10124
10125
10126
10127
10129
10132
10137
10139
10140
10142
10144
10146
10151
10152
10154
10155
10156
10162
10163
10164
10166
10174
10179
10180
10181
10189
10190
10193
10194
10195
10201
10202
10204
10210
10222
10231
10232
10233
10240
10241
10245
10249
10250
10257
10258
10268
10271
10275
10279
10283
10288
10290
10292
10295
10298
10306
10317
10320
10328
10333
10334
10342
10344
10352
10357
10358
10365
10377
10380
10388
10390
10395
10399
10410
10413
10424
10426
10428
10435
10437
10445
10447
10458
10474
10482
10486
10492
10500
10513
10521
10523
10538
10543
10545
10550
10551
10553
10555
10558
10562
10563
10570
10573
10585
10588
10591
10595
10605
10607
10609
10611
10618
10622
10627
10633
10638
10640
10644
10653
10659
10664
10674
10680
10699
10708
10715
10717
10725
10726
10728
10730
10731
10741
10742
10743
10745
10747
10749
10751
10752
10754
10755
10757
10758
10759
10761
10762
10763
10764
10770
10772
10775
10776
10777
10778
10779
10781
10782
10783
10784
10785
10786
10788
10789
10790
10796
10797
10799
10800
10802
10803
10804
10805
10806
10807
10809
10814
10815
10816
10824
10825
10826
10839
10845
10846
10849
10850
10852
10853
10857
10864
10865
10869
10872
10873
10874
10877
10881
10889
10892
10893
10894
10896
10897
10901
10903
10912
10914
10920
10921
10936
10938
10939
10940
10941
10942
10945
10949
10950
10961
10962
10966
10971
10972
10974
10975
10976
10978
10982
10988
10996
10998
11000
11005
11008
11009
11014
11021
11023
11032
11035
11040
11043
11046
11047
11048
11050
11051
11056
11058
11064
11065
11068
11072
11081
11086
11087
11092
11094
11101
11116
11123
11126
11127
11131
11132
11134
11137
11143
11144
11147
11148
11153
11154
11157
11159
11164
11165
11166
11169
11170
11181
11182
11195
11204
11206
11209
11210
11211
11212
11213
11214
11215
11218
11243
11250
11251
11262
11266
11285
11293
11299
11307
11321
11322
11323
11325
11334
11339
11345
11352
11356
11358
11365
11367
11369
11370
11371
11379
11383
11387
11390
11394
11395
11398
11399
11400
11401
11402
11403
11404
11405
11411
11412
11417
11418
11423
11425
11426
11427
11437
11439
11444
11448
11450
11453
11454
11456
11462
11464
11469
11473
11482
11490
11496
11500
11506
11516
11517
11520
11524
11526
11527
11529
11533
11535
11536
11538
11541
11542
11543
11546
11547
11548
11549
11552
11554
11561
11562
11563
11564
11566
11570
11571
11574
11576
11577
11578
11587
11590
11593
11596
11606
11609
11614
11619
11631
11632
11640
11641
11642
11649
11661
11664
11672
11673
11679
11685
11695
11702
11703
11716
11726
11730
11740
11743
11747
11750
11751
11762
11777
11781
11784
11794
11795
11800
11806
11812
11813
11817
11836
11837
11840
11842
11844
11851
11853
11863
11866
11870
11878
11886
11890
11896
11899
11903
11904
11919
11922
11927
11939
11945
11957
11959
11961
11962
11964
11978
11980
11982
11990
11991
11995
12002
12016
12029
12038
12039
12042
12044
12055
12057
12059
12060
12062
12069
12070
12081
12083
12086
12100
12104
12111
12112
12115
12116
12117
12122
12136
12138
12139
12140
12142
12144
12146
12147
12152
12155
12158
12160
12163
12164
12165
12167
12170
12172
12173
12175
12180
12183
12184
12194
12199
12201
12203
12208
12211
12212
12213
12219
12224
12229
12230
12231
12233
12234
12239
12242
12243
12246
12247
12248
12251
12252
12263
12281
12283
12286
12300
12311
12312
12318
12320
12321
12325
12329
12331
12339
12351
12353
12354
12355
12358
12362
12366
12384
12385
12386
12391
12395
12399
12403
12406
12410
12415
12419
12434
12435
12441
12442
12443
12444
12448
12459
12461
12470
12483
12484
12497
12501
12510
12513
12522
12523
12526
12529
12532
12533
12538
12551
12558
12565
12568
12571
12587
12591
12594
12605
12609
12610
12615
12638
12644
12648
12654
12657
12664
12665
12666
12667
12668
12669
12670
12671
12672
12673
12674
12675
12676
12677
12678
12679
12680
12681
12682
12683
12684
12685
12686
12687
12688
12689
12690
12691
12692
12693
12694
12695
12696
12697
12698
12699
12701
12702
12705
12707
12708
12709
12710
12726
12730
12733
12735
12738
12743
12747
12749
12751
12754
12759
12762
12764
12767
12769
12770
12774
12775
12776
12784
12787
12798
12799
12800
12806
12810
12828
12832
12833
12855
12856
12861
12868
12876
12879
12881
12893
12894
12895
12897
12898
12905
12908
12914
12917
12919
12921
12923
12938
12946
12948
12954
12956
12960
12963
12966
12970
12971
12980
12982
12987
12988
12989
12994
12998
13011
13012
13014
13019
13035
13039
13059
13061
13066
13068
13070
13085
13086
13097
13100
13101
13108
13109
13117
13130
13144
13151
13152
13155
13171
13173
13190
13193
13194
13195
13203
13222
13224
13227
13229
13238
13239
13244
13245
13257
13262
13263
13267
13273
13275
13281
13283
13291
13295
13298
13301
13306
13309
13311
13312
13313
13314
13317
13318
13320
13324
13328
13329
13330
13337
13339
13359
13360
13366
13368
13382
13398
13406
13415
13418
13419
13421
13426
13427
13430
13432
13434
13455
13472
13473
13491
13492
13496
13500
13507
13511
13512
13513
13514
13515
13517
13530
13538
13544
13559
13567
13571
13573
13574
13577
13578
13583
13586
13587
13588
13589
13597
13600
13601
13604
13609
13615
13616
13617
13629
13634
13647
13650
13654
13655
13656
13663
13666
13667
13670
13692
13697
13706
13708
13715
13718
13721
13735
13739
13749
13754
13760
13762
13764
13771
13773
13776
13777
13778
13780
13789
13791
13792
13793
13803
13804
13812
13813
13816
13820
13821
13830
13832
13837
13838
13850
13854
13856
13858
13870
13873
13881
13892
13897
13899
13906
13909
13910
13912
13927
13928
13938
13940
13942
13943
13948
13958
13959
13980
13997
14000
14001
14006
14029
14036
14047
14052
14055
14065
14117
14121
14123
14132
14133
14143
14148
14168
14169
14173
14174
14179
14192
14200
14205
14225
14226
14239
14244
14246
14254
14263
14267
14272
14280
14293
14306
14312
14313
14332
14335
14337
14342
14349
14383
14400
14405
14410
14427
14460
14468
14474
14529
14534
14552
14556
14559
14561
14564
14583
14590
14594
14601
14609
14610
14612
14615
14627
14634
14646
14648
14649
14652
14653
14654
14656
14657
14658
14659
14662
14663
14664
14670
14675
14676
14677
14678
14680
14683
14684
14685
14691
14697
14701
14718
14720
14723
14725
14735
14745
14746
14747
14752
14756
14760
14761
14763
14764
14765
14766
14772
14774
14776
14792
14793
14808
14826
14827
14832
14837
14845
14866
14867
14878
14886
14889
14890
14901
14910
14916
14924
14925
14929
14930
14944
14946
14953
14954
14968
14974
14980
14983
14986
15000
15011
15019
15029
15038
15047
15051
15056
15066
15069
15072
15076
15085
15086
15087
15092
15095
15097
15106
15107
15108
15116
15117
15122
15124
15130
15135
15153
15157
15169
15171
15172
15175
15178
15180
15191
15195
15205
15213
15221
15224
15225
15226
15236
15241
15243
15249
15257
15271
15272
15278
15287
15298
15317
15319
15337
15350
15379
15382
15383
15384
15391
15395
15424
15427
15444
15464
15479
15483
15514
15515
15517
15524
15526
15540
15547
15548
15549
15552
15556
15557
15578
15591
15593
15600
15626
15627
15632
15634
15639
15640
15666
15668
15671
15672
15673
15674
15675
15676
15677
15678
15679
15680
15681
15682
15683
15684
15709
15714
15737
15739
15765
15777
15847
15854
15865
15881
15894
15914
15916
15932
15946
15948
15953
15956
15966
16001
16007
16010
16018
16019
16029
16032
16041
16042
16043
16054
16056
16057
16060
16062
16063
16071
16085
16089
16096
16108
16112
16115
16153
16167
16170
16173
16185
16199
16205
16206
16207
16219
16220
16227
16241
16269
16276
16277
16300
16301
16316
16325
16329
16344
16350
16353
16356
16365
16368
16373
16378
16386
16399
16408
16421
16422
16425
16427
16429
16446
16449
16450
16454
16458
16482
16494
16504
16514
16516
16519
16524
16532
16546
16550
16554
16561
16568
16570
16571
16583
16585
16586
16590
16596
16605
16609
16612
16628
16638
16678
16691
16705
16708
16709
16732
16743
16744
16754
16758
16763
16771
16775
16778
16791
16792
16805
16814
16818
16827
16829
16830
16832
16870
16884
16949
16950
17090
17092
17093
17094
17095
17097
17122
17123
17124
17134
17155
17169
17186
17248
17313
17320
17323
17352
17356
17357
17362
17369
17405
17406
17420
17425
17430
17454
17455
17457
17467
17468
17472
17490
17493
17515
17533
17554
17558
17566
17568
17569
17574
17575
17576
17634
17640
17644
17661
17747
17787
17801
17820
17821
17826
17858
17862
17877
17885
17887
17897
17931
17934
17945
17958
17959
17968
17972
17988
18017
18041
18043
18051
18052
18053
18062
18063
18064
18065
18066
18068
18071
18087
18088
18104
18105
18106
18107
18108
18109
18110
18111
18112
18113
18114
18115
18116
18117
18118
18119
18120
18121
18122
18123
18124
18125
18126
18127
18128
18129
18130
18131
18132
18133
18134
18135
18136
18137
18138
18139
18140
18141
18142
18143
18144
18145
18146
18151
18152
18156
18165
18167
18169
18181
18182
18189
18196
18210
18211
18212
18213
18214
18215
18216
18217
18218
18219
18220
18221
18222
18223
18224
18225
18226
18227
18228
18229
18230
18265
18266
18268
18275
18304
18315
18316
18328
18330
18331
18332
18352
18353
18356
18357
18358
18375
18377
18380
18391
18398
18401
18410
18416
18423
18426
18454
18456
18471
18472
18481
18482
18488
18498
18499
18523
18526
18545
18563
18592
18940
18944
19021
19031
19036
19038
19041
19042
19045
19143
19157
19171
19218
19267
19268
19269
19270
19271
19272
19296
19310
19357
19370
19458
19675
19756
