7
8
9
16
17
20
23
26
27
28
29
36
39
41
42
54
56
57
58
60
61
63
67
68
69
71
72
74
83
93
97
98
99
101
103
107
108
110
119
124
125
131
137
140
142
143
146
147
152
155
157
162
163
170
175
181
197
198
200
203
204
205
206
207
210
215
217
218
221
226
229
230
233
236
237
241
242
253
254
256
258
267
268
275
276
278
279
280
282
289
295
297
299
300
303
304
321
326
333
336
347
351
352
358
360
366
370
371
386
392
409
411
412
422
425
426
427
428
431
432
436
438
446
454
467
468
470
471
476
482
490
504
505
513
514
538
541
542
552
553
555
558
559
565
576
591
592
596
597
599
607
615
616
618
620
636
639
642
651
652
658
661
662
663
664
665
670
673
674
675
679
680
681
683
693
710
715
717
719
720
721
722
730
734
736
737
739
743
751
752
753
755
757
758
759
765
768
770
772
778
779
780
782
789
790
792
793
795
796
805
806
807
810
820
823
825
829
837
848
850
853
856
868
869
870
871
873
879
883
888
889
895
908
909
911
920
921
926
930
933
934
943
946
953
956
960
965
971
973
974
978
980
987
999
1018
1020
1024
1030
1033
1043
1062
1070
1074
1075
1076
1077
1091
1105
1106
1122
1143
1153
1156
1158
1159
1163
1167
1181
1184
1190
1191
1213
1223
1227
1231
1242
1250
1265
1278
1279
1302
1312
1319
1344
1348
1349
1350
1356
1364
1400
1404
1419
1425
1433
1463
1464
1465
1467
1475
1480
1485
1487
1495
1504
1516
1517
1545
1547
1548
1552
1553
1563
1565
1573
1579
1580
1583
1590
1591
1599
1600
1601
1621
1622
1629
1632
1636
1640
1643
1647
1651
1655
1659
1664
1678
1686
1696
1699
1706
1707
1713
1716
1733
1748
1758
1760
1761
1781
1788
1792
1795
1798
1805
1810
1826
1841
1855
1870
1877
1897
1902
1903
1918
1920
1925
1929
1941
1946
1947
1950
1959
1972
1979
1983
1986
1996
2004
2009
2015
2016
2028
2030
2033
2037
2064
2067
2068
2088
2098
2109
2128
2135
2144
2157
2163
2166
2168
2197
2199
2205
2229
2240
2246
2251
2256
2260
2264
2268
2271
2282
2293
2309
2325
2328
2344
2345
2354
2359
2364
2365
2369
2385
2388
2393
2394
2398
2434
2444
2450
2463
2473
2489
2501
2504
2513
2517
2518
2521
2533
2543
2553
2556
2559
2561
2571
2582
2587
2590
2595
2608
2610
2622
2623
2625
2627
2628
2634
2641
2644
2645
2648
2649
2650
2658
2661
2662
2666
2669
2670
2671
2676
2677
2678
2681
2683
2684
2688
2690
2694
2707
2722
2724
2737
2738
2742
2747
2749
2762
2766
2771
2773
2774
2775
2790
2801
2807
2808
2809
2814
2816
2823
2824
2827
2838
2839
2850
2852
2853
2864
2873
2877
2893
2895
2901
2904
2906
2910
2914
2918
2920
2924
2934
2939
2942
2943
2945
2949
2950
2952
2955
2963
2965
2976
2999
3002
3034
3035
3046
3050
3054
3057
3059
3063
3065
3066
3077
3079
3084
3089
3091
3094
3095
3099
3107
3115
3119
3121
3127
3133
3144
3151
3157
3160
3162
3166
3169
3177
3185
3191
3197
3211
3214
3217
3222
3224
3227
3228
3230
3232
3250
3251
3257
3258
3263
3285
3292
3296
3305
3322
3331
3342
3350
3354
3356
3358
3368
3375
3377
3390
3401
3404
3408
3415
3416
3418
3419
3423
3424
3429
3431
3443
3450
3451
3452
3454
3456
3457
3465
3466
3467
3468
3480
3482
3483
3489
3491
3495
3504
3506
3520
3526
3527
3532
3534
3535
3536
3539
3545
3552
3556
3557
3559
3563
3565
3566
3568
3575
3576
3578
3579
3581
3582
3583
3584
3590
3595
3596
3599
3604
3605
3606
3609
3613
3620
3621
3623
3625
3626
3632
3633
3638
3648
3651
3654
3655
3658
3661
3665
3667
3670
3680
3681
3682
3683
3691
3693
3697
3699
3700
3702
3703
3704
3705
3706
3707
3708
3713
3716
3723
3731
3737
3742
3748
3752
3756
3759
3764
3766
3767
3772
3776
3777
3791
3795
3802
3806
3819
3820
3821
3822
3823
3826
3848
3854
3896
3897
3898
3899
3900
3901
3912
3921
3922
3923
3924
3927
3930
3931
3957
3961
3963
3965
3981
3982
3983
3988
4006
4008
4012
4018
4022
4023
4033
4035
4071
4073
4076
4082
4098
4101
4108
4111
4113
4115
4127
4134
4137
4143
4147
4150
4153
4159
4172
4179
4184
4185
4186
4194
4201
4207
4208
4215
4216
4217
4225
4240
4251
4253
4264
4266
4267
4271
4278
4294
4298
4299
4300
4301
4303
4313
4314
4316
4324
4330
4359
4364
4368
4370
4381
4388
4402
4430
4441
4455
4456
4457
4470
4474
4487
4490
4495
4497
4500
4535
4536
4539
4545
4567
4584
4596
4600
4603
4604
4622
4623
4629
4633
4635
4637
4640
4649
4660
4674
4676
4679
4685
4689
4690
4691
4696
4698
4699
4702
4718
4719
4723
4734
4740
4765
4766
4767
4769
4780
4781
4787
4812
4813
4814
4827
4830
4831
4837
4847
4862
4866
4868
4869
4877
4884
4890
4894
4898
4909
4912
4913
4914
4915
4927
4940
4943
4951
4953
4955
4960
4961
4969
4979
4993
5006
5008
5013
5014
5035
5042
5045
5051
5056
5061
5066
5082
5084
5112
5116
5125
5153
5156
5163
5188
5189
5200
5205
5228
5229
5266
5267
5280
5298
5310
5311
5317
5326
5351
5354
5356
5361
5369
5374
5378
5382
5383
5388
5390
5395
5396
5400
5408
5410
5417
5425
5428
5432
5438
5442
5449
5452
5456
5476
5480
5486
5488
5496
5507
5512
5513
5527
5530
5536
5546
5549
5566
5573
5577
5583
5584
5585
5587
5589
5594
5595
5601
5602
5623
5633
5638
5651
5652
5688
5699
5700
5724
5726
5734
5743
5751
5760
5768
5780
5784
5790
5792
5793
5794
5801
5811
5815
5817
5828
5835
5836
5837
5842
5850
5869
5872
5875
5880
5884
5889
5927
5942
5944
5953
5966
5971
5980
5985
5988
5992
6000
6004
6011
6026
6027
6031
6036
6037
6038
6039
6049
6057
6061
6063
6066
6076
6083
6088
6089
6091
6092
6093
6103
6104
6108
6131
6161
6162
6203
6204
6224
6233
6243
6246
6252
6261
6283
6297
6321
6350
6352
6363
6365
6366
6371
6372
6389
6391
6392
6393
6400
6401
6424
6432
6441
6447
6453
6462
6478
6479
6491
6492
6509
6514
6535
6537
6540
6544
6545
6546
6551
6556
6575
6592
6596
6622
6624
6625
6626
6627
6640
6661
6663
6675
6684
6691
6693
6694
6705
6711
6713
6719
6720
6721
6728
6744
6757
6787
6796
6800
6807
6808
6814
6825
6844
6869
6871
6885
6886
6894
6895
6897
6900
6905
6910
6912
6914
6915
6927
6939
6954
6955
6960
6972
6977
6981
7034
7037
7044
7060
7066
7091
7103
7143
7148
7154
7167
7176
7177
7178
7179
7186
7189
7193
7199
7202
7204
7205
7208
7210
7236
7240
7254
7284
7285
7290
7311
7326
7332
7334
7358
7362
7375
7376
7382
7397
7402
7403
7409
7419
7437
7451
7457
7460
7461
7462
7466
7470
7472
7475
7477
7491
7508
7513
7517
7531
7532
7533
7534
7538
7547
7562
7569
7570
7571
7572
7573
7575
7578
7579
7580
7581
7594
7595
7596
7609
7621
7622
7626
7629
7630
7633
7639
7641
7658
7663
7666
7669
7671
7683
7687
7695
7698
7707
7719
7720
7721
7722
7725
7730
7732
7733
7734
7740
7749
7757
7758
7770
7777
7790
7818
7824
7827
7835
7839
7851
7854
7856
7857
7871
7882
7888
7898
7903
7904
7906
7909
7915
7917
7925
7932
7943
7946
7958
7964
7970
7971
7981
7984
7997
8008
8021
8034
8036
8040
8048
8049
8051
8056
8063
8065
8067
8073
8074
8076
8078
8081
8083
8100
8109
8111
8118
8128
8136
8145
8153
8159
8161
8175
8201
8203
8209
8224
8227
8228
8229
8234
8236
8239
8243
8244
8246
8249
8251
8252
8253
8267
8271
8276
8278
8317
8318
8320
8325
8327
8330
8335
8338
8342
8343
8345
8346
8347
8348
8349
8360
8370
8384
8388
8394
8404
8405
8415
8422
8423
8439
8455
8463
8472
8473
8480
8533
8568
8572
8600
8603
8606
8610
8613
8614
8684
8732
8733
8740
8753
8759
8772
8775
8784
8785
8786
8789
8818
8849
8850
8856
8857
8868
8871
8880
8894
8898
8912
8917
8923
8928
8929
8930
8938
8943
8945
8952
8955
8965
8977
8978
8980
8982
9013
9021
9025
9049
9054
9057
9058
9066
9072
9084
9085
9143
9144
9153
9155
9183
9191
9205
9240
9254
9258
9305
9334
9344
9379
9383
9384
9385
9429
9442
9445
9452
9453
9481
9528
9530
9537
9554
9556
9566
9570
9572
9576
9604
9621
9631
9639
9652
9668
9671
9693
9694
9698
9699
9712
9717
9728
9751
9758
9764
9765
9816
9817
9826
9827
9829
9840
9847
9848
9849
9860
9868
9881
9935
9945
9975
9977
9990
10009
10036
10044
10076
10088
10139
10170
10193
10218
10227
10237
10262
10268
10272
10277
10282
10287
10290
10298
10413
10426
10432
10437
10455
10479
10480
10485
10513
10519
10532
10548
10553
10558
10567
10573
10576
10607
10610
10613
10627
10633
10647
10659
10670
10698
10699
10717
10720
10722
10728
10730
10772
10784
10786
10796
10801
10805
10815
10838
10869
10870
10881
10912
10914
10941
10942
10957
11010
11036
11044
11082
11090
11114
11141
11146
11159
11160
11194
11208
11210
11211
11218
11256
11270
11314
11342
11352
11389
11400
11401
11402
11403
11404
11405
11406
11413
11414
11418
11423
11425
11426
11427
11435
11447
11454
11472
11500
11512
11513
11527
11545
11556
11568
11574
11585
11590
11609
11628
11640
11661
11675
11679
11938
11977
11994
12021
12039
12042
12081
12083
12085
12138
12144
12150
12173
12236
12241
12261
12263
12276
12282
12288
12302
12316
12320
12321
12345
12403
12478
12499
12500
12522
12539
12554
12585
12618
12676
12677
12680
12682
12702
12716
12737
12742
12773
12796
12856
12870
12898
12902
12914
12929
12950
12960
12963
12966
12977
13016
13076
13109
13113
13117
13120
13156
13224
13239
13263
13279
13314
13315
13322
13400
13427
13455
13482
13485
13538
13564
13575
13578
13586
13587
13588
13619
13647
13651
13663
13684
13685
13687
13688
13689
13690
13691
13711
13720
13721
13730
13746
13792
13821
13832
13870
13875
13900
13917
13984
14030
14031
14073
14112
14170
14187
14226
14246
14254
14263
14281
14410
14490
14543
14554
14647
14664
14679
14725
14735
14785
14821
14825
14857
14918
14925
14926
14944
15054
15089
15092
15097
15141
15172
15192
15226
15227
15228
15301
15333
15340
15370
15429
15463
15474
15514
15515
15517
15518
15610
15737
15771
15825
15851
15885
15888
16035
16041
16057
16078
16085
16276
16344
16427
16494
16542
16570
16622
16804
17067
17341
17366
17454
17471
17518
17628
17629
17630
17631
17632
17633
17649
17653
17858
18017
18041
18166
18263
18300
18328
18351
18396
18526
18553
18590
18592
19225
19226
19227
19228
19229
19230
