1
3
7
8
10
12
17
23
24
29
39
51
54
60
68
69
72
74
77
83
85
86
88
89
93
99
101
107
111
113
114
119
123
124
130
135
136
142
147
149
171
173
179
180
181
185
187
194
197
204
206
207
210
212
215
216
217
221
230
239
242
247
248
254
255
260
262
270
273
275
279
287
288
293
294
295
299
302
304
310
313
322
323
333
336
344
347
349
358
360
366
370
371
374
375
381
387
388
393
398
402
403
412
413
414
421
423
425
427
428
431
435
436
438
439
442
445
449
450
457
463
471
473
475
485
490
492
505
506
508
511
513
517
519
527
531
555
558
564
599
601
611
612
614
616
625
626
628
637
650
651
658
670
672
673
676
681
690
693
695
706
710
712
721
724
727
731
734
736
739
743
749
751
752
759
760
770
772
773
774
776
778
780
781
782
792
793
794
795
797
801
804
805
806
811
815
817
826
827
830
832
837
838
848
850
854
857
858
859
875
879
884
886
887
891
892
917
918
919
928
929
932
941
943
956
963
968
973
978
982
997
1002
1008
1009
1011
1013
1014
1024
1025
1029
1034
1037
1040
1049
1050
1056
1062
1075
1077
1078
1082
1083
1092
1097
1098
1102
1103
1105
1113
1122
1124
1126
1143
1150
1156
1158
1162
1167
1169
1179
1181
1190
1192
1200
1204
1210
1223
1224
1231
1250
1254
1258
1264
1265
1272
1274
1276
1277
1283
1286
1291
1297
1299
1304
1321
1323
1338
1339
1345
1348
1353
1355
1356
1367
1372
1383
1385
1400
1404
1406
1410
1431
1432
1440
1451
1465
1469
1480
1483
1485
1495
1503
1526
1528
1534
1540
1542
1563
1572
1576
1580
1589
1596
1610
1622
1626
1629
1645
1646
1655
1659
1668
1679
1682
1691
1697
1708
1711
1726
1729
1732
1736
1739
1755
1762
1781
1792
1798
1802
1810
1811
1828
1830
1838
1843
1852
1853
1868
1894
1896
1904
1917
1923
1931
1935
1941
1946
1947
1952
1979
1982
1985
1991
2003
2019
2027
2034
2036
2041
2043
2060
2062
2064
2067
2070
2083
2097
2099
2118
2129
2132
2136
2137
2144
2157
2160
2165
2174
2176
2183
2190
2196
2197
2219
2232
2240
2260
2267
2273
2279
2301
2315
2323
2337
2338
2354
2359
2366
2369
2376
2393
2396
2400
2402
2407
2421
2423
2424
2434
2435
2446
2455
2462
2463
2467
2487
2489
2491
2493
2499
2501
2503
2515
2520
2521
2528
2536
2539
2541
2546
2549
2551
2559
2567
2568
2582
2585
2586
2590
2593
2597
2601
2608
2610
2614
2615
2623
2637
2640
2643
2644
2645
2648
2650
2659
2660
2662
2666
2669
2674
2678
2681
2684
2685
2689
2691
2710
2718
2720
2726
2732
2747
2748
2749
2754
2755
2758
2759
2760
2772
2774
2775
2777
2781
2791
2794
2801
2803
2807
2814
2817
2832
2850
2853
2860
2869
2882
2892
2893
2897
2901
2906
2927
2932
2933
2934
2936
2945
2950
2971
2973
2976
2983
2985
2992
2994
3004
3007
3014
3033
3051
3056
3060
3065
3069
3070
3073
3084
3086
3094
3095
3097
3107
3115
3123
3124
3127
3130
3139
3150
3153
3156
3168
3169
3170
3185
3192
3211
3213
3217
3219
3223
3228
3230
3238
3240
3242
3244
3256
3259
3262
3264
3265
3268
3275
3277
3285
3287
3295
3296
3298
3301
3306
3322
3324
3331
3340
3350
3361
3369
3373
3379
3382
3384
3386
3398
3401
3402
3412
3416
3417
3421
3422
3432
3434
3437
3450
3455
3456
3459
3462
3463
3465
3466
3470
3471
3478
3480
3484
3495
3504
3508
3521
3525
3528
3543
3544
3550
3552
3553
3556
3560
3561
3565
3566
3567
3568
3571
3572
3573
3574
3578
3579
3583
3585
3595
3596
3597
3599
3600
3604
3607
3609
3611
3612
3614
3621
3624
3626
3632
3649
3650
3651
3655
3658
3665
3685
3687
3690
3695
3698
3699
3703
3708
3714
3715
3725
3729
3730
3731
3737
3739
3741
3748
3752
3756
3757
3759
3761
3766
3772
3780
3783
3786
3789
3790
3791
3795
3799
3800
3803
3813
3817
3818
3823
3852
3857
3859
3863
3865
3866
3868
3871
3881
3887
3888
3890
3892
3897
3898
3901
3907
3924
3945
3952
3958
3961
3967
3968
3979
3981
3983
3993
3994
4005
4006
4008
4013
4015
4022
4032
4036
4039
4046
4070
4071
4079
4086
4096
4108
4113
4118
4124
4125
4131
4134
4141
4155
4157
4159
4162
4172
4175
4178
4179
4183
4186
4192
4205
4208
4211
4215
4220
4227
4228
4238
4242
4250
4253
4257
4276
4297
4303
4308
4311
4312
4316
4322
4324
4335
4336
4340
4352
4353
4358
4359
4366
4389
4398
4402
4419
4425
4429
4430
4438
4439
4440
4443
4448
4455
4456
4478
4480
4492
4496
4497
4502
4522
4531
4539
4545
4554
4555
4567
4569
4571
4582
4592
4596
4597
4603
4617
4626
4630
4650
4651
4655
4662
4666
4682
4707
4716
4726
4749
4751
4761
4766
4770
4787
4789
4790
4794
4798
4806
4816
4817
4819
4831
4833
4834
4846
4851
4868
4882
4886
4894
4898
4900
4906
4912
4913
4917
4923
4927
4938
4942
4946
4955
4961
4963
4968
4969
4981
4988
4998
5011
5035
5036
5044
5060
5066
5074
5075
5082
5110
5120
5135
5146
5152
5156
5160
5167
5192
5211
5226
5230
5234
5247
5251
5253
5254
5261
5265
5268
5272
5289
5317
5326
5330
5363
5367
5369
5379
5380
5382
5396
5402
5422
5425
5428
5432
5476
5480
5491
5493
5496
5504
5508
5511
5512
5519
5528
5531
5534
5544
5549
5555
5557
5563
5564
5566
5571
5573
5582
5583
5586
5589
5592
5601
5605
5626
5638
5639
5648
5657
5660
5661
5671
5675
5676
5680
5684
5706
5708
5709
5712
5718
5722
5738
5755
5770
5778
5796
5810
5817
5829
5831
5835
5837
5838
5862
5897
5908
5918
5927
5929
5942
5945
5959
5960
5966
5971
5981
6000
6011
6015
6037
6039
6041
6053
6060
6064
6073
6080
6082
6093
6113
6122
6126
6133
6138
6139
6143
6158
6160
6171
6185
6191
6199
6204
6205
6214
6218
6219
6234
6237
6241
6243
6246
6261
6271
6272
6283
6293
6299
6302
6341
6351
6353
6359
6365
6366
6370
6371
6373
6374
6389
6391
6409
6410
6413
6418
6433
6444
6453
6460
6461
6468
6530
6548
6552
6556
6570
6574
6581
6583
6585
6586
6587
6592
6597
6599
6600
6605
6615
6621
6626
6629
6652
6653
6675
6700
6701
6703
6722
6728
6731
6736
6740
6741
6761
6770
6772
6790
6796
6800
6802
6805
6814
6820
6833
6834
6844
6870
6878
6885
6886
6922
6927
6934
6936
6944
6956
6965
6970
6977
6990
6995
6999
7020
7027
7038
7061
7064
7065
7067
7080
7104
7126
7141
7142
7148
7167
7177
7188
7194
7203
7207
7208
7222
7230
7232
7242
7244
7245
7292
7296
7314
7323
7333
7351
7375
7386
7409
7410
7413
7446
7450
7461
7462
7472
7494
7495
7499
7532
7533
7547
7562
7571
7572
7588
7602
7604
7614
7616
7617
7623
7626
7627
7630
7631
7635
7639
7641
7661
7687
7694
7699
7707
7708
7710
7717
7719
7722
7727
7732
7739
7748
7766
7770
7779
7780
7787
7793
7797
7804
7810
7816
7826
7827
7832
7840
7844
7849
7869
7871
7878
7881
7892
7897
7918
7926
7928
7932
7935
7940
7941
7945
7948
7951
7954
7958
7970
7980
7986
8008
8040
8041
8051
8064
8071
8074
8078
8080
8081
8083
8092
8100
8113
8119
8125
8144
8145
8161
8165
8166
8168
8169
8188
8192
8194
8195
8208
8213
8223
8227
8229
8245
8264
8281
8291
8307
8314
8318
8346
8347
8348
8364
8365
8368
8397
8428
8444
8455
8471
8482
8496
8533
8564
8569
8572
8581
8599
8600
8603
8605
8606
8629
8648
8650
8652
8681
8696
8732
8733
8742
8743
8753
8787
8798
8800
8802
8803
8809
8811
8816
8820
8823
8828
8841
8862
8864
8867
8869
8870
8876
8917
8945
8968
8974
8981
9008
9036
9045
9066
9072
9083
9091
9108
9113
9140
9142
9148
9176
9184
9199
9208
9216
9217
9218
9219
9220
9222
9230
9236
9248
9250
9254
9263
9269
9284
9286
9295
9297
9298
9300
9311
9325
9343
9380
9390
9402
9417
9420
9422
9423
9429
9432
9443
9449
9460
9461
9468
9471
9501
9504
9514
9529
9532
9533
9539
9540
9554
9556
9557
9559
9561
9593
9603
9628
9633
9640
9662
9666
9681
9716
9728
9755
9765
9769
9821
9833
9845
9847
9848
9860
9863
9884
9907
9940
9953
9955
9964
9975
10032
10034
10037
10044
10070
10082
10095
10097
10106
10154
10211
10218
10220
10222
10253
10298
10317
10349
10413
10419
10423
10434
10437
10442
10459
10480
10497
10508
10517
10538
10543
10548
10549
10558
10611
10627
10655
10672
10682
10692
10701
10724
10728
10753
10757
10772
10784
10789
10823
10836
10866
10868
10884
10889
10920
10935
10941
10949
10958
10964
11009
11044
11068
11069
11082
11108
11121
11134
11146
11148
11157
11160
11163
11194
11195
11199
11255
11275
11297
11299
11344
11355
11371
11403
11405
11406
11414
11418
11422
11454
11464
11475
11492
11503
11535
11545
11572
11578
11619
11630
11640
11643
11683
11728
11762
11764
11816
11838
11847
11901
11923
12036
12074
12079
12112
12121
12123
12155
12158
12166
12211
12230
12239
12295
12318
12392
12402
12406
12413
12419
12431
12463
12491
12525
12550
12562
12563
12587
12657
12676
12677
12678
12680
12715
12790
12914
12955
12998
13016
13055
13061
13112
13143
13217
13219
13238
13248
13260
13267
13281
13282
13291
13327
13366
13389
13393
13403
13415
13426
13485
13512
13514
13518
13523
13531
13617
13620
13664
13685
13688
13689
13711
13721
13724
13760
13775
13844
13848
13856
13858
13922
13927
13930
13980
14000
14098
14143
14244
14325
14337
14345
14383
14405
14431
14516
14552
14561
14593
14594
14615
14627
14642
14658
14703
14720
14760
14786
14801
14878
14907
14927
14968
14982
14993
15010
15018
15030
15045
15051
15082
15095
15116
15125
15148
15159
15172
15190
15206
15207
15210
15226
15243
15315
15316
15319
15321
15323
15341
15399
15400
15423
15429
15464
15500
15557
15634
15673
15709
15723
15735
15740
15812
15847
15881
15916
15981
16056
16057
16063
16185
16195
16201
16211
16299
16350
16356
16490
16504
16524
16568
16578
16589
16615
16626
16659
16676
16716
16765
16792
16818
16828
16830
16952
17059
17152
17155
17192
17202
17254
17255
17262
17267
17272
17274
17287
17289
17406
17420
17493
17539
17576
17648
17666
17877
17931
17972
17988
18017
18079
18082
18104
18108
18116
18121
18122
18123
18128
18129
18130
18142
18143
18144
18145
18151
18152
18174
18185
18194
18205
18210
18216
18229
18270
18294
18296
18347
18349
18351
18402
18410
18413
18433
18454
18493
18554
18582
18611
18646
18682
18782
18889
18925
19129
19631
19863
19883
