0
1
3
4
6
7
8
9
10
11
12
15
16
17
18
20
22
23
24
26
27
28
29
30
32
33
36
39
40
41
42
45
47
48
50
51
54
55
56
57
58
59
60
61
62
63
66
67
68
69
70
71
72
73
74
76
77
78
79
81
82
83
84
85
86
87
88
89
90
91
92
93
94
96
97
99
100
101
103
106
107
108
109
110
111
112
113
114
115
116
119
120
122
123
124
125
126
127
128
129
130
131
132
133
134
135
136
137
138
140
141
142
143
145
146
147
148
150
151
152
153
154
155
156
157
159
163
167
168
170
172
173
174
175
177
178
179
180
181
182
183
185
186
187
188
189
191
193
194
197
198
199
200
201
202
204
205
206
207
208
210
211
212
214
215
216
217
218
219
221
222
223
226
228
229
230
233
234
236
237
239
240
241
242
244
247
248
250
254
255
256
258
260
261
262
264
268
270
271
272
273
275
278
279
280
281
282
283
285
286
287
288
289
290
293
295
296
297
299
300
301
302
303
304
307
308
310
312
313
315
317
319
320
321
322
323
325
326
329
331
337
338
342
344
345
346
347
349
350
351
352
353
354
358
360
361
362
363
364
366
368
369
370
371
372
373
374
375
376
377
378
379
380
381
383
384
386
387
388
389
390
393
394
401
402
403
404
405
408
409
410
411
417
418
419
420
423
424
425
426
427
428
430
431
432
435
436
437
438
439
440
441
442
445
446
447
448
449
450
451
453
454
455
457
458
459
460
463
464
466
468
469
470
471
473
474
475
477
480
481
482
483
485
488
489
490
492
493
494
500
501
503
504
505
506
508
510
513
514
516
517
518
519
521
522
523
525
526
527
532
534
536
537
538
540
541
542
543
544
546
548
549
550
551
552
553
555
556
557
558
559
561
563
565
566
567
568
569
571
573
575
576
581
582
583
584
585
586
587
588
589
590
592
593
594
596
597
599
600
601
602
603
607
608
609
610
611
612
613
614
615
617
619
622
623
624
625
626
628
632
633
634
635
636
637
638
639
640
641
645
646
647
648
650
651
652
653
654
656
658
659
662
663
664
665
666
667
668
670
671
672
673
675
676
678
679
680
681
682
684
685
686
687
688
689
690
692
693
694
695
696
697
698
701
703
706
707
708
709
710
711
714
715
718
719
720
722
724
725
727
728
733
734
735
736
737
739
741
744
746
749
750
751
752
753
754
755
756
758
759
761
763
765
768
770
772
773
774
775
777
778
779
780
781
782
783
785
786
787
788
789
790
792
793
794
795
796
798
799
801
803
804
805
806
807
810
811
815
816
817
819
820
821
824
825
826
827
830
832
834
836
837
839
840
842
844
846
848
849
850
853
854
856
857
858
859
860
861
864
865
867
869
870
871
872
875
877
878
879
880
883
884
885
886
887
888
889
892
893
894
895
896
898
900
901
902
903
904
905
906
908
909
911
912
913
917
918
919
920
921
922
924
926
927
928
929
930
931
932
933
934
935
938
940
941
943
944
946
947
949
950
951
952
953
955
956
960
963
965
966
967
968
969
971
973
974
976
977
978
979
980
983
984
986
987
988
990
991
992
994
995
997
998
999
1002
1004
1005
1006
1008
1009
1011
1013
1014
1015
1016
1018
1023
1024
1025
1027
1028
1029
1030
1031
1032
1033
1034
1036
1037
1039
1040
1041
1043
1044
1045
1049
1050
1052
1056
1057
1061
1062
1065
1069
1071
1073
1076
1077
1078
1079
1082
1083
1084
1085
1086
1088
1089
1091
1092
1097
1098
1099
1102
1103
1104
1106
1107
1109
1110
1113
1120
1122
1123
1124
1126
1127
1128
1129
1131
1132
1133
1136
1137
1138
1139
1141
1143
1144
1145
1146
1147
1149
1150
1152
1153
1155
1156
1158
1159
1161
1162
1163
1165
1166
1167
1168
1178
1179
1180
1181
1184
1186
1187
1188
1189
1190
1192
1194
1198
1199
1200
1201
1202
1206
1207
1208
1209
1210
1211
1213
1215
1216
1217
1219
1220
1223
1224
1226
1227
1231
1232
1234
1235
1236
1237
1242
1244
1245
1246
1248
1249
1251
1253
1254
1257
1258
1261
1265
1268
1269
1271
1272
1274
1276
1277
1279
1280
1285
1286
1287
1294
1297
1299
1300
1301
1302
1304
1305
1309
1312
1313
1316
1321
1323
1327
1328
1329
1331
1333
1335
1338
1340
1344
1347
1349
1350
1352
1354
1362
1364
1365
1367
1368
1369
1370
1372
1373
1379
1385
1387
1389
1390
1399
1400
1401
1402
1403
1404
1406
1409
1410
1411
1414
1416
1418
1419
1421
1422
1425
1426
1429
1432
1433
1434
1435
1436
1437
1439
1440
1442
1443
1444
1446
1447
1449
1451
1453
1455
1457
1458
1463
1464
1465
1466
1471
1472
1473
1474
1475
1478
1479
1480
1481
1483
1485
1487
1490
1491
1492
1495
1496
1497
1498
1500
1504
1505
1507
1508
1513
1514
1515
1516
1518
1526
1527
1529
1535
1536
1540
1541
1545
1548
1549
1550
1552
1553
1554
1556
1559
1560
1563
1565
1566
1568
1571
1572
1573
1575
1576
1580
1581
1584
1585
1587
1589
1590
1591
1592
1593
1595
1596
1598
1599
1600
1603
1609
1610
1613
1616
1618
1620
1622
1623
1625
1628
1629
1630
1633
1635
1636
1637
1640
1643
1644
1645
1647
1652
1653
1655
1659
1662
1664
1667
1669
1670
1671
1672
1673
1674
1677
1678
1679
1680
1683
1686
1688
1689
1690
1692
1693
1694
1695
1697
1703
1705
1706
1710
1711
1712
1713
1714
1716
1717
1719
1720
1722
1723
1725
1726
1729
1731
1736
1737
1739
1744
1745
1746
1747
1748
1749
1752
1755
1757
1759
1760
1761
1762
1763
1764
1765
1766
1768
1769
1770
1771
1772
1773
1774
1777
1778
1783
1784
1788
1789
1792
1794
1795
1798
1802
1810
1811
1815
1817
1818
1819
1820
1822
1828
1830
1835
1841
1843
1844
1850
1852
1853
1855
1856
1859
1866
1867
1868
1869
1870
1873
1875
1876
1877
1880
1881
1892
1894
1896
1900
1902
1904
1909
1912
1915
1917
1918
1920
1922
1923
1924
1929
1933
1935
1937
1939
1940
1941
1942
1944
1945
1947
1948
1950
1956
1957
1959
1960
1961
1964
1965
1968
1969
1970
1971
1972
1973
1976
1977
1979
1980
1982
1983
1984
1985
1989
1990
1991
1996
2003
2004
2008
2009
2010
2012
2015
2016
2018
2019
2020
2021
2022
2026
2027
2029
2030
2032
2033
2034
2035
2036
2037
2038
2039
2041
2043
2044
2046
2047
2048
2049
2052
2053
2054
2055
2056
2057
2062
2064
2066
2067
2068
2069
2070
2074
2075
2076
2078
2079
2085
2088
2090
2092
2095
2098
2099
2100
2101
2103
2105
2107
2109
2111
2114
2123
2124
2125
2129
2130
2132
2133
2137
2140
2141
2143
2144
2146
2150
2154
2156
2158
2159
2160
2164
2165
2166
2167
2168
2169
2172
2174
2175
2176
2177
2183
2185
2190
2191
2193
2194
2196
2197
2198
2199
2200
2201
2205
2208
2209
2214
2216
2219
2220
2224
2225
2227
2229
2232
2235
2238
2240
2246
2247
2249
2250
2251
2254
2255
2256
2257
2258
2260
2263
2265
2266
2268
2273
2276
2279
2281
2284
2288
2292
2293
2300
2301
2303
2305
2309
2311
2313
2316
2318
2321
2322
2323
2324
2327
2328
2329
2330
2333
2335
2336
2337
2338
2341
2343
2344
2345
2350
2354
2355
2359
2361
2363
2364
2365
2366
2367
2368
2369
2370
2372
2373
2376
2379
2380
2381
2385
2389
2393
2394
2395
2398
2399
2403
2406
2407
2408
2410
2412
2417
2418
2421
2422
2423
2424
2427
2429
2430
2432
2434
2436
2438
2441
2443
2446
2448
2450
2452
2453
2454
2455
2459
2460
2463
2464
2466
2467
2470
2472
2473
2477
2481
2482
2484
2486
2487
2488
2489
2490
2491
2492
2493
2494
2496
2498
2499
2501
2502
2504
2508
2509
2511
2515
2516
2517
2518
2521
2522
2523
2524
2526
2528
2529
2531
2533
2535
2537
2539
2540
2543
2545
2546
2547
2548
2549
2550
2551
2552
2555
2558
2559
2560
2561
2562
2564
2566
2567
2568
2570
2571
2575
2581
2582
2583
2584
2586
2593
2594
2595
2596
2597
2600
2601
2602
2603
2604
2605
2608
2609
2610
2612
2613
2615
2616
2619
2621
2622
2623
2624
2625
2627
2628
2629
2633
2634
2635
2636
2637
2640
2641
2642
2643
2644
2645
2646
2647
2648
2650
2651
2652
2656
2657
2658
2659
2660
2661
2662
2663
2664
2666
2669
2670
2671
2673
2674
2677
2678
2679
2680
2681
2682
2683
2684
2685
2687
2688
2691
2692
2694
2696
2700
2702
2703
2705
2706
2707
2708
2710
2714
2715
2717
2718
2720
2721
2722
2723
2724
2725
2726
2727
2729
2732
2733
2734
2736
2737
2738
2739
2740
2746
2747
2754
2757
2758
2762
2763
2765
2766
2770
2771
2774
2775
2776
2777
2778
2781
2782
2784
2787
2788
2790
2792
2793
2795
2796
2798
2799
2800
2801
2802
2803
2805
2807
2808
2809
2810
2811
2812
2813
2814
2818
2819
2820
2821
2823
2824
2825
2826
2828
2829
2830
2832
2837
2838
2839
2840
2844
2845
2846
2848
2850
2851
2852
2853
2856
2857
2859
2861
2862
2867
2868
2869
2871
2876
2878
2879
2882
2885
2889
2892
2893
2894
2895
2896
2897
2899
2900
2901
2902
2903
2904
2906
2907
2910
2912
2914
2915
2916
2918
2919
2920
2922
2924
2926
2927
2931
2932
2933
2934
2935
2939
2940
2941
2942
2943
2945
2946
2947
2948
2950
2951
2952
2954
2962
2963
2964
2965
2967
2970
2971
2973
2974
2975
2976
2978
2979
2980
2983
2984
2985
2987
2988
2989
2991
2992
2994
2997
2998
2999
3000
3001
3002
3003
3004
3006
3007
3008
3010
3011
3013
3016
3018
3020
3021
3022
3023
3026
3028
3029
3030
3031
3032
3033
3034
3035
3036
3037
3042
3044
3046
3047
3049
3050
3051
3052
3053
3056
3058
3059
3060
3061
3064
3065
3068
3069
3071
3073
3075
3076
3077
3078
3079
3083
3084
3085
3087
3088
3090
3091
3092
3094
3095
3096
3097
3099
3100
3103
3105
3106
3107
3108
3110
3113
3115
3116
3118
3123
3124
3126
3127
3128
3130
3132
3133
3134
3136
3137
3138
3139
3141
3144
3145
3146
3150
3151
3152
3153
3154
3156
3157
3158
3160
3162
3163
3165
3166
3168
3169
3170
3171
3174
3177
3180
3182
3183
3184
3185
3186
3187
3188
3189
3192
3194
3197
3200
3203
3204
3205
3206
3207
3208
3209
3210
3211
3212
3213
3214
3215
3216
3217
3222
3223
3225
3227
3228
3230
3231
3232
3233
3237
3238
3239
3240
3242
3243
3244
3248
3249
3250
3253
3255
3256
3257
3259
3261
3263
3264
3265
3267
3268
3269
3270
3271
3272
3274
3275
3277
3278
3279
3281
3284
3285
3286
3287
3288
3290
3292
3293
3296
3299
3301
3302
3305
3308
3309
3311
3314
3315
3316
3317
3319
3320
3322
3323
3324
3325
3328
3330
3331
3334
3336
3337
3340
3341
3342
3343
3346
3347
3349
3353
3354
3355
3357
3359
3361
3365
3367
3368
3369
3370
3372
3373
3375
3376
3379
3380
3382
3383
3384
3385
3386
3387
3389
3390
3394
3395
3398
3399
3400
3401
3403
3404
3405
3407
3408
3409
3410
3412
3413
3414
3415
3416
3419
3420
3421
3422
3423
3424
3426
3428
3429
3431
3432
3433
3435
3436
3437
3438
3439
3441
3442
3443
3444
3447
3448
3450
3452
3453
3454
3455
3456
3457
3459
3461
3462
3463
3464
3465
3466
3467
3468
3469
3470
3471
3472
3474
3476
3477
3478
3479
3480
3482
3483
3484
3486
3487
3488
3489
3491
3495
3496
3497
3498
3502
3504
3506
3507
3509
3510
3511
3512
3513
3515
3516
3517
3518
3519
3520
3521
3522
3523
3524
3525
3526
3527
3528
3529
3530
3532
3534
3538
3539
3540
3542
3543
3544
3545
3547
3549
3550
3551
3552
3553
3554
3555
3556
3557
3558
3560
3562
3565
3566
3568
3570
3571
3572
3573
3574
3576
3578
3579
3580
3581
3582
3583
3584
3585
3589
3590
3592
3594
3596
3597
3598
3599
3601
3602
3603
3604
3605
3606
3607
3608
3609
3610
3611
3612
3613
3615
3616
3619
3620
3621
3623
3624
3625
3626
3629
3630
3632
3633
3634
3635
3637
3639
3642
3646
3648
3650
3651
3653
3654
3655
3656
3658
3659
3667
3675
3676
3677
3678
3680
3682
3683
3685
3687
3689
3691
3692
3693
3695
3696
3697
3698
3699
3701
3702
3703
3704
3705
3706
3707
3708
3709
3710
3713
3714
3715
3716
3717
3720
3721
3722
3723
3724
3726
3727
3729
3730
3731
3732
3733
3734
3735
3737
3738
3739
3740
3741
3742
3743
3746
3748
3749
3751
3752
3753
3755
3756
3757
3758
3759
3760
3761
3763
3764
3766
3767
3769
3772
3776
3777
3782
3784
3785
3786
3788
3791
3793
3795
3797
3799
3800
3801
3802
3803
3804
3806
3808
3809
3810
3813
3814
3815
3816
3818
3819
3820
3821
3822
3823
3824
3826
3827
3829
3831
3833
3834
3835
3837
3839
3840
3841
3843
3844
3845
3847
3848
3849
3850
3851
3853
3854
3855
3856
3857
3858
3859
3860
3862
3863
3864
3865
3866
3867
3868
3869
3870
3871
3873
3879
3880
3881
3882
3886
3887
3888
3890
3891
3893
3896
3897
3898
3899
3900
3901
3902
3906
3907
3908
3911
3912
3913
3915
3919
3921
3922
3923
3924
3927
3929
3931
3934
3938
3940
3941
3942
3943
3945
3946
3947
3953
3956
3958
3959
3961
3962
3963
3967
3968
3969
3971
3972
3974
3976
3981
3982
3987
3988
3989
3991
3993
3994
3996
3997
3999
4000
4005
4006
4007
4008
4009
4010
4012
4013
4014
4017
4018
4019
4020
4022
4023
4024
4027
4030
4032
4033
4034
4035
4036
4038
4039
4040
4042
4043
4044
4045
4046
4048
4054
4055
4056
4060
4062
4066
4067
4070
4071
4072
4073
4074
4075
4080
4082
4083
4085
4087
4090
4092
4094
4095
4096
4098
4101
4103
4104
4106
4108
4109
4110
4111
4113
4114
4116
4117
4118
4119
4120
4122
4123
4124
4125
4127
4129
4131
4136
4137
4138
4139
4141
4145
4146
4148
4153
4154
4155
4156
4157
4158
4159
4160
4162
4164
4165
4171
4173
4175
4179
4183
4185
4186
4187
4188
4189
4190
4191
4192
4194
4197
4198
4200
4201
4203
4205
4209
4211
4214
4215
4216
4217
4218
4219
4220
4221
4222
4223
4224
4228
4229
4230
4232
4236
4237
4238
4239
4240
4241
4242
4243
4250
4253
4254
4255
4258
4261
4264
4265
4266
4267
4268
4269
4270
4271
4272
4275
4276
4278
4286
4290
4293
4294
4298
4299
4300
4301
4302
4303
4304
4305
4306
4308
4309
4310
4311
4312
4316
4317
4321
4324
4325
4326
4328
4329
4330
4331
4334
4335
4336
4337
4339
4340
4345
4347
4349
4351
4352
4353
4355
4357
4358
4359
4362
4364
4368
4371
4372
4375
4378
4381
4382
4383
4384
4385
4387
4389
4390
4391
4392
4393
4395
4396
4397
4398
4400
4402
4404
4405
4406
4411
4412
4415
4418
4420
4421
4424
4426
4427
4428
4430
4434
4438
4439
4441
4444
4445
4447
4448
4451
4452
4455
4458
4465
4466
4467
4469
4470
4472
4473
4474
4476
4478
4479
4481
4482
4483
4484
4486
4487
4489
4490
4491
4492
4494
4495
4496
4497
4502
4509
4510
4513
4514
4515
4517
4518
4519
4523
4524
4527
4532
4533
4534
4539
4542
4543
4544
4545
4546
4552
4555
4556
4557
4558
4559
4560
4561
4562
4563
4565
4566
4567
4568
4569
4576
4578
4580
4582
4585
4587
4594
4595
4596
4597
4603
4604
4605
4607
4610
4612
4613
4614
4618
4619
4622
4625
4626
4628
4629
4630
4631
4632
4634
4635
4636
4642
4645
4646
4647
4649
4650
4651
4655
4658
4659
4660
4662
4663
4666
4668
4670
4671
4673
4677
4679
4683
4684
4688
4691
4693
4694
4696
4698
4699
4701
4702
4703
4704
4705
4706
4707
4708
4710
4713
4714
4715
4716
4717
4719
4721
4722
4726
4727
4731
4733
4735
4742
4743
4746
4747
4751
4752
4753
4755
4756
4757
4758
4759
4760
4763
4765
4766
4768
4769
4770
4774
4776
4777
4779
4780
4781
4782
4784
4788
4790
4794
4798
4802
4803
4804
4807
4808
4809
4811
4812
4813
4815
4816
4817
4821
4826
4830
4831
4833
4834
4835
4836
4837
4839
4841
4844
4846
4847
4850
4853
4859
4860
4861
4863
4865
4866
4868
4869
4871
4872
4873
4875
4876
4878
4879
4881
4882
4883
4884
4886
4887
4888
4889
4890
4891
4894
4895
4896
4898
4900
4902
4906
4907
4909
4910
4912
4913
4914
4916
4917
4918
4919
4920
4921
4923
4927
4928
4931
4932
4937
4939
4940
4941
4943
4946
4952
4953
4955
4958
4959
4961
4962
4963
4964
4969
4971
4972
4973
4976
4978
4979
4980
4981
4984
4990
4993
4994
4996
4997
4998
4999
5001
5002
5005
5006
5007
5008
5009
5010
5011
5013
5019
5021
5022
5035
5036
5038
5040
5041
5045
5049
5050
5052
5054
5056
5060
5061
5064
5065
5068
5070
5071
5072
5074
5075
5076
5082
5083
5084
5087
5088
5089
5090
5093
5097
5099
5101
5102
5104
5105
5106
5108
5110
5112
5116
5119
5124
5125
5126
5133
5136
5138
5144
5148
5151
5152
5153
5154
5157
5158
5160
5161
5166
5169
5170
5172
5175
5176
5182
5184
5186
5187
5188
5192
5193
5195
5196
5197
5198
5204
5205
5206
5215
5218
5220
5222
5223
5226
5228
5229
5230
5231
5233
5234
5235
5238
5242
5243
5247
5251
5254
5255
5258
5262
5263
5264
5265
5267
5268
5269
5270
5271
5273
5275
5277
5280
5282
5286
5287
5291
5293
5295
5298
5300
5304
5305
5309
5310
5311
5312
5315
5316
5317
5318
5321
5322
5323
5326
5328
5330
5331
5333
5335
5338
5339
5340
5341
5342
5343
5349
5351
5352
5356
5357
5359
5361
5362
5363
5366
5369
5371
5376
5379
5382
5385
5387
5388
5389
5397
5399
5400
5401
5408
5409
5412
5416
5418
5419
5422
5423
5425
5428
5429
5432
5433
5435
5437
5438
5446
5447
5448
5449
5450
5452
5453
5456
5457
5458
5460
5461
5462
5463
5464
5466
5468
5470
5471
5472
5474
5475
5476
5477
5478
5479
5480
5481
5483
5484
5488
5489
5491
5493
5494
5498
5499
5503
5504
5505
5511
5512
5513
5516
5521
5523
5526
5529
5531
5533
5534
5535
5540
5541
5544
5549
5550
5551
5553
5559
5560
5562
5563
5564
5565
5566
5570
5571
5572
5573
5574
5577
5579
5580
5581
5582
5583
5584
5585
5587
5588
5590
5592
5594
5595
5601
5602
5603
5604
5605
5606
5608
5609
5611
5615
5616
5620
5621
5623
5624
5625
5626
5629
5630
5631
5633
5635
5636
5639
5640
5642
5645
5647
5649
5651
5652
5654
5655
5656
5657
5658
5664
5665
5666
5668
5669
5671
5673
5674
5675
5676
5678
5679
5680
5683
5685
5686
5688
5689
5690
5691
5697
5698
5699
5700
5702
5705
5706
5708
5709
5710
5712
5713
5716
5717
5718
5719
5720
5721
5730
5734
5735
5738
5741
5742
5745
5746
5747
5749
5751
5754
5755
5756
5759
5760
5762
5763
5764
5765
5766
5767
5768
5773
5774
5776
5778
5779
5780
5789
5791
5793
5794
5796
5803
5804
5806
5810
5813
5814
5815
5817
5818
5827
5829
5832
5833
5834
5836
5837
5840
5842
5843
5844
5845
5848
5850
5851
5852
5853
5855
5856
5858
5859
5860
5861
5862
5867
5868
5869
5870
5871
5875
5876
5880
5881
5882
5884
5885
5888
5890
5891
5894
5895
5897
5901
5902
5903
5904
5905
5906
5911
5912
5914
5916
5919
5920
5923
5925
5926
5927
5928
5930
5931
5938
5942
5945
5946
5947
5948
5950
5953
5955
5956
5958
5959
5960
5961
5966
5967
5968
5970
5971
5974
5976
5977
5981
5985
5987
5988
5989
5992
5994
5996
5997
5999
6000
6003
6007
6008
6011
6013
6015
6018
6020
6022
6023
6026
6027
6028
6031
6033
6034
6036
6037
6039
6041
6042
6043
6046
6047
6049
6052
6053
6056
6057
6058
6060
6063
6064
6066
6067
6069
6071
6074
6076
6079
6081
6084
6085
6087
6088
6089
6091
6092
6093
6095
6096
6097
6099
6103
6106
6107
6108
6109
6110
6111
6113
6114
6116
6117
6121
6122
6123
6125
6126
6134
6135
6137
6139
6141
6144
6145
6146
6149
6153
6156
6159
6160
6162
6163
6164
6166
6170
6178
6179
6181
6182
6185
6186
6187
6193
6194
6195
6198
6199
6200
6202
6204
6205
6209
6212
6213
6215
6216
6217
6218
6220
6222
6223
6224
6225
6227
6232
6233
6235
6241
6242
6247
6250
6251
6253
6254
6255
6261
6262
6267
6268
6271
6272
6273
6274
6276
6277
6281
6282
6283
6285
6286
6287
6290
6291
6292
6293
6297
6299
6300
6301
6302
6304
6305
6306
6308
6309
6310
6314
6317
6321
6322
6329
6331
6335
6337
6343
6344
6345
6350
6351
6353
6354
6355
6356
6357
6358
6359
6361
6362
6367
6368
6370
6371
6372
6373
6374
6377
6382
6383
6386
6389
6390
6391
6392
6393
6396
6399
6401
6403
6404
6409
6410
6411
6412
6413
6414
6415
6416
6420
6421
6424
6425
6427
6430
6431
6432
6433
6434
6435
6439
6443
6447
6455
6457
6458
6461
6462
6463
6466
6467
6468
6469
6472
6480
6481
6485
6491
6493
6500
6502
6503
6506
6508
6509
6510
6511
6512
6514
6516
6518
6525
6528
6531
6532
6533
6535
6539
6541
6542
6545
6548
6549
6553
6556
6559
6561
6564
6566
6574
6577
6579
6580
6581
6583
6584
6585
6586
6587
6588
6589
6592
6594
6596
6599
6600
6601
6603
6609
6610
6612
6613
6614
6618
6621
6624
6628
6629
6630
6631
6632
6637
6640
6642
6647
6649
6650
6653
6656
6658
6661
6662
6664
6665
6667
6668
6672
6673
6674
6675
6676
6681
6682
6683
6684
6687
6689
6692
6694
6696
6697
6700
6701
6702
6703
6704
6709
6712
6713
6718
6719
6720
6721
6724
6728
6729
6730
6731
6733
6735
6736
6739
6741
6745
6747
6749
6751
6753
6757
6760
6761
6762
6765
6767
6772
6778
6779
6780
6781
6784
6786
6791
6793
6795
6796
6799
6800
6801
6802
6804
6807
6808
6810
6811
6812
6813
6814
6816
6818
6822
6824
6825
6829
6833
6836
6840
6841
6842
6844
6846
6848
6850
6855
6857
6859
6860
6866
6868
6871
6874
6878
6879
6880
6881
6883
6884
6885
6886
6888
6889
6891
6892
6894
6896
6897
6900
6903
6906
6907
6908
6911
6914
6915
6916
6921
6922
6926
6927
6928
6929
6932
6934
6935
6936
6937
6938
6943
6944
6953
6955
6956
6960
6962
6963
6964
6965
6969
6970
6972
6973
6974
6977
6980
6981
6984
6988
6990
6991
6992
6998
6999
7000
7004
7005
7008
7009
7010
7011
7015
7020
7022
7027
7030
7031
7035
7036
7037
7038
7039
7040
7041
7044
7046
7049
7053
7055
7056
7061
7062
7064
7065
7066
7067
7068
7069
7072
7074
7079
7081
7082
7083
7086
7089
7090
7093
7097
7104
7108
7109
7112
7115
7118
7124
7126
7127
7128
7130
7131
7132
7133
7134
7135
7136
7138
7141
7143
7146
7148
7154
7159
7160
7162
7165
7167
7168
7171
7174
7175
7176
7177
7178
7179
7182
7183
7188
7191
7192
7194
7198
7202
7203
7207
7208
7209
7210
7211
7212
7213
7215
7220
7221
7222
7223
7224
7225
7226
7230
7231
7232
7234
7235
7236
7238
7239
7240
7241
7242
7243
7244
7245
7247
7248
7249
7250
7253
7256
7257
7259
7260
7261
7267
7268
7271
7272
7273
7274
7279
7284
7285
7291
7292
7294
7295
7296
7297
7298
7299
7300
7303
7310
7311
7314
7315
7317
7318
7319
7320
7322
7323
7326
7328
7337
7341
7342
7345
7346
7352
7353
7357
7358
7359
7360
7362
7366
7375
7377
7378
7379
7381
7382
7384
7393
7394
7396
7397
7398
7403
7405
7406
7420
7422
7426
7429
7430
7437
7441
7442
7449
7451
7455
7458
7459
7460
7461
7462
7463
7465
7466
7468
7470
7472
7478
7479
7480
7483
7487
7488
7490
7492
7495
7498
7507
7508
7509
7512
7513
7514
7517
7532
7533
7534
7537
7538
7539
7542
7543
7544
7546
7547
7549
7550
7551
7552
7557
7559
7560
7562
7565
7567
7569
7570
7571
7572
7573
7575
7576
7577
7578
7580
7581
7583
7585
7586
7588
7592
7593
7595
7596
7598
7601
7604
7605
7607
7608
7609
7612
7614
7615
7618
7619
7620
7621
7622
7623
7624
7626
7627
7629
7630
7631
7634
7635
7636
7638
7640
7641
7647
7650
7652
7654
7655
7657
7658
7661
7662
7664
7665
7666
7668
7670
7671
7672
7674
7677
7680
7681
7683
7684
7686
7687
7688
7690
7691
7693
7694
7696
7699
7700
7701
7702
7703
7706
7707
7708
7712
7714
7715
7716
7719
7721
7724
7725
7726
7727
7729
7733
7734
7738
7739
7740
7741
7746
7747
7749
7750
7754
7756
7758
7759
7761
7762
7765
7766
7769
7770
7772
7773
7774
7775
7779
7780
7781
7783
7784
7785
7786
7787
7790
7791
7792
7793
7794
7796
7797
7798
7803
7804
7807
7810
7811
7814
7815
7816
7817
7818
7821
7822
7824
7825
7827
7828
7830
7834
7835
7837
7839
7841
7844
7851
7852
7856
7857
7859
7860
7861
7862
7863
7865
7867
7868
7869
7870
7873
7874
7876
7877
7878
7880
7881
7886
7891
7893
7894
7898
7899
7900
7901
7903
7905
7906
7907
7908
7909
7912
7913
7914
7915
7916
7917
7918
7919
7920
7923
7924
7925
7928
7929
7932
7933
7934
7935
7940
7941
7942
7943
7944
7946
7947
7948
7949
7950
7951
7952
7953
7954
7956
7957
7958
7960
7964
7967
7969
7970
7971
7972
7976
7981
7982
7984
7987
7993
7994
7995
7998
8003
8004
8007
8008
8009
8012
8014
8015
8016
8017
8024
8030
8034
8035
8038
8039
8040
8041
8042
8044
8047
8049
8051
8052
8053
8054
8056
8058
8060
8062
8064
8065
8066
8068
8071
8073
8074
8075
8077
8078
8079
8080
8081
8083
8087
8090
8091
8092
8098
8099
8102
8104
8105
8110
8113
8115
8116
8118
8119
8120
8124
8129
8130
8131
8137
8138
8141
8143
8144
8145
8146
8149
8152
8153
8158
8159
8161
8165
8166
8168
8169
8170
8174
8188
8192
8194
8196
8200
8206
8212
8213
8215
8222
8223
8227
8228
8229
8232
8233
8234
8236
8237
8238
8239
8240
8243
8245
8246
8248
8249
8251
8252
8253
8264
8265
8268
8269
8270
8275
8276
8278
8280
8281
8306
8309
8312
8313
8314
8315
8317
8318
8320
8325
8327
8330
8331
8333
8334
8335
8337
8338
8342
8343
8345
8346
8347
8348
8349
8350
8354
8356
8357
8360
8364
8365
8366
8367
8368
8371
8372
8373
8375
8383
8384
8387
8388
8390
8394
8396
8400
8401
8403
8405
8408
8409
8410
8412
8416
8418
8424
8425
8428
8437
8440
8443
8446
8448
8449
8450
8454
8455
8456
8458
8459
8461
8462
8466
8469
8470
8471
8472
8473
8478
8480
8481
8482
8484
8486
8488
8492
8493
8496
8497
8500
8502
8505
8507
8508
8510
8511
8514
8518
8529
8533
8535
8540
8541
8547
8548
8557
8561
8567
8568
8569
8572
8577
8578
8581
8583
8586
8587
8589
8593
8594
8596
8600
8603
8605
8606
8608
8609
8610
8611
8612
8613
8614
8616
8622
8629
8630
8633
8635
8638
8640
8645
8647
8648
8655
8658
8662
8666
8667
8670
8672
8676
8680
8684
8685
8693
8699
8705
8720
8731
8732
8733
8735
8736
8746
8750
8755
8758
8760
8761
8764
8768
8769
8770
8772
8773
8774
8775
8780
8781
8784
8785
8786
8787
8789
8790
8791
8792
8796
8797
8798
8799
8800
8801
8802
8803
8804
8805
8808
8811
8814
8816
8818
8820
8821
8822
8823
8824
8826
8827
8828
8829
8834
8835
8836
8837
8839
8840
8844
8846
8847
8849
8853
8854
8856
8859
8860
8863
8864
8865
8866
8867
8868
8869
8870
8871
8875
8877
8880
8882
8885
8896
8904
8905
8906
8908
8914
8915
8917
8919
8920
8921
8922
8923
8925
8927
8928
8929
8930
8932
8936
8940
8944
8946
8953
8955
8958
8963
8966
8968
8970
8973
8974
8975
8977
8978
8980
8981
8982
8983
8984
8985
8986
8988
8989
8991
8992
8995
8998
8999
9002
9006
9007
9008
9011
9014
9019
9021
9024
9029
9031
9033
9036
9037
9039
9044
9045
9049
9052
9054
9056
9061
9062
9065
9066
9069
9073
9078
9079
9081
9083
9085
9090
9092
9094
9095
9096
9097
9106
9109
9110
9111
9118
9122
9126
9127
9131
9132
9135
9140
9143
9146
9148
9149
9150
9156
9157
9169
9170
9172
9174
9177
9178
9179
9180
9181
9184
9185
9191
9194
9198
9199
9202
9203
9204
9206
9207
9208
9209
9213
9214
9215
9216
9217
9218
9219
9220
9222
9223
9224
9229
9233
9236
9239
9242
9247
9248
9249
9250
9252
9253
9255
9261
9262
9263
9264
9265
9266
9267
9269
9270
9271
9272
9273
9274
9276
9277
9278
9282
9283
9284
9286
9287
9288
9289
9290
9291
9295
9297
9298
9299
9300
9305
9306
9308
9309
9315
9318
9320
9322
9325
9326
9327
9328
9332
9335
9336
9337
9340
9342
9346
9348
9350
9351
9352
9355
9357
9361
9362
9367
9371
9373
9374
9377
9383
9384
9385
9387
9390
9391
9392
9395
9396
9400
9401
9408
9410
9412
9417
9418
9420
9423
9426
9430
9441
9442
9445
9446
9447
9452
9453
9456
9459
9460
9461
9462
9463
9467
9468
9470
9476
9477
9478
9481
9485
9489
9491
9495
9497
9499
9502
9503
9507
9509
9510
9513
9514
9517
9520
9521
9523
9524
9525
9526
9528
9529
9530
9533
9536
9537
9538
9539
9540
9543
9544
9545
9549
9550
9552
9554
9556
9560
9561
9562
9563
9565
9566
9568
9569
9571
9575
9578
9579
9582
9583
9588
9590
9593
9594
9595
9598
9599
9600
9603
9615
9617
9619
9625
9637
9638
9640
9649
9653
9655
9660
9661
9662
9663
9666
9669
9670
9672
9677
9681
9682
9684
9686
9687
9692
9693
9695
9699
9702
9708
9717
9718
9719
9721
9722
9724
9725
9727
9728
9730
9732
9737
9740
9742
9747
9749
9750
9756
9759
9763
9764
9765
9766
9767
9768
9769
9771
9776
9781
9788
9791
9797
9798
9802
9808
9810
9812
9813
9815
9816
9818
9819
9821
9826
9827
9829
9830
9832
9833
9840
9841
9846
9847
9848
9854
9857
9859
9860
9861
9862
9868
9877
9881
9883
9884
9886
9898
9899
9903
9906
9910
9911
9920
9921
9931
9935
9936
9939
9940
9942
9944
9951
9953
9954
9955
9957
9959
9960
9964
9971
9975
9980
9981
9987
9990
9994
9995
9998
10001
10003
10005
10009
10012
10016
10017
10018
10023
10025
10029
10034
10035
10037
10044
10046
10047
10054
10056
10061
10062
10063
10064
10066
10074
10077
10083
10088
10090
10091
10094
10096
10097
10098
10100
10102
10121
10127
10129
10131
10132
10138
10145
10148
10152
10154
10155
10156
10159
10161
10163
10164
10166
10170
10173
10175
10179
10180
10181
10184
10185
10187
10189
10190
10192
10198
10202
10203
10205
10210
10214
10218
10222
10225
10227
10229
10230
10232
10236
10237
10240
10244
10245
10247
10252
10253
10254
10256
10262
10263
10264
10267
10268
10272
10275
10281
10286
10290
10295
10304
10306
10307
10312
10314
10317
10334
10336
10342
10345
10348
10349
10354
10358
10359
10371
10373
10381
10384
10385
10388
10390
10395
10399
10400
10404
10406
10408
10411
10412
10413
10419
10424
10432
10434
10437
10438
10445
10449
10450
10459
10467
10473
10474
10475
10479
10480
10485
10486
10488
10493
10494
10495
10497
10499
10502
10509
10510
10513
10519
10526
10529
10532
10538
10543
10545
10546
10548
10551
10553
10555
10557
10558
10562
10571
10573
10585
10587
10591
10595
10600
10604
10607
10608
10609
10613
10615
10627
10630
10636
10640
10641
10644
10655
10656
10657
10672
10674
10675
10686
10694
10695
10699
10700
10701
10704
10706
10708
10710
10728
10729
10730
10731
10738
10740
10741
10749
10751
10753
10757
10759
10761
10764
10767
10771
10772
10774
10775
10776
10777
10779
10782
10783
10784
10785
10786
10788
10789
10791
10792
10795
10796
10799
10800
10801
10802
10804
10806
10807
10809
10810
10813
10814
10815
10821
10826
10830
10831
10833
10841
10843
10845
10851
10852
10860
10864
10866
10867
10868
10871
10881
10884
10889
10892
10908
10912
10915
10918
10919
10920
10924
10927
10936
10938
10941
10942
10943
10944
10945
10950
10951
10954
10960
10964
10967
10970
10972
10973
10976
10979
10982
10987
10994
10995
11001
11003
11005
11008
11015
11016
11019
11021
11029
11032
11036
11044
11046
11047
11051
11060
11062
11063
11064
11067
11068
11073
11075
11082
11086
11090
11093
11101
11106
11107
11108
11110
11115
11116
11121
11123
11126
11127
11131
11132
11134
11141
11143
11144
11145
11147
11150
11153
11157
11159
11160
11163
11164
11165
11181
11182
11194
11195
11209
11210
11212
11213
11215
11218
11224
11229
11234
11238
11243
11244
11248
11252
11255
11256
11260
11270
11276
11284
11287
11289
11293
11299
11302
11304
11308
11313
11314
11316
11317
11323
11326
11342
11344
11348
11351
11352
11353
11354
11356
11358
11360
11367
11369
11371
11377
11383
11384
11386
11387
11388
11392
11395
11397
11400
11401
11402
11404
11405
11406
11407
11410
11411
11413
11414
11417
11420
11421
11427
11435
11439
11444
11448
11455
11456
11458
11460
11462
11464
11469
11482
11492
11494
11500
11503
11507
11512
11513
11516
11520
11522
11527
11535
11538
11541
11545
11546
11552
11554
11557
11561
11563
11564
11568
11569
11570
11571
11574
11577
11578
11580
11581
11587
11593
11605
11606
11607
11619
11633
11634
11640
11643
11644
11652
11654
11662
11665
11678
11679
11682
11683
11685
11691
11694
11695
11696
11701
11702
11713
11715
11725
11726
11728
11731
11732
11736
11738
11740
11742
11744
11747
11761
11763
11776
11777
11780
11781
11784
11790
11795
11798
11809
11813
11829
11830
11836
11837
11847
11851
11855
11856
11858
11881
11886
11890
11904
11908
11910
11911
11925
11931
11940
11955
11959
11963
11968
11971
11978
11979
11989
11993
11994
11995
12003
12007
12009
12013
12014
12021
12027
12038
12047
12055
12057
12060
12062
12070
12079
12080
12081
12087
12100
12104
12112
12121
12123
12124
12126
12130
12132
12134
12137
12138
12139
12140
12141
12142
12143
12144
12146
12147
12148
12150
12152
12156
12158
12164
12166
12169
12170
12172
12178
12179
12180
12182
12183
12187
12189
12190
12192
12194
12195
12199
12203
12208
12212
12218
12224
12225
12227
12239
12246
12247
12252
12258
12259
12261
12263
12264
12267
12271
12275
12276
12277
12278
12280
12281
12282
12293
12297
12299
12303
12305
12315
12319
12320
12321
12325
12328
12339
12341
12345
12353
12355
12357
12358
12359
12362
12367
12370
12374
12377
12378
12384
12385
12386
12392
12399
12405
12406
12415
12419
12428
12431
12439
12442
12445
12447
12448
12457
12470
12471
12475
12477
12482
12491
12496
12505
12510
12512
12515
12523
12525
12526
12529
12537
12542
12544
12548
12550
12554
12555
12556
12557
12558
12568
12574
12579
12582
12587
12589
12600
12605
12613
12628
12634
12638
12647
12650
12657
12658
12659
12660
12670
12676
12679
12680
12682
12687
12689
12701
12705
12707
12708
12709
12711
12715
12716
12718
12723
12727
12736
12738
12739
12742
12745
12751
12756
12757
12764
12774
12781
12787
12793
12797
12798
12799
12800
12806
12810
12828
12833
12857
12858
12859
12861
12863
12868
12870
12876
12879
12891
12892
12894
12898
12904
12906
12914
12916
12919
12921
12927
12935
12938
12946
12950
12954
12960
12962
12965
12966
12971
12973
12984
12987
12988
12989
12990
12992
12994
12995
13002
13012
13017
13028
13034
13035
13041
13051
13062
13064
13068
13076
13078
13079
13103
13110
13113
13119
13121
13126
13128
13133
13137
13141
13143
13144
13152
13156
13158
13167
13168
13172
13190
13193
13200
13203
13205
13209
13212
13217
13220
13221
13224
13227
13230
13231
13238
13241
13247
13261
13263
13265
13267
13273
13279
13281
13282
13283
13284
13286
13289
13290
13291
13293
13297
13300
13301
13306
13309
13313
13317
13322
13325
13327
13330
13332
13334
13339
13353
13354
13356
13357
13363
13369
13373
13382
13389
13399
13401
13404
13405
13409
13419
13421
13423
13424
13426
13430
13437
13442
13455
13457
13459
13464
13466
13472
13476
13479
13482
13483
13484
13491
13494
13496
13500
13503
13506
13511
13512
13514
13517
13518
13520
13530
13535
13536
13543
13550
13556
13559
13562
13566
13568
13570
13571
13574
13577
13578
13581
13584
13586
13588
13589
13590
13600
13602
13604
13605
13609
13611
13616
13617
13623
13628
13630
13637
13644
13645
13647
13651
13654
13661
13663
13673
13674
13680
13681
13684
13685
13687
13688
13689
13690
13691
13695
13703
13705
13712
13716
13718
13719
13724
13731
13735
13745
13747
13748
13750
13754
13755
13757
13759
13760
13770
13772
13776
13778
13780
13789
13791
13792
13795
13799
13805
13806
13807
13808
13811
13812
13829
13846
13848
13851
13854
13856
13858
13869
13873
13875
13881
13884
13885
13888
13893
13904
13906
13909
13910
13912
13913
13917
13920
13929
13934
13937
13940
13942
13943
13948
13952
13954
13960
13974
13975
13978
13980
13981
13983
13985
13989
13990
13997
14000
14015
14018
14020
14029
14047
14052
14056
14061
14065
14069
14075
14100
14101
14105
14117
14121
14123
14130
14132
14133
14143
14145
14150
14151
14152
14153
14157
14159
14161
14168
14170
14173
14187
14192
14196
14203
14226
14239
14244
14245
14248
14257
14261
14263
14265
14266
14270
14272
14282
14306
14314
14315
14322
14337
14355
14363
14364
14367
14370
14374
14377
14383
14384
14392
14405
14410
14411
14416
14427
14447
14454
14467
14471
14499
14535
14550
14557
14558
14561
14564
14566
14581
14582
14583
14590
14594
14612
14613
14616
14619
14621
14626
14646
14647
14648
14649
14650
14658
14659
14662
14664
14665
14669
14676
14681
14683
14690
14700
14708
14714
14718
14720
14726
14727
14729
14732
14735
14741
14747
14754
14766
14768
14776
14780
14786
14788
14792
14794
14796
14798
14799
14802
14804
14808
14809
14812
14813
14825
14829
14832
14833
14838
14840
14843
14847
14848
14850
14851
14853
14854
14855
14858
14860
14863
14864
14866
14868
14878
14880
14881
14884
14889
14891
14901
14907
14908
14910
14918
14920
14921
14923
14929
14930
14936
14940
14941
14949
14954
14956
14959
14963
14968
14973
14974
14982
14983
14986
14987
14990
14991
15000
15001
15011
15027
15031
15038
15040
15051
15054
15056
15059
15061
15065
15066
15069
15072
15074
15080
15086
15097
15100
15108
15117
15127
15143
15153
15155
15157
15159
15161
15163
15170
15177
15179
15180
15191
15192
15200
15209
15210
15214
15216
15219
15220
15226
15229
15232
15234
15241
15243
15246
15249
15250
15257
15272
15275
15278
15284
15296
15300
15321
15336
15338
15340
15344
15347
15349
15362
15367
15373
15375
15382
15384
15388
15392
15404
15421
15427
15436
15439
15451
15459
15463
15465
15488
15496
15503
15507
15514
15517
15524
15525
15528
15533
15534
15539
15545
15556
15557
15558
15559
15564
15571
15576
15581
15583
15595
15600
15602
15605
15627
15643
15645
15650
15651
15653
15654
15657
15663
15668
15670
15677
15681
15689
15700
15702
15709
15710
15714
15717
15718
15720
15722
15724
15726
15731
15732
15737
15738
15739
15742
15754
15764
15765
15783
15789
15847
15854
15859
15870
15871
15879
15880
15881
15895
15898
15904
15905
15911
15914
15925
15929
15943
15947
15948
15959
15962
15971
15980
15981
15983
16011
16019
16035
16037
16041
16043
16056
16057
16060
16063
16075
16085
16089
16090
16099
16108
16109
16112
16115
16117
16118
16131
16140
16154
16157
16167
16173
16195
16196
16201
16204
16219
16237
16240
16241
16242
16243
16249
16251
16253
16257
16258
16261
16265
16276
16281
16282
16300
16324
16330
16350
16355
16356
16357
16363
16375
16377
16386
16397
16401
16408
16412
16419
16421
16423
16430
16431
16433
16438
16439
16440
16443
16445
16449
16450
16454
16464
16478
16494
16496
16498
16499
16504
16506
16516
16520
16523
16524
16525
16534
16536
16542
16546
16551
16568
16574
16578
16585
16586
16590
16597
16600
16601
16602
16605
16607
16609
16611
16615
16619
16624
16625
16628
16642
16646
16655
16656
16676
16700
16701
16703
16705
16710
16714
16754
16763
16768
16771
16775
16785
16791
16792
16805
16816
16878
16916
16949
16950
16952
16981
17033
17038
17068
17081
17087
17089
17096
17116
17122
17125
17132
17134
17141
17144
17152
17155
17169
17173
17213
17247
17249
17250
17251
17252
17253
17257
17258
17261
17264
17265
17266
17267
17269
17271
17272
17273
17281
17286
17287
17288
17289
17290
17291
17292
17293
17295
17297
17298
17300
17301
17303
17304
17305
17306
17307
17308
17309
17311
17313
17328
17334
17356
17369
17384
17398
17405
17406
17410
17412
17419
17430
17446
17455
17472
17490
17493
17497
17506
17513
17515
17535
17548
17554
17558
17559
17565
17566
17570
17574
17575
17576
17581
17629
17649
17681
17691
17745
17748
17749
17769
17777
17778
17787
17800
17801
17806
17812
17820
17821
17824
17826
17838
17857
17858
17862
17875
17877
17878
17887
17890
17895
17897
17905
17929
17931
17934
17936
17937
17945
17947
17955
17965
17967
17968
17988
18017
18051
18052
18055
18056
18057
18060
18062
18063
18065
18066
18068
18071
18077
18078
18080
18082
18084
18089
18091
18093
18095
18096
18100
18101
18104
18105
18106
18107
18108
18109
18111
18112
18114
18115
18116
18118
18119
18120
18121
18122
18123
18124
18125
18126
18127
18128
18129
18130
18131
18132
18133
18135
18136
18138
18139
18140
18141
18142
18143
18144
18145
18146
18151
18152
18153
18156
18167
18171
18173
18175
18177
18178
18179
18180
18181
18182
18183
18184
18186
18187
18196
18198
18200
18201
18203
18204
18206
18207
18208
18210
18212
18213
18215
18216
18217
18218
18219
18221
18222
18225
18226
18228
18229
18230
18235
18237
18239
18240
18243
18247
18253
18258
18262
18263
18274
18282
18283
18286
18293
18296
18298
18301
18305
18307
18318
18321
18322
18323
18332
18338
18339
18341
18342
18343
18349
18350
18351
18352
18355
18358
18374
18378
18380
18388
18401
18402
18406
18410
18429
18433
18449
18469
18470
18481
18485
18489
18493
18497
18503
18517
18518
18522
18524
18543
18546
18557
18563
18581
18583
18586
18595
18600
18612
18621
18631
18641
18642
18644
18646
18650
18661
18665
18666
18669
18681
18685
18687
18690
18702
18706
18709
18720
18730
18750
18755
18761
18764
18771
18774
18777
18779
18780
18785
18816
18818
18827
18863
18864
18866
18867
18868
18871
18881
18886
18892
18897
18905
18920
18927
18933
18938
18956
18965
18979
18980
18985
18986
18992
18993
19009
19010
19011
19012
19015
19088
19118
19123
19138
19169
19181
19193
19227
19266
19268
19338
19375
19383
19391
19398
19445
19493
19548
19639
19671
19757
19761
19812
19828
19865
19867
19891
