0
3
7
8
10
16
17
18
20
22
23
24
26
32
37
39
41
42
54
55
59
60
66
67
68
70
71
75
77
78
79
81
83
86
88
90
93
97
101
108
109
111
115
119
131
135
139
143
152
157
165
167
168
170
180
181
183
185
188
193
204
205
206
207
213
214
216
217
218
222
227
230
236
255
272
275
278
279
280
283
293
295
297
303
306
307
310
312
325
344
350
356
358
367
379
383
388
389
403
408
423
426
427
428
431
436
437
438
441
445
448
450
451
460
463
464
474
477
488
489
492
504
513
514
517
521
522
526
527
529
537
539
540
546
551
553
555
557
558
569
591
594
595
596
601
602
606
611
612
620
622
623
625
628
640
641
646
649
650
651
653
658
666
673
679
682
685
690
694
695
696
698
708
709
710
717
720
723
724
725
733
735
736
737
739
744
749
750
754
755
756
759
763
768
774
775
777
778
779
780
782
785
791
792
798
801
804
811
815
816
819
826
827
834
837
839
842
850
854
860
864
870
871
880
884
886
888
897
900
901
918
920
922
927
935
946
956
958
963
973
974
977
980
986
992
994
999
1024
1029
1030
1042
1043
1044
1062
1070
1077
1081
1083
1085
1098
1105
1106
1126
1133
1134
1136
1138
1143
1145
1149
1159
1169
1177
1179
1180
1181
1186
1187
1198
1202
1208
1209
1210
1213
1219
1223
1229
1238
1242
1269
1272
1274
1280
1285
1286
1292
1302
1311
1320
1321
1323
1327
1331
1333
1347
1349
1362
1363
1375
1382
1386
1403
1406
1409
1410
1421
1429
1433
1434
1436
1463
1465
1466
1469
1473
1478
1487
1495
1496
1502
1513
1514
1516
1527
1540
1545
1548
1549
1561
1563
1568
1579
1591
1599
1616
1636
1652
1662
1664
1669
1678
1679
1680
1692
1697
1705
1714
1716
1733
1758
1764
1773
1774
1788
1792
1795
1819
1828
1835
1841
1857
1859
1867
1868
1875
1894
1895
1911
1922
1923
1933
1935
1939
1947
1956
1965
1971
1972
1977
1983
1986
2008
2019
2025
2027
2028
2030
2033
2034
2037
2038
2043
2064
2070
2088
2092
2098
2104
2107
2124
2125
2129
2130
2132
2136
2157
2158
2167
2177
2196
2198
2199
2201
2205
2227
2235
2246
2284
2293
2309
2318
2322
2323
2330
2344
2345
2354
2358
2359
2363
2364
2366
2372
2378
2381
2394
2398
2403
2417
2424
2434
2452
2453
2454
2455
2463
2464
2470
2477
2489
2497
2498
2499
2501
2515
2516
2517
2521
2522
2531
2535
2540
2548
2567
2571
2581
2582
2606
2608
2610
2614
2619
2622
2624
2625
2633
2636
2641
2646
2647
2648
2649
2650
2657
2661
2662
2663
2665
2669
2670
2672
2674
2680
2682
2692
2694
2700
2702
2708
2724
2725
2728
2729
2732
2739
2742
2746
2747
2757
2762
2771
2777
2781
2783
2792
2799
2801
2803
2805
2814
2825
2826
2830
2832
2837
2838
2850
2851
2859
2865
2868
2876
2879
2885
2893
2895
2901
2904
2912
2920
2924
2928
2932
2939
2941
2945
2947
2948
2952
2953
2963
2965
2974
2980
2983
2985
2989
2992
2994
3007
3010
3016
3018
3033
3053
3060
3061
3065
3069
3073
3090
3091
3095
3097
3102
3115
3116
3117
3127
3128
3132
3137
3144
3146
3150
3151
3154
3155
3156
3160
3163
3171
3178
3183
3188
3189
3203
3205
3207
3208
3209
3214
3216
3223
3228
3232
3233
3242
3250
3253
3256
3264
3265
3267
3270
3301
3306
3309
3316
3322
3331
3337
3338
3340
3347
3350
3357
3368
3370
3375
3378
3380
3385
3390
3408
3414
3424
3426
3441
3453
3455
3456
3457
3462
3463
3466
3469
3470
3478
3479
3482
3483
3484
3489
3495
3503
3511
3516
3517
3520
3524
3530
3532
3535
3543
3544
3549
3551
3557
3565
3572
3573
3578
3579
3580
3581
3583
3591
3592
3596
3599
3601
3604
3605
3606
3608
3609
3610
3612
3613
3616
3619
3621
3623
3624
3625
3630
3632
3635
3648
3658
3674
3680
3682
3683
3689
3691
3692
3697
3702
3703
3704
3705
3706
3707
3708
3709
3714
3715
3720
3727
3729
3733
3748
3749
3764
3766
3767
3776
3777
3783
3793
3797
3799
3800
3801
3802
3804
3808
3812
3820
3822
3827
3831
3834
3841
3845
3854
3860
3867
3875
3879
3887
3898
3899
3900
3922
3923
3934
3943
3944
3946
3955
3961
3962
3982
3994
3997
4006
4013
4014
4017
4018
4021
4023
4033
4039
4042
4043
4046
4061
4062
4082
4096
4098
4103
4109
4111
4118
4146
4155
4159
4172
4188
4194
4201
4211
4215
4221
4234
4238
4239
4240
4242
4243
4250
4252
4253
4258
4264
4275
4276
4278
4303
4306
4308
4316
4322
4325
4328
4330
4334
4340
4349
4370
4382
4383
4389
4397
4400
4418
4419
4425
4430
4439
4445
4455
4473
4518
4539
4545
4546
4551
4561
4562
4563
4578
4579
4600
4603
4605
4616
4630
4635
4649
4651
4652
4660
4663
4671
4673
4685
4690
4694
4698
4702
4704
4708
4713
4716
4719
4734
4749
4751
4756
4757
4763
4765
4766
4770
4774
4776
4789
4790
4797
4799
4805
4816
4840
4850
4863
4864
4869
4876
4881
4886
4888
4900
4904
4906
4912
4915
4918
4920
4927
4941
4973
4981
4987
5005
5013
5030
5035
5036
5041
5082
5092
5097
5110
5124
5125
5134
5148
5160
5176
5192
5193
5222
5226
5227
5233
5238
5244
5264
5273
5282
5287
5295
5309
5310
5312
5322
5326
5330
5333
5338
5340
5344
5352
5366
5369
5383
5387
5396
5399
5400
5405
5408
5418
5425
5432
5449
5450
5453
5457
5460
5464
5475
5476
5479
5481
5487
5491
5493
5496
5502
5511
5515
5540
5559
5566
5571
5600
5605
5606
5616
5623
5624
5630
5639
5660
5664
5668
5677
5688
5726
5734
5747
5751
5755
5763
5764
5766
5768
5774
5776
5778
5780
5791
5794
5817
5833
5834
5836
5837
5840
5843
5861
5865
5868
5871
5875
5884
5897
5901
5902
5903
5916
5918
5919
5929
5947
5953
5959
5966
5971
5997
6000
6002
6013
6017
6027
6033
6036
6039
6041
6063
6067
6081
6092
6093
6097
6099
6106
6113
6123
6142
6143
6172
6185
6205
6213
6220
6227
6234
6235
6254
6261
6276
6277
6287
6291
6297
6306
6317
6321
6343
6358
6362
6366
6373
6374
6389
6393
6403
6405
6416
6433
6453
6455
6461
6463
6466
6467
6502
6506
6514
6532
6556
6585
6586
6587
6599
6602
6603
6609
6622
6634
6649
6653
6661
6668
6669
6675
6680
6687
6696
6700
6713
6718
6720
6722
6728
6731
6736
6741
6763
6765
6767
6791
6800
6813
6821
6825
6827
6830
6844
6845
6859
6865
6884
6885
6886
6894
6915
6929
6938
6944
6970
6975
6990
6991
6992
7009
7027
7039
7040
7041
7061
7062
7064
7073
7079
7083
7086
7103
7124
7127
7131
7146
7154
7171
7176
7177
7178
7184
7194
7203
7207
7209
7211
7215
7225
7232
7242
7245
7247
7248
7276
7279
7294
7297
7303
7315
7321
7323
7326
7358
7360
7382
7393
7396
7426
7439
7442
7449
7458
7466
7470
7480
7490
7506
7538
7546
7547
7557
7565
7566
7569
7584
7595
7596
7609
7614
7623
7630
7633
7635
7636
7637
7641
7647
7650
7657
7665
7680
7688
7690
7693
7694
7700
7701
7707
7724
7729
7730
7735
7749
7757
7759
7761
7768
7774
7787
7793
7816
7822
7827
7835
7837
7852
7856
7867
7869
7870
7877
7878
7881
7898
7918
7921
7928
7934
7941
7942
7951
7952
7954
7955
7956
7958
7960
7964
7970
7982
7995
8009
8014
8030
8040
8041
8049
8052
8064
8071
8074
8080
8102
8110
8118
8126
8138
8144
8153
8161
8185
8206
8208
8228
8229
8234
8236
8237
8243
8246
8263
8275
8276
8330
8337
8342
8345
8347
8348
8354
8358
8401
8405
8408
8417
8434
8443
8449
8461
8462
8465
8472
8473
8477
8482
8514
8542
8565
8578
8579
8581
8599
8608
8609
8616
8650
8655
8693
8705
8732
8733
8737
8758
8764
8797
8803
8816
8818
8827
8829
8857
8865
8866
8869
8871
8873
8885
8908
8915
8917
8919
8944
8981
9011
9021
9027
9031
9033
9045
9049
9051
9065
9066
9078
9081
9091
9106
9109
9111
9126
9143
9174
9175
9179
9184
9185
9207
9208
9209
9213
9219
9236
9239
9240
9255
9263
9266
9268
9274
9276
9277
9286
9295
9299
9337
9352
9400
9401
9412
9440
9446
9460
9476
9499
9501
9513
9514
9521
9532
9537
9545
9558
9561
9565
9569
9571
9600
9620
9649
9661
9662
9666
9672
9676
9699
9728
9730
9749
9759
9776
9791
9802
9833
9841
9848
9868
9883
9884
9889
9903
9904
9910
9911
9935
9942
9944
9953
9963
9985
10023
10029
10032
10051
10063
10079
10083
10090
10102
10121
10142
10145
10159
10161
10190
10203
10227
10233
10252
10262
10268
10271
10317
10348
10349
10371
10390
10395
10434
10439
10450
10468
10474
10480
10494
10529
10545
10585
10651
10675
10690
10700
10728
10729
10741
10751
10759
10776
10783
10784
10786
10791
10799
10801
10809
10830
10841
10846
10852
10864
10920
10959
10960
10964
10982
10994
11036
11063
11077
11082
11094
11098
11116
11125
11131
11145
11181
11193
11195
11199
11209
11218
11227
11238
11243
11270
11276
11293
11320
11326
11351
11377
11394
11406
11417
11439
11460
11464
11482
11511
11512
11533
11541
11556
11563
11572
11574
11577
11578
11581
11606
11617
11631
11637
11644
11685
11694
11695
11744
11754
11762
11781
11804
11836
11837
11851
11886
11911
11931
11941
11942
11963
11980
11983
12078
12085
12100
12123
12140
12142
12148
12149
12178
12180
12230
12239
12281
12293
12318
12325
12355
12384
12386
12436
12447
12509
12546
12568
12638
12650
12680
12701
12705
12728
12756
12765
12787
12798
12833
12870
12876
12906
12934
12954
12960
12971
12988
13109
13113
13131
13144
13181
13190
13200
13203
13221
13235
13265
13273
13282
13306
13354
13419
13483
13517
13559
13584
13600
13602
13609
13611
13623
13645
13658
13685
13687
13689
13690
13716
13718
13724
13757
13770
13772
13846
13848
13854
13856
13857
13858
13873
13888
13893
13930
13974
13990
14000
14037
14038
14088
14121
14153
14239
14244
14264
14282
14337
14370
14374
14385
14391
14405
14471
14493
14510
14564
14575
14581
14590
14613
14621
14664
14665
14753
14768
14796
14858
14877
14901
14912
14940
14947
14968
14995
15066
15086
15100
15142
15146
15153
15161
15191
15210
15214
15242
15243
15247
15273
15275
15347
15373
15415
15444
15507
15557
15581
15668
15714
15730
15737
15764
15864
15914
15927
15931
15981
16037
16089
16108
16196
16227
16241
16242
16276
16281
16324
16433
16478
16534
16551
16554
16590
16605
16607
16645
16701
16791
16916
16949
16981
17141
17273
17287
17290
17293
17301
17446
17487
17490
17493
17506
17548
17576
17654
17778
17824
17826
17857
17858
17878
17895
18091
18106
18107
18108
18110
18112
18116
18118
18122
18124
18129
18138
18141
18142
18173
18182
18196
18198
18200
18213
18223
18225
18242
18243
18260
18268
18298
18343
18349
18351
18404
18433
18449
18498
18605
18707
18788
18938
18986
19006
19138
19150
19263
19266
19398
19888
