8
9
10
11
12
17
23
29
34
36
39
41
51
54
60
62
64
67
68
70
71
74
77
84
86
87
89
93
94
97
98
99
101
107
108
111
119
120
123
125
127
130
131
133
135
137
140
146
159
162
166
168
169
170
173
174
177
178
179
181
182
183
186
187
189
193
195
197
198
199
200
204
205
206
207
211
212
213
215
217
218
222
226
228
234
236
237
240
258
260
262
264
271
275
279
280
283
287
293
295
297
299
301
306
309
314
317
322
325
330
337
340
344
347
349
352
360
362
363
368
370
371
383
387
388
389
399
402
405
411
418
422
423
427
428
431
437
438
439
443
445
448
449
450
451
453
454
456
463
474
477
481
482
492
501
505
510
513
518
519
522
523
532
538
541
544
550
551
553
555
558
559
561
564
566
567
580
582
585
588
593
595
596
597
599
606
618
619
622
631
632
635
636
646
647
648
650
651
652
656
662
665
670
672
673
682
687
689
692
698
704
705
708
710
719
725
730
734
735
736
739
749
750
754
757
759
765
767
768
780
781
782
785
788
789
792
793
796
799
801
805
806
807
808
809
811
815
817
824
826
827
830
846
848
849
850
853
856
857
864
865
869
870
875
879
880
881
884
889
895
898
901
904
908
909
911
912
917
921
922
923
927
928
929
944
947
948
951
954
960
963
973
974
976
980
983
987
990
999
1006
1013
1016
1024
1025
1027
1029
1031
1043
1050
1056
1062
1065
1067
1069
1070
1074
1077
1083
1084
1085
1086
1089
1098
1106
1110
1122
1123
1124
1129
1133
1139
1143
1149
1150
1152
1159
1162
1165
1166
1181
1184
1185
1190
1191
1192
1200
1206
1209
1210
1213
1216
1217
1221
1223
1227
1231
1234
1236
1250
1253
1262
1269
1270
1272
1274
1278
1279
1281
1286
1319
1320
1328
1348
1349
1350
1356
1360
1362
1369
1370
1378
1400
1404
1410
1427
1434
1436
1442
1450
1451
1462
1463
1464
1468
1480
1483
1485
1498
1507
1510
1513
1514
1516
1518
1519
1522
1532
1536
1552
1556
1563
1572
1573
1576
1577
1580
1593
1616
1624
1625
1627
1628
1629
1630
1633
1641
1642
1647
1651
1655
1659
1664
1668
1669
1671
1673
1677
1679
1683
1693
1695
1704
1709
1712
1716
1719
1722
1726
1731
1732
1740
1742
1771
1772
1773
1774
1787
1792
1798
1799
1802
1805
1809
1810
1819
1835
1841
1842
1850
1852
1853
1855
1856
1857
1872
1881
1910
1915
1920
1922
1923
1929
1931
1940
1942
1945
1946
1947
1950
1959
1972
1982
1989
1995
1996
2009
2010
2019
2027
2033
2035
2041
2064
2070
2073
2080
2085
2088
2092
2098
2099
2105
2109
2114
2124
2133
2140
2143
2146
2157
2160
2162
2165
2167
2168
2169
2174
2176
2177
2192
2194
2196
2197
2205
2207
2219
2223
2224
2227
2232
2246
2248
2252
2256
2268
2270
2277
2279
2282
2284
2300
2301
2307
2309
2321
2341
2344
2358
2359
2366
2368
2369
2376
2380
2381
2385
2402
2403
2410
2417
2418
2427
2432
2435
2450
2455
2460
2464
2487
2489
2491
2494
2499
2508
2510
2511
2517
2518
2521
2524
2525
2526
2536
2537
2539
2552
2559
2562
2563
2565
2569
2581
2582
2583
2593
2595
2599
2601
2610
2615
2619
2622
2623
2624
2625
2634
2637
2641
2642
2643
2644
2645
2646
2647
2648
2650
2656
2657
2658
2662
2665
2666
2669
2671
2678
2680
2683
2688
2689
2693
2694
2696
2697
2702
2704
2714
2717
2724
2728
2729
2732
2739
2742
2743
2746
2747
2755
2758
2759
2760
2762
2765
2766
2769
2770
2771
2775
2777
2779
2780
2781
2783
2786
2787
2790
2792
2809
2811
2823
2830
2832
2838
2839
2848
2851
2852
2853
2862
2864
2865
2868
2871
2872
2882
2885
2887
2892
2893
2894
2896
2897
2898
2899
2901
2902
2916
2919
2927
2929
2933
2939
2941
2943
2945
2952
2953
2954
2957
2962
2963
2967
2970
2971
2973
2976
2987
2988
2992
2994
2997
3006
3007
3008
3011
3016
3017
3020
3022
3029
3031
3044
3046
3049
3050
3053
3056
3057
3058
3061
3063
3064
3065
3068
3069
3079
3083
3084
3086
3092
3094
3097
3107
3113
3115
3117
3123
3124
3126
3127
3132
3133
3137
3141
3146
3150
3152
3153
3156
3157
3160
3162
3163
3164
3168
3169
3174
3185
3186
3187
3188
3207
3210
3217
3219
3223
3228
3232
3237
3242
3246
3248
3250
3264
3267
3270
3271
3275
3279
3284
3292
3298
3305
3308
3311
3314
3317
3322
3327
3330
3331
3334
3336
3340
3343
3346
3348
3361
3367
3368
3371
3373
3375
3376
3383
3388
3398
3405
3407
3410
3413
3417
3418
3422
3426
3430
3432
3433
3435
3443
3450
3452
3454
3455
3457
3461
3462
3463
3465
3466
3470
3473
3474
3478
3479
3480
3483
3495
3496
3503
3506
3507
3510
3512
3513
3521
3525
3526
3527
3530
3533
3538
3544
3547
3553
3556
3559
3565
3571
3573
3576
3577
3578
3579
3581
3582
3585
3590
3599
3602
3604
3605
3608
3609
3610
3611
3612
3618
3619
3623
3624
3625
3626
3630
3632
3634
3635
3642
3644
3646
3652
3658
3661
3667
3675
3676
3682
3683
3691
3693
3698
3699
3700
3702
3705
3707
3708
3713
3714
3715
3716
3721
3729
3731
3732
3734
3737
3740
3752
3755
3756
3760
3764
3766
3767
3769
3770
3776
3777
3780
3791
3797
3806
3813
3814
3815
3818
3821
3823
3824
3825
3826
3832
3836
3839
3840
3844
3845
3846
3852
3854
3865
3866
3868
3869
3871
3881
3887
3894
3897
3902
3913
3923
3924
3927
3943
3950
3953
3954
3956
3958
3962
3963
3968
3971
3979
3993
3994
3996
4000
4005
4009
4013
4014
4022
4024
4033
4034
4039
4054
4059
4066
4067
4077
4080
4087
4090
4092
4096
4101
4103
4107
4111
4118
4122
4129
4134
4141
4146
4149
4153
4155
4158
4164
4170
4185
4191
4219
4228
4229
4234
4250
4253
4258
4269
4270
4274
4275
4276
4298
4311
4313
4316
4322
4324
4338
4340
4347
4348
4351
4352
4364
4366
4368
4383
4384
4388
4389
4390
4396
4405
4410
4415
4439
4453
4456
4462
4486
4490
4491
4492
4501
4513
4523
4533
4543
4546
4549
4555
4561
4562
4566
4574
4575
4577
4585
4591
4593
4597
4603
4604
4615
4618
4619
4626
4627
4632
4633
4635
4636
4639
4656
4660
4664
4676
4691
4700
4703
4710
4718
4726
4727
4733
4742
4745
4748
4757
4759
4765
4766
4774
4781
4787
4790
4807
4810
4813
4816
4817
4827
4833
4836
4840
4842
4846
4851
4869
4872
4878
4881
4882
4886
4888
4894
4897
4910
4912
4913
4914
4917
4919
4920
4925
4927
4930
4932
4938
4943
4944
4946
4959
4969
4973
4982
4983
4993
4996
4997
5001
5002
5004
5019
5029
5036
5040
5045
5046
5051
5056
5064
5070
5075
5082
5089
5096
5097
5099
5105
5110
5111
5112
5113
5114
5116
5124
5125
5126
5133
5148
5154
5156
5162
5172
5176
5184
5192
5196
5198
5218
5222
5223
5229
5235
5237
5247
5276
5277
5282
5293
5301
5309
5310
5316
5320
5322
5326
5328
5330
5332
5340
5348
5356
5361
5366
5369
5372
5375
5382
5387
5388
5392
5397
5400
5408
5418
5421
5425
5431
5432
5442
5449
5455
5460
5464
5470
5471
5476
5481
5489
5491
5496
5497
5503
5504
5511
5515
5519
5521
5533
5536
5544
5546
5549
5550
5560
5564
5566
5567
5583
5589
5596
5599
5601
5602
5606
5620
5621
5624
5633
5638
5644
5652
5654
5656
5660
5668
5669
5674
5675
5676
5680
5681
5683
5686
5690
5699
5702
5704
5705
5708
5724
5726
5734
5743
5745
5750
5760
5763
5764
5778
5785
5790
5791
5793
5800
5803
5804
5810
5811
5816
5817
5819
5829
5831
5835
5836
5854
5855
5858
5867
5876
5884
5888
5891
5894
5897
5901
5903
5906
5917
5923
5924
5929
5933
5949
5959
5960
5961
5966
5967
5971
5977
5981
5987
5994
6011
6023
6028
6033
6036
6039
6041
6042
6050
6062
6063
6064
6073
6085
6087
6089
6093
6096
6103
6107
6113
6127
6137
6138
6140
6142
6144
6150
6152
6160
6161
6170
6174
6185
6196
6199
6204
6205
6206
6212
6213
6214
6217
6219
6221
6232
6242
6249
6255
6270
6272
6273
6276
6286
6290
6291
6297
6299
6305
6306
6321
6322
6324
6329
6342
6361
6363
6366
6370
6371
6372
6388
6389
6391
6409
6412
6415
6420
6424
6425
6431
6444
6447
6453
6461
6462
6485
6489
6495
6500
6513
6519
6523
6531
6532
6535
6544
6545
6556
6558
6564
6576
6584
6586
6587
6590
6593
6598
6603
6610
6613
6617
6621
6627
6631
6639
6651
6661
6662
6667
6674
6679
6681
6689
6690
6694
6696
6703
6704
6718
6720
6721
6722
6736
6741
6746
6747
6750
6769
6772
6784
6788
6791
6794
6796
6801
6802
6807
6811
6830
6836
6851
6859
6863
6879
6884
6885
6886
6895
6900
6906
6907
6915
6918
6926
6934
6957
6962
6964
6965
6967
6973
6982
6990
6991
6999
7004
7019
7029
7046
7049
7054
7056
7063
7068
7080
7086
7094
7103
7110
7111
7126
7127
7130
7131
7133
7136
7140
7141
7142
7148
7176
7177
7188
7189
7192
7199
7203
7211
7221
7223
7224
7225
7229
7238
7241
7242
7244
7246
7250
7256
7257
7259
7266
7292
7299
7325
7340
7348
7353
7358
7366
7375
7382
7385
7398
7403
7422
7447
7449
7458
7460
7461
7467
7468
7472
7476
7478
7480
7492
7494
7495
7498
7501
7505
7508
7512
7513
7519
7521
7532
7533
7535
7538
7547
7557
7562
7569
7570
7572
7573
7574
7575
7579
7581
7601
7605
7617
7619
7620
7623
7628
7630
7632
7635
7638
7643
7674
7676
7679
7683
7686
7692
7700
7710
7727
7739
7746
7757
7759
7766
7767
7770
7773
7776
7780
7785
7791
7797
7799
7804
7819
7824
7827
7828
7830
7847
7848
7849
7856
7863
7865
7878
7879
7886
7898
7901
7907
7915
7916
7922
7924
7925
7935
7946
7947
7948
7954
7956
7958
7959
7962
7964
7970
7971
7972
7980
7981
7984
7987
7989
7994
7998
8006
8008
8013
8014
8049
8051
8054
8055
8062
8064
8071
8074
8078
8079
8080
8084
8088
8092
8093
8096
8102
8105
8106
8108
8115
8119
8133
8144
8145
8149
8152
8153
8157
8161
8169
8170
8183
8185
8189
8205
8206
8209
8211
8227
8233
8234
8249
8251
8253
8265
8268
8270
8279
8287
8291
8308
8318
8320
8327
8335
8342
8343
8345
8346
8347
8349
8354
8356
8365
8366
8371
8372
8388
8399
8412
8421
8424
8437
8439
8441
8443
8444
8447
8450
8452
8455
8457
8461
8472
8476
8477
8480
8481
8487
8496
8522
8562
8568
8572
8578
8587
8603
8605
8612
8614
8625
8635
8680
8684
8705
8732
8733
8736
8737
8746
8764
8770
8772
8773
8774
8775
8785
8786
8797
8798
8800
8803
8820
8821
8822
8823
8826
8827
8828
8829
8834
8847
8849
8856
8862
8864
8866
8867
8874
8882
8898
8902
8917
8921
8923
8933
8934
8941
8968
8970
8980
8984
9002
9008
9013
9021
9044
9058
9064
9066
9071
9078
9081
9083
9085
9091
9095
9102
9105
9106
9109
9110
9124
9135
9140
9165
9167
9178
9180
9184
9191
9194
9199
9202
9206
9208
9209
9214
9215
9216
9233
9236
9242
9254
9263
9267
9270
9277
9284
9287
9291
9295
9301
9304
9305
9307
9312
9325
9337
9338
9342
9350
9352
9359
9366
9371
9383
9384
9391
9420
9426
9450
9453
9476
9477
9499
9501
9507
9513
9514
9519
9521
9527
9530
9532
9535
9540
9549
9557
9560
9562
9571
9575
9619
9634
9662
9668
9685
9694
9702
9717
9718
9722
9724
9728
9752
9764
9766
9768
9776
9787
9790
9798
9802
9810
9811
9812
9823
9825
9841
9847
9849
9850
9863
9904
9911
9913
9952
9953
9955
9964
9970
9975
9980
9987
10018
10023
10032
10044
10056
10064
10065
10088
10094
10096
10139
10152
10181
10193
10218
10233
10237
10240
10245
10264
10268
10269
10283
10285
10293
10298
10314
10334
10339
10344
10345
10348
10371
10378
10380
10384
10399
10426
10434
10445
10474
10480
10482
10499
10501
10513
10532
10533
10538
10555
10585
10587
10627
10636
10664
10669
10672
10692
10695
10709
10720
10721
10757
10761
10763
10764
10771
10772
10774
10779
10785
10788
10790
10792
10806
10814
10828
10830
10838
10845
10865
10881
10883
10884
10889
10893
10898
10927
10942
10944
10947
10995
11006
11021
11024
11036
11046
11053
11068
11079
11081
11082
11157
11164
11165
11171
11180
11193
11204
11211
11218
11223
11229
11238
11259
11260
11270
11275
11299
11343
11345
11351
11389
11401
11402
11403
11411
11413
11417
11418
11422
11439
11473
11488
11500
11512
11513
11516
11527
11545
11572
11574
11578
11590
11602
11609
11619
11642
11643
11649
11665
11683
11729
11743
11745
11747
11883
11919
11938
11963
11964
11995
12006
12062
12100
12112
12114
12116
12122
12124
12127
12129
12134
12137
12138
12144
12149
12150
12151
12155
12165
12180
12215
12218
12242
12247
12251
12252
12271
12297
12314
12344
12346
12353
12358
12374
12448
12500
12516
12523
12530
12554
12563
12571
12583
12594
12615
12650
12657
12659
12664
12676
12707
12714
12735
12742
12750
12751
12783
12793
12828
12861
12876
12914
12915
12917
12950
12954
12960
12962
12975
12989
12994
12995
12997
13012
13017
13040
13050
13059
13061
13068
13077
13084
13088
13102
13103
13113
13130
13144
13150
13172
13174
13200
13202
13203
13209
13224
13239
13241
13244
13252
13263
13267
13281
13282
13295
13309
13315
13327
13332
13333
13352
13362
13363
13368
13381
13389
13400
13415
13418
13434
13476
13491
13492
13495
13496
13506
13513
13523
13532
13565
13568
13574
13576
13584
13586
13602
13614
13617
13627
13629
13634
13663
13677
13685
13687
13688
13689
13690
13691
13715
13724
13735
13741
13757
13770
13802
13804
13837
13848
13875
13938
13964
13975
14009
14033
14039
14047
14065
14070
14087
14107
14112
14117
14133
14154
14168
14170
14192
14193
14244
14265
14266
14275
14279
14342
14374
14383
14386
14391
14428
14431
14447
14467
14474
14528
14550
14552
14554
14561
14574
14585
14594
14602
14658
14663
14664
14676
14689
14720
14726
14740
14753
14754
14772
14780
14812
14814
14825
14829
14831
14880
14915
14929
14939
14953
15011
15056
15066
15071
15072
15082
15095
15097
15108
15136
15153
15158
15159
15163
15180
15184
15186
15248
15252
15257
15294
15299
15340
15356
15370
15386
15409
15429
15478
15486
15533
15539
15542
15610
15631
15737
15739
15754
15847
15911
15916
15954
16035
16056
16083
16152
16227
16277
16296
16312
16318
16325
16341
16350
16356
16399
16421
16460
16474
16494
16499
16524
16525
16556
16668
16743
16758
16763
16864
16984
17153
17169
17245
17253
17256
17258
17267
17286
17293
17295
17298
17304
17310
17325
17356
17362
17416
17425
17430
17454
17471
17490
17516
17748
17769
17820
17858
17887
17934
18051
18056
18066
18068
18071
18079
18096
18104
18106
18107
18108
18110
18112
18116
18117
18118
18121
18125
18126
18129
18131
18132
18134
18136
18138
18146
18173
18177
18179
18181
18187
18189
18192
18198
18201
18203
18210
18213
18215
18218
18226
18227
18230
18238
18239
18240
18243
18263
18288
18304
18310
18312
18338
18344
18349
18350
18360
18377
18378
18383
18401
18433
18449
18460
18470
18474
18504
18536
18590
18597
18824
18839
18844
18876
18892
18903
18911
18968
18981
19010
19012
19047
19138
19222
19225
19226
19228
19495
19914
