0
3
7
8
9
16
17
19
22
23
24
26
32
35
36
39
41
55
57
58
59
62
68
71
72
74
77
82
87
88
90
91
97
99
101
107
108
110
115
116
119
120
123
124
125
126
127
130
131
132
136
139
141
142
149
152
154
156
167
168
170
172
178
179
180
183
185
188
189
194
197
201
203
204
205
206
207
210
211
214
215
217
224
226
230
241
247
254
258
261
264
268
270
272
273
275
278
279
280
283
287
289
290
293
295
296
297
300
301
302
303
308
319
321
322
334
344
346
349
350
352
355
357
359
366
370
371
372
374
376
377
379
381
389
393
394
402
403
408
410
417
418
424
425
427
428
431
433
438
439
442
445
450
451
454
455
458
459
463
464
469
471
473
474
477
482
483
492
504
506
508
513
519
525
527
532
533
537
541
546
550
553
555
558
566
575
579
582
587
597
601
607
610
615
617
619
620
624
631
635
636
646
647
651
652
656
659
662
663
665
668
670
672
673
674
679
680
681
684
687
692
694
703
709
710
714
718
721
724
725
727
728
734
735
736
737
739
744
750
755
756
758
759
766
768
770
775
777
779
780
781
782
785
787
789
795
796
800
801
805
806
811
815
819
826
834
844
846
850
857
858
861
867
869
872
874
875
878
879
882
884
886
887
888
898
903
905
911
918
919
920
921
926
927
929
931
934
941
943
946
947
949
954
955
956
958
963
966
967
971
978
980
987
989
997
1006
1008
1013
1014
1015
1024
1025
1029
1030
1043
1049
1062
1065
1070
1071
1076
1077
1082
1084
1086
1088
1092
1098
1101
1103
1104
1109
1110
1113
1120
1124
1127
1132
1133
1143
1144
1145
1155
1158
1162
1169
1179
1184
1186
1190
1209
1210
1213
1214
1215
1216
1217
1219
1223
1226
1231
1233
1234
1240
1245
1249
1250
1268
1269
1272
1274
1276
1278
1297
1304
1306
1310
1312
1316
1323
1331
1348
1353
1356
1357
1362
1368
1369
1373
1382
1386
1390
1392
1400
1406
1418
1419
1426
1427
1443
1444
1447
1453
1457
1463
1473
1474
1477
1478
1480
1487
1491
1492
1498
1500
1504
1505
1516
1527
1541
1545
1548
1553
1560
1566
1580
1589
1599
1602
1610
1613
1616
1620
1622
1625
1630
1637
1644
1647
1652
1656
1661
1667
1673
1677
1678
1686
1693
1697
1712
1717
1729
1736
1739
1745
1746
1747
1748
1752
1758
1759
1761
1765
1769
1772
1774
1777
1789
1792
1795
1798
1805
1809
1810
1811
1813
1819
1820
1828
1852
1870
1875
1884
1895
1904
1909
1915
1918
1923
1929
1931
1935
1937
1938
1947
1950
1960
1964
1967
1968
1969
1970
1972
1973
1977
1985
1989
2003
2004
2009
2012
2018
2027
2028
2032
2033
2035
2036
2041
2046
2052
2055
2060
2064
2067
2068
2070
2075
2076
2088
2090
2092
2095
2097
2100
2101
2103
2109
2132
2133
2136
2154
2160
2164
2168
2170
2172
2174
2176
2177
2190
2194
2196
2199
2205
2229
2232
2238
2240
2246
2251
2254
2260
2266
2276
2284
2300
2307
2313
2320
2322
2323
2330
2335
2336
2338
2341
2344
2354
2359
2364
2366
2368
2369
2378
2402
2410
2412
2418
2420
2432
2434
2435
2436
2438
2443
2448
2450
2452
2453
2457
2460
2464
2466
2477
2482
2489
2490
2492
2493
2500
2501
2502
2508
2511
2514
2515
2517
2518
2521
2523
2529
2531
2537
2540
2545
2546
2548
2549
2551
2557
2566
2567
2571
2574
2578
2581
2582
2584
2586
2594
2598
2604
2605
2606
2610
2614
2619
2622
2625
2628
2641
2644
2646
2647
2648
2651
2652
2656
2659
2661
2662
2664
2669
2670
2674
2675
2678
2679
2680
2681
2682
2685
2691
2702
2703
2707
2708
2711
2714
2717
2721
2722
2729
2732
2738
2739
2746
2747
2758
2762
2766
2771
2772
2775
2777
2778
2781
2787
2790
2792
2793
2795
2798
2807
2808
2809
2811
2814
2820
2821
2823
2825
2826
2832
2840
2848
2850
2851
2852
2853
2854
2856
2865
2867
2876
2879
2885
2893
2906
2912
2914
2918
2924
2928
2931
2932
2933
2940
2941
2945
2949
2952
2954
2962
2963
2968
2974
2976
2983
2984
2989
2994
3000
3008
3011
3016
3021
3023
3028
3029
3030
3032
3037
3038
3046
3048
3051
3053
3058
3060
3061
3066
3073
3084
3088
3091
3095
3097
3098
3102
3113
3115
3119
3124
3126
3127
3128
3132
3133
3135
3137
3144
3150
3155
3156
3157
3158
3162
3163
3165
3168
3169
3170
3174
3177
3180
3183
3185
3188
3194
3201
3206
3207
3210
3213
3214
3217
3222
3223
3232
3234
3239
3242
3248
3250
3256
3259
3264
3265
3269
3278
3279
3288
3296
3297
3305
3309
3314
3315
3317
3320
3325
3328
3331
3334
3336
3337
3340
3342
3343
3346
3347
3353
3357
3361
3367
3368
3372
3377
3378
3384
3385
3390
3394
3398
3402
3405
3407
3410
3412
3413
3415
3416
3419
3421
3426
3432
3433
3435
3436
3437
3439
3443
3445
3450
3457
3459
3461
3462
3463
3465
3466
3470
3474
3476
3477
3478
3479
3480
3482
3487
3495
3504
3506
3509
3510
3511
3513
3515
3521
3522
3525
3526
3527
3529
3530
3538
3539
3547
3549
3552
3558
3560
3562
3565
3566
3568
3571
3573
3574
3575
3576
3578
3579
3580
3581
3583
3585
3589
3596
3599
3604
3606
3607
3609
3610
3611
3620
3624
3626
3632
3633
3634
3646
3647
3648
3654
3655
3656
3658
3667
3673
3676
3679
3682
3683
3689
3693
3697
3698
3699
3703
3704
3706
3707
3708
3709
3714
3720
3723
3729
3731
3732
3734
3738
3739
3745
3749
3751
3752
3753
3757
3759
3760
3763
3766
3772
3776
3777
3782
3784
3786
3788
3791
3803
3813
3819
3821
3824
3826
3831
3834
3840
3847
3851
3856
3861
3864
3865
3866
3868
3869
3870
3879
3880
3882
3887
3898
3901
3913
3915
3930
3940
3943
3947
3958
3960
3961
3967
3968
3969
3971
3972
3975
3981
3987
3993
3997
4000
4006
4007
4008
4013
4022
4023
4024
4027
4036
4043
4045
4046
4048
4056
4060
4070
4073
4079
4083
4087
4095
4096
4098
4103
4104
4108
4112
4116
4118
4122
4124
4140
4141
4147
4148
4149
4153
4157
4159
4161
4164
4165
4170
4176
4183
4185
4188
4197
4214
4215
4217
4218
4220
4227
4229
4238
4239
4250
4255
4256
4264
4267
4268
4275
4276
4293
4294
4301
4302
4305
4308
4310
4316
4323
4329
4337
4340
4347
4349
4353
4355
4358
4359
4368
4378
4380
4383
4384
4389
4390
4391
4393
4421
4424
4426
4428
4441
4446
4454
4455
4474
4480
4484
4486
4487
4490
4492
4495
4514
4516
4523
4539
4540
4542
4544
4545
4546
4555
4556
4557
4560
4561
4562
4563
4568
4578
4587
4594
4605
4612
4618
4619
4630
4660
4662
4663
4670
4677
4685
4688
4693
4694
4696
4698
4699
4702
4703
4714
4717
4726
4734
4742
4743
4749
4751
4759
4763
4765
4766
4767
4768
4774
4780
4784
4789
4794
4799
4809
4812
4816
4819
4826
4837
4841
4845
4849
4850
4869
4873
4875
4879
4883
4886
4888
4889
4890
4892
4894
4907
4909
4910
4912
4918
4930
4931
4939
4955
4957
4963
4969
4971
4972
4979
4981
4993
5000
5007
5038
5040
5042
5052
5064
5065
5076
5087
5088
5092
5099
5105
5110
5114
5124
5125
5134
5153
5160
5166
5170
5184
5193
5222
5224
5226
5228
5231
5238
5243
5247
5248
5250
5254
5261
5268
5269
5282
5286
5295
5310
5311
5317
5322
5323
5326
5329
5330
5331
5338
5339
5340
5342
5343
5356
5359
5361
5369
5370
5379
5381
5382
5388
5399
5401
5418
5422
5423
5425
5428
5432
5433
5438
5440
5447
5449
5453
5456
5460
5461
5463
5464
5466
5468
5470
5471
5472
5475
5476
5477
5478
5491
5497
5500
5501
5502
5504
5505
5511
5512
5513
5515
5519
5523
5526
5530
5531
5534
5536
5549
5560
5563
5564
5566
5571
5572
5573
5580
5581
5583
5585
5591
5593
5594
5605
5612
5623
5625
5628
5629
5632
5638
5649
5652
5653
5658
5660
5669
5678
5681
5686
5688
5690
5691
5698
5699
5706
5709
5710
5712
5714
5719
5720
5721
5726
5749
5755
5758
5762
5763
5764
5768
5773
5778
5789
5791
5794
5804
5805
5817
5818
5827
5829
5836
5837
5840
5842
5843
5848
5855
5856
5860
5861
5867
5868
5869
5880
5884
5886
5888
5897
5914
5919
5920
5922
5927
5930
5931
5935
5945
5946
5948
5955
5959
5961
5968
5974
5985
5987
5994
5997
5999
6015
6022
6028
6037
6039
6046
6050
6052
6057
6069
6072
6076
6081
6088
6092
6093
6099
6104
6106
6111
6113
6122
6126
6137
6138
6140
6145
6148
6149
6156
6159
6161
6164
6171
6182
6205
6207
6208
6213
6218
6223
6224
6225
6231
6232
6234
6235
6241
6242
6248
6254
6255
6261
6276
6282
6286
6287
6291
6297
6300
6307
6310
6322
6335
6344
6350
6357
6360
6361
6370
6371
6372
6377
6384
6388
6389
6390
6392
6393
6412
6413
6414
6415
6418
6421
6424
6433
6457
6458
6461
6463
6479
6489
6491
6511
6525
6531
6532
6536
6537
6543
6545
6553
6561
6564
6574
6580
6585
6586
6587
6599
6601
6604
6609
6610
6612
6615
6621
6631
6637
6642
6656
6675
6682
6687
6696
6701
6704
6713
6714
6720
6726
6730
6738
6739
6741
6751
6762
6767
6772
6778
6779
6784
6786
6796
6799
6800
6801
6802
6807
6810
6812
6821
6825
6836
6840
6842
6844
6859
6869
6871
6879
6885
6889
6894
6903
6906
6915
6922
6925
6926
6935
6943
6964
6970
6973
6982
6988
6991
7008
7029
7036
7037
7038
7042
7046
7049
7056
7064
7068
7077
7079
7081
7094
7097
7115
7117
7132
7134
7135
7140
7141
7143
7148
7154
7155
7175
7177
7178
7179
7191
7192
7194
7202
7203
7208
7209
7210
7213
7226
7232
7235
7238
7245
7248
7250
7256
7257
7268
7271
7274
7276
7284
7292
7303
7311
7319
7320
7328
7335
7340
7351
7352
7353
7358
7360
7366
7379
7382
7397
7402
7403
7405
7406
7413
7439
7449
7451
7458
7462
7464
7470
7472
7473
7478
7480
7482
7483
7484
7498
7506
7507
7513
7525
7532
7538
7545
7550
7552
7557
7563
7569
7572
7590
7592
7593
7595
7596
7602
7622
7627
7629
7634
7638
7640
7641
7650
7657
7662
7664
7666
7670
7684
7687
7691
7698
7703
7706
7708
7710
7714
7721
7724
7727
7734
7750
7751
7756
7758
7759
7761
7766
7768
7770
7775
7779
7781
7784
7785
7787
7793
7794
7797
7803
7806
7815
7817
7818
7830
7834
7851
7852
7856
7861
7865
7869
7870
7873
7880
7894
7901
7906
7908
7909
7915
7917
7918
7923
7924
7925
7935
7940
7942
7944
7951
7954
7964
7965
7967
7976
7980
7981
7984
7993
7998
8008
8017
8049
8051
8054
8056
8062
8071
8074
8075
8077
8078
8080
8081
8091
8092
8102
8104
8105
8116
8118
8119
8129
8131
8144
8150
8152
8158
8161
8166
8169
8175
8188
8209
8215
8219
8227
8228
8232
8239
8245
8248
8249
8251
8252
8253
8263
8276
8280
8312
8318
8320
8325
8331
8332
8333
8335
8337
8338
8342
8345
8347
8348
8349
8354
8356
8357
8365
8368
8383
8387
8388
8401
8403
8412
8423
8424
8437
8443
8450
8455
8459
8461
8466
8472
8473
8481
8482
8484
8493
8500
8506
8508
8518
8532
8533
8557
8567
8568
8572
8584
8587
8589
8594
8599
8613
8614
8616
8633
8635
8638
8648
8655
8666
8680
8684
8699
8705
8732
8733
8736
8737
8746
8752
8753
8755
8764
8775
8789
8792
8802
8811
8818
8822
8824
8827
8828
8830
8834
8836
8837
8856
8863
8864
8866
8868
8870
8873
8877
8906
8917
8928
8930
8938
8940
8942
8958
8968
8970
8973
8974
8978
8999
9008
9011
9013
9025
9029
9044
9049
9066
9078
9083
9091
9092
9096
9098
9115
9126
9143
9149
9150
9173
9178
9198
9204
9206
9207
9208
9214
9219
9220
9224
9229
9230
9233
9236
9239
9244
9248
9250
9251
9265
9266
9267
9268
9269
9272
9274
9277
9280
9281
9283
9286
9287
9288
9294
9297
9305
9309
9312
9314
9315
9322
9325
9326
9328
9335
9337
9352
9357
9374
9383
9387
9391
9412
9423
9453
9459
9463
9467
9468
9476
9481
9485
9489
9491
9497
9499
9501
9502
9510
9520
9526
9530
9535
9550
9557
9560
9561
9563
9569
9571
9577
9582
9590
9594
9600
9612
9615
9619
9620
9629
9636
9642
9653
9672
9677
9684
9693
9717
9718
9719
9721
9722
9724
9727
9728
9737
9749
9759
9765
9766
9768
9771
9776
9781
9802
9813
9815
9821
9826
9827
9847
9860
9862
9898
9899
9906
9911
9915
9949
9955
9959
9975
9980
9995
10009
10012
10013
10017
10023
10025
10031
10032
10034
10037
10044
10056
10061
10063
10064
10127
10129
10131
10132
10145
10155
10159
10164
10179
10180
10181
10184
10188
10189
10192
10201
10213
10227
10230
10233
10240
10245
10254
10263
10268
10275
10282
10304
10306
10312
10317
10336
10342
10348
10352
10390
10434
10449
10474
10479
10480
10494
10495
10497
10505
10513
10544
10548
10558
10565
10573
10591
10595
10600
10640
10672
10675
10690
10692
10695
10700
10728
10751
10767
10771
10772
10777
10779
10788
10806
10808
10810
10812
10815
10833
10836
10845
10860
10864
10873
10881
10892
10912
10941
10944
10963
10964
10972
10973
10994
10997
11019
11023
11032
11036
11044
11064
11068
11082
11090
11094
11101
11108
11123
11125
11126
11131
11147
11157
11160
11163
11169
11171
11181
11182
11195
11218
11248
11251
11287
11314
11316
11323
11348
11353
11388
11394
11417
11439
11455
11460
11464
11469
11484
11500
11512
11513
11541
11543
11547
11552
11565
11568
11571
11577
11578
11605
11606
11609
11617
11618
11619
11643
11648
11672
11682
11713
11716
11726
11729
11731
11732
11762
11763
11774
11780
11812
11829
11855
11890
11908
11910
11940
11955
11963
11968
11978
11980
11993
12007
12014
12027
12044
12057
12074
12079
12096
12112
12122
12130
12134
12135
12138
12140
12142
12146
12149
12150
12166
12167
12175
12179
12187
12208
12214
12224
12227
12230
12246
12247
12252
12253
12276
12280
12282
12293
12318
12319
12321
12324
12325
12341
12355
12386
12391
12392
12405
12419
12428
12431
12482
12508
12515
12526
12532
12538
12550
12560
12566
12568
12579
12591
12634
12638
12645
12660
12664
12682
12701
12705
12707
12714
12715
12728
12738
12739
12745
12760
12793
12799
12805
12881
12908
12912
12914
12934
12950
12954
12965
12975
12982
13110
13112
13119
13133
13137
13144
13152
13167
13168
13181
13190
13194
13202
13203
13209
13247
13265
13267
13279
13281
13284
13291
13298
13309
13327
13339
13369
13379
13382
13399
13409
13423
13430
13431
13447
13483
13529
13559
13577
13578
13583
13584
13611
13617
13623
13644
13656
13661
13663
13680
13684
13685
13701
13705
13716
13724
13747
13776
13806
13811
13833
13848
13854
13856
13873
13881
13893
13909
13920
13934
13942
13952
13960
13969
13978
13981
13989
13990
13994
14000
14007
14014
14065
14087
14096
14100
14105
14117
14123
14132
14150
14157
14161
14244
14248
14263
14282
14322
14337
14467
14471
14536
14561
14593
14613
14614
14626
14659
14664
14665
14708
14720
14726
14734
14741
14747
14754
14761
14773
14776
14780
14794
14798
14804
14812
14819
14850
14858
14863
14864
14878
14881
14889
14901
14921
14949
14955
14982
14987
14988
15000
15051
15135
15153
15155
15159
15170
15179
15180
15214
15219
15229
15247
15275
15278
15336
15340
15347
15348
15373
15384
15388
15424
15459
15479
15514
15524
15525
15534
15557
15595
15596
15624
15626
15627
15652
15657
15668
15677
15681
15709
15742
15764
15847
15870
15898
15904
15925
15981
16035
16078
16099
16131
16154
16167
16173
16300
16357
16372
16397
16399
16429
16439
16446
16454
16458
16478
16504
16516
16524
16548
16560
16576
16604
16607
16624
16645
16785
16792
16949
17125
17155
17169
17248
17250
17254
17261
17269
17271
17280
17283
17287
17289
17290
17298
17301
17303
17306
17308
17343
17405
17412
17425
17430
17455
17506
17539
17548
17566
17575
17691
17740
17749
17777
17783
17787
17800
17820
17821
17826
17829
17831
17857
17877
17897
17929
17934
18017
18052
18057
18064
18069
18081
18098
18105
18106
18108
18110
18111
18112
18114
18115
18116
18121
18123
18126
18130
18137
18139
18141
18143
18144
18146
18156
18162
18173
18174
18176
18177
18186
18204
18208
18211
18216
18218
18219
18220
18221
18224
18227
18240
18247
18256
18280
18293
18298
18320
18349
18350
18366
18406
18444
18449
18453
18460
18463
18487
18497
18543
18557
18595
18605
18644
18690
18716
18730
18737
18753
18863
18886
18891
18892
18938
18956
18979
18980
18985
18996
19002
19021
19150
19158
19247
19256
19375
19377
19445
19499
19596
19671
19682
19739
19888
19929
