23
68
136
142
162
207
344
366
438
523
623
625
628
631
663
670
677
751
762
900
1091
1098
1200
1242
1244
1637
1810
1820
2003
2057
2205
2232
2466
2494
2521
2549
2576
2623
2624
2714
2733
2814
2824
2852
2880
3056
3174
3227
3565
3706
3717
3732
4020
4113
4186
4311
4324
4367
4430
4441
4476
4502
4634
4699
4840
4910
5470
5766
5918
5972
6057
6130
6381
6503
6550
6883
7037
7126
7209
7241
7557
7636
7774
7783
8074
8077
8330
8400
8430
8753
8775
8860
8869
9248
9815
10428
10785
10815
10917
11348
12081
12320
12682
13084
13203
13324
13438
13668
13673
13680
14013
14441
14915
15134
15894
16118
17251
17256
17575
