9
23
26
36
39
62
74
77
88
90
119
124
125
167
168
183
188
201
207
210
211
224
258
264
268
278
283
308
322
349
352
371
376
427
428
431
439
458
525
579
597
656
674
680
709
727
736
737
739
744
756
758
759
779
789
806
815
850
875
879
882
905
918
921
929
934
989
1043
1062
1076
1077
1092
1145
1231
1276
1348
1356
1392
1419
1463
1480
1516
1602
1616
1647
1661
1789
1792
1798
1809
1870
1929
1938
1947
1967
2004
2028
2036
2060
2076
2160
2229
2238
2320
2323
2336
2338
2432
2443
2464
2549
2582
2598
2605
2606
2656
2669
2678
2685
2702
2777
2790
2795
2798
2852
2885
2906
2914
2952
3008
3032
3053
3132
3135
3156
3158
3169
3174
3278
3296
3336
3384
3415
3419
3437
3445
3459
3462
3465
3466
3474
3482
3504
3506
3509
3525
3529
3565
3568
3575
3589
3611
3624
3626
3632
3673
3679
3732
3745
3753
3757
3763
3776
3777
3847
3851
3861
3870
3898
3930
4008
4027
4046
4112
4140
4147
4250
4302
4305
4347
4380
4441
4454
4523
4539
4546
4612
4619
4685
4717
4789
4809
4849
4869
4888
4909
4963
5042
5076
5099
5110
5124
5153
5224
5228
5250
5268
5326
5329
5369
5388
5460
5470
5472
5515
5536
5571
5572
5581
5605
5625
5632
5652
5669
5688
5699
5714
5763
5836
5837
5848
5856
5897
5920
5922
5945
5955
5961
5968
6022
6028
6039
6088
6093
6106
6148
6161
6207
6218
6234
6241
6287
6307
6344
6371
6393
6412
6414
6418
6463
6491
6536
6537
6615
6621
6687
6726
6751
6799
6802
6807
6842
7064
7245
7256
7335
7351
7406
7480
7484
7513
7525
7602
7622
7640
7687
7698
7759
7761
7785
7793
7851
7865
8017
8081
8102
8209
8251
8332
8333
8342
8349
8354
8388
8459
8472
8506
8508
8518
8568
8737
8752
8753
8818
8822
8828
8834
8856
8866
9083
9098
9206
9220
9224
9244
9266
9281
9283
9286
9314
9322
9325
9497
9499
9560
9569
9577
9629
9653
9759
9766
9813
9815
9915
9949
9980
10013
10032
10034
10063
10129
10132
10145
10189
10233
10544
10771
10808
10812
10815
10833
10941
11090
11157
11182
11251
11484
11513
11605
11643
11648
11672
11908
11980
12135
12150
12167
12247
12392
12560
12566
12664
12705
12965
12975
13339
13431
13656
13990
14007
14014
14123
14244
14613
14734
14878
14901
14955
15135
15153
15336
15348
15384
15596
15624
15652
16035
16078
16173
16399
16458
16560
17248
17269
17566
17783
17821
17829
18123
18126
18218
18224
18227
18240
18256
18406
18453
18716
18996
19158
19247
19256
19499
19682
19929
