0.12195
0.08951
0.18466
0.08351
0.12253
0.12960
0.22460
0.13402
0.10917
0.27798
0.12709
0.07291
0.10250
0.10296
0.10859
0.12595
0.13283
0.10148
0.16716
0.08974
0.16931
0.07244
0.11468
0.09974
0.10135
0.12856
0.09243
0.10733
0.13731
0.11756
0.12254
0.10134
0.10209
0.09360
0.13123
0.16158
0.11801
0.12180
0.07158
0.08031
0.13124
0.12647
0.11008
0.09354
0.12815
0.11353
0.11604
0.15487
0.13407
0.11160
0.15634
0.12333
0.15034
0.13604
0.17265
0.12782
0.09425
0.10443
0.11513
0.09465
0.12373
0.09835
0.12860
0.12132
0.10807
0.12552
0.17286
0.13895
0.13131
0.13274
0.15103
0.09484
0.11555
0.13173
0.10352
0.09330
0.14039
0.12025
0.10168
0.13187
0.11642
0.11381
0.11844
0.14927
0.13802
0.11410
0.12046
0.09594
0.18783
0.11794
0.14322
0.09688
0.13698
0.11017
0.12515
0.13426
0.13518
0.12749
0.17928
0.12447
0.12444
0.11107
0.11018
0.10829
0.15392
0.08662
0.12101
0.12925
0.11265
0.10770
0.11689
0.10475
0.12565
0.15349
0.09489
0.09912
0.08573
0.10576
0.11055
0.21880
0.11086
0.10948
0.10649
0.10738
0.12381
0.13279
0.10974
0.14799
0.11103
0.13629
0.10971
0.10925
0.14809
0.12792
0.12833
0.10667
0.11172
0.11329
0.10916
0.11743
0.11842
0.11864
0.12346
0.13893
0.13369
0.08798
0.12656
0.12822
0.12213
0.13857
0.12198
0.09688
0.09486
0.12259
0.11650
0.09712
0.11903
0.11170
0.16650
0.14751
0.09821
0.12662
0.10564
0.10681
0.12751
0.25386
0.15541
0.12397
0.21097
0.13703
0.09548
0.12147
0.10766
0.11271
0.10856
0.10335
0.10608
0.11832
0.09106
0.20427
0.10898
0.11376
0.09701
0.12989
0.13770
0.14402
0.12206
0.08957
0.11356
0.11136
0.11996
0.09789
0.10102
0.09393
0.10138
0.12672
0.12111
0.13144
0.11864
0.12621
0.13327
0.08863
0.10889
0.14461
0.12169
0.12308
0.13042
0.11270
0.10948
0.10100
0.10621
0.13424
0.09773
0.09154
0.12420
0.18158
0.08959
0.11887
0.11981
0.10439
0.11146
0.10653
0.11020
0.11036
0.12759
0.09717
0.09982
0.15466
0.11321
0.16016
0.10227
0.16687
0.10142
0.09510
0.09330
0.10457
0.11723
0.10516
0.10497
0.14560
0.12894
0.13024
0.11904
0.11447
0.11013
0.12483
0.12428
0.10013
0.09432
0.09354
0.10071
0.10342
0.12703
0.10935
0.09574
0.11337
