0.12020
0.11882
0.11115
0.09319
0.11365
0.09922
0.13873
0.18141
0.15401
0.15049
0.11187
0.11738
0.11141
0.11227
0.10014
0.15714
0.11432
0.10446
0.09677
0.24281
0.12311
0.12261
0.07454
0.11332
0.11064
0.10696
0.13231
0.11394
0.12607
0.12552
0.12870
0.10316
0.13377
0.21360
0.11609
0.11360
0.10976
0.12973
0.13259
0.16871
0.14157
0.10722
0.12399
0.17761
0.13301
0.13115
0.10896
0.14310
0.09733
0.09159
0.10954
0.11545
0.17518
0.13214
0.12089
0.12819
0.19175
0.12193
0.12749
0.10831
0.25253
0.12180
0.10210
0.11867
0.11574
0.10498
0.10067
0.10669
0.12376
0.09621
0.12240
0.09974
0.18144
0.15621
0.09973
0.11825
0.10954
0.14305
0.14328
0.42722
0.12505
0.10910
0.15724
0.09838
0.14947
0.10605
0.09005
0.12992
0.14153
0.14206
0.10758
0.13548
0.10181
0.10979
0.11819
0.14580
0.11389
0.11058
0.13308
0.11607
0.11862
0.13090
0.14053
0.12350
0.19091
0.17027
0.12620
0.09512
0.15216
0.13156
0.14558
0.10007
0.12083
0.09256
0.07573
0.10941
0.13136
0.11600
0.13648
0.12445
0.10731
0.12615
0.12613
0.10651
0.12793
0.13914
0.12817
0.13497
0.10403
0.18207
0.11292
0.12588
0.10169
0.16547
0.10718
0.13379
0.11326
0.15246
0.10125
0.09024
0.13074
0.13862
0.12789
0.11245
0.12466
0.12041
0.09935
0.12427
0.09162
0.15748
0.10234
0.11774
0.13258
0.08657
0.08614
0.13075
0.08488
0.11715
0.10601
0.10539
0.08828
0.18335
0.09107
0.10158
0.09778
0.10689
0.11692
0.12670
0.10196
0.18126
0.14021
0.11477
0.15587
0.10768
0.18157
0.12098
0.10733
0.14564
0.09793
0.12139
0.09836
0.12029
0.16614
0.12671
0.12514
0.12718
0.12471
0.10307
0.10585
0.14930
0.12683
0.11318
0.11879
0.12333
0.09701
0.12045
0.11218
0.12617
0.13953
0.11020
0.18712
0.12456
0.09227
0.11549
0.09547
0.12550
0.09535
0.12089
0.09199
0.12614
0.08573
0.13187
0.11609
0.11382
0.10988
0.11444
0.11281
0.12297
0.10380
0.10814
0.18946
0.12296
0.14203
0.07078
0.19074
0.08889
0.10676
0.12153
0.12541
0.12505
0.10351
0.14241
0.12768
0.18630
0.15423
0.08790
0.11227
0.13427
0.11860
0.14579
0.10147
0.18224
0.11341
0.09105
0.12158
0.16687
0.14566
0.11608
0.10080
0.10627
0.12220
0.12480
0.11277
0.09654
0.09538
0.16074
