0.12726
0.12636
0.12749
0.12688
0.14037
0.12450
0.10149
0.11140
0.11696
0.12167
0.13519
0.12044
0.13297
0.11889
0.09689
0.12424
0.12808
0.11880
0.15514
0.07119
0.10519
0.10625
0.11140
0.12028
0.12939
0.08708
0.13296
0.12664
0.09040
0.10973
0.11520
0.11155
0.18518
0.11107
0.14893
0.13951
0.11389
0.11930
0.12174
0.16944
0.10184
0.15729
0.14434
0.14285
0.09633
0.11331
0.10747
0.09957
0.12009
0.11871
0.12462
0.18600
0.12927
0.11975
0.20839
0.14565
0.12107
0.12058
0.10882
0.11161
0.12082
0.10364
0.32168
0.12661
0.08962
0.11766
0.11345
0.11646
0.13925
0.08710
0.12056
0.08838
0.12333
0.10963
0.09673
0.09906
0.12103
0.10076
0.11305
0.15243
0.16789
0.13168
0.11912
0.11492
0.12378
0.09818
0.11032
0.09492
0.10178
0.13164
0.09169
0.11045
0.11294
0.11673
0.13663
0.11643
0.09337
0.09984
0.15210
0.10947
0.12360
0.14434
0.10870
0.11576
0.12797
0.07117
0.11433
0.13358
0.17503
0.12754
0.11163
0.11148
0.09861
0.13443
0.11479
0.11550
0.14196
0.09851
0.16695
0.10311
0.09731
0.08494
0.09924
0.16541
0.13106
0.10748
0.16124
0.16721
0.14958
0.13686
0.10576
0.08244
0.11310
0.12604
0.10269
0.10116
0.15883
0.20474
0.09857
0.11213
0.12316
0.12883
0.13799
0.15561
0.11666
0.12276
0.09664
0.09630
0.09340
0.10412
0.11767
0.11828
0.15205
0.09402
0.11257
0.13709
0.15234
0.12036
0.10732
0.10305
0.22079
0.11057
0.10980
0.12122
0.09634
0.11590
0.12315
0.11853
0.13910
0.11621
0.11176
0.13490
0.12285
0.11264
0.12850
0.10952
0.09915
0.13233
0.11462
0.10886
0.09878
0.16990
0.12057
0.13488
0.17896
0.09658
0.08807
0.12501
0.12861
0.11857
0.11274
0.10854
0.10134
0.10947
0.09591
0.08244
0.11985
0.10459
0.09158
0.10576
0.11609
0.11459
0.12135
0.21486
0.09864
0.14885
0.13073
0.17779
0.15344
0.08937
0.20487
0.08916
0.12944
0.11709
0.16623
0.12910
0.10425
0.15148
0.12583
0.12881
0.13029
0.12215
0.13849
0.11627
0.09920
0.17762
0.11282
0.10757
0.14712
0.12547
0.11893
0.14039
0.10951
0.12962
0.10893
0.12676
0.09064
0.11893
0.14234
0.12096
0.10671
0.36652
0.09821
0.14907
0.11203
0.12420
0.12204
0.12696
0.10788
0.10413
0.10577
0.08228
0.09579
0.18424
0.12682
0.10221
