0.11701
0.09955
0.11461
0.13089
0.12356
0.08131
0.16175
0.09253
0.11510
0.14973
0.21589
0.09508
0.15963
0.16086
0.16960
0.11485
0.13677
0.11829
0.24824
0.12386
0.12446
0.07740
0.09598
0.15592
0.16511
0.18983
0.11713
0.13311
0.08470
0.10966
0.12675
0.10082
0.11747
0.12243
0.09829
0.11362
0.16240
0.16699
0.10209
0.07136
0.10137
0.14935
0.09235
0.11308
0.11601
0.10945
0.12133
0.10907
0.14315
0.08770
0.10274
0.12667
0.09073
0.16314
0.09828
0.11910
0.12609
0.08529
0.09694
0.09310
0.10759
0.12748
0.09054
0.13001
0.15615
0.10496
0.17105
0.09316
0.09349
0.13765
0.15625
0.09604
0.12078
0.12998
0.11934
0.11467
0.10302
0.12660
0.09497
0.10744
0.11126
0.10805
0.15773
0.12921
0.12228
0.18176
0.12402
0.04300
0.11594
0.11171
0.20827
0.09656
0.11595
0.10132
0.10207
0.12087
0.10454
0.13017
0.09306
0.18101
0.11418
0.12960
0.11242
0.17598
0.11487
0.16810
0.11031
0.10902
0.10059
0.09528
0.11986
0.11101
0.11074
0.09444
0.09079
0.09584
0.11636
0.11008
0.09436
0.12850
0.09472
0.10413
0.11550
0.10169
0.12268
0.08726
0.10821
0.12907
0.10513
0.09030
0.11395
0.14659
0.09688
0.12538
0.13064
0.11020
0.10360
0.10185
0.16725
0.10180
0.11429
0.11739
0.09672
0.12524
0.12826
0.11274
0.11219
0.24032
0.15603
0.14958
0.10429
0.12158
0.11021
0.11230
0.12779
0.12880
0.20767
0.14517
0.17875
0.12194
0.17070
0.11004
0.10358
0.09722
0.10347
0.12124
0.11566
0.11794
0.13147
0.10681
0.10513
0.12182
0.12919
0.16058
0.08213
0.11841
0.10708
0.11093
0.09029
0.12756
0.14081
0.10125
0.13198
0.17908
0.11113
0.12187
0.09836
0.09417
0.12415
0.11579
0.10827
0.10155
0.11972
0.10713
0.12327
0.15952
0.10889
0.10633
0.12204
0.11397
0.11431
0.10531
0.13559
0.11687
0.14737
0.08568
0.10667
0.12654
0.12603
0.12840
0.11544
0.08599
0.08936
0.14054
0.12625
0.10958
0.12629
0.09230
0.15592
0.13079
0.09775
0.09099
0.11038
0.11007
0.11545
0.11030
0.11813
0.10048
0.11982
0.07792
0.21443
0.09885
0.10101
0.10062
0.10564
0.14997
0.09564
0.09851
0.09246
0.21184
0.15251
0.12529
0.11242
0.17159
0.14717
0.10370
0.12859
0.10687
0.18425
0.13894
0.08729
0.14507
0.14298
0.10512
0.11960
0.14465
