0.12262
0.12185
0.11736
0.11607
0.09913
0.12024
0.13047
0.10764
0.08760
0.12173
0.12722
0.10328
0.09803
0.09675
0.09456
0.13249
0.12639
0.11987
0.09804
0.12605
0.12931
0.10547
0.09998
0.09061
0.09691
0.13587
0.13755
0.10444
0.10078
0.09360
0.08003
0.10754
0.07921
0.10192
0.08672
0.23337
0.16559
0.15771
0.12355
0.15657
0.13494
0.11013
0.09210
0.09380
0.11009
0.18049
0.16450
0.10294
0.11728
0.09461
0.09987
0.11058
0.10291
0.10358
0.09545
0.16543
0.17435
0.12073
0.11472
0.09480
0.10164
0.10714
0.10801
0.09397
0.09409
0.13149
0.10448
0.10271
0.08909
0.08703
