1
3
4
5
7
8
9
10
11
12
16
17
18
19
20
22
23
24
25
26
29
30
34
35
36
37
39
40
41
42
45
48
49
50
51
53
54
56
58
59
60
61
62
64
65
67
68
69
70
71
72
74
75
77
78
79
80
82
83
85
86
87
88
89
90
91
92
93
94
97
98
99
101
103
106
107
108
109
110
111
112
113
114
115
116
117
119
120
122
123
124
125
126
127
128
130
131
132
133
134
136
137
138
140
141
142
145
146
147
149
150
151
152
153
155
156
159
160
162
165
166
167
168
169
170
171
173
175
176
177
180
181
182
183
185
187
189
191
193
194
196
197
198
199
200
201
203
204
205
206
207
208
209
210
211
212
213
214
215
216
217
218
219
221
222
226
227
229
230
232
233
237
239
240
241
244
247
248
250
251
254
255
258
259
260
262
263
264
265
266
268
270
271
272
273
274
275
278
279
280
282
283
285
287
288
289
290
293
295
296
297
298
299
300
301
302
303
304
305
307
308
309
310
312
313
315
319
321
322
323
325
327
328
329
331
333
336
337
339
340
344
346
347
349
350
352
353
354
356
357
358
359
360
362
363
366
368
371
374
375
376
377
378
379
383
387
388
389
393
394
396
398
401
402
403
405
408
409
410
413
419
423
424
425
426
427
428
429
431
432
433
434
435
438
439
440
441
444
445
448
449
450
451
453
454
457
459
463
464
469
470
471
473
474
475
478
479
480
481
482
483
490
492
493
494
497
501
504
505
507
508
510
513
515
517
518
519
522
523
525
526
527
531
532
533
535
538
541
542
546
547
549
551
552
553
554
555
556
558
561
563
564
567
569
573
576
581
582
585
587
588
590
591
593
594
595
596
598
599
600
601
602
603
604
606
607
610
611
612
614
615
616
618
620
621
622
625
626
628
629
631
632
634
635
636
637
638
642
644
646
649
650
651
652
656
658
659
661
662
663
664
665
666
668
670
672
673
676
677
679
681
683
684
685
687
689
690
692
693
694
695
696
700
701
707
708
709
710
712
714
715
718
719
720
721
722
725
727
733
734
736
737
738
739
741
743
746
748
749
750
751
753
754
755
756
758
759
765
767
768
770
774
776
778
779
780
781
782
783
785
789
790
792
794
795
796
798
799
801
804
805
806
807
808
809
810
811
813
815
817
819
820
821
824
825
826
827
830
831
832
835
836
837
838
839
843
844
845
846
847
850
853
854
855
856
857
858
859
860
862
864
865
867
870
873
875
876
877
878
879
881
884
885
887
888
889
895
898
901
902
903
904
905
906
908
911
917
918
920
921
922
924
927
928
929
932
936
940
941
942
943
944
947
948
950
952
953
955
956
957
958
961
963
964
965
967
968
969
973
974
975
976
977
978
980
981
982
983
984
987
991
992
993
996
999
1003
1005
1006
1009
1011
1012
1013
1014
1017
1018
1019
1022
1024
1025
1029
1030
1031
1033
1034
1035
1036
1037
1040
1041
1043
1046
1048
1050
1055
1056
1061
1062
1064
1065
1066
1069
1070
1071
1073
1074
1075
1076
1077
1078
1079
1082
1083
1084
1085
1086
1088
1091
1094
1096
1097
1098
1099
1104
1105
1106
1110
1113
1117
1122
1123
1124
1126
1127
1128
1129
1133
1135
1143
1144
1145
1146
1150
1156
1158
1159
1160
1161
1162
1165
1169
1179
1180
1181
1184
1186
1187
1189
1190
1191
1198
1199
1201
1204
1206
1208
1209
1210
1211
1213
1216
1219
1220
1223
1224
1225
1227
1231
1232
1239
1242
1244
1245
1248
1249
1250
1251
1253
1258
1259
1262
1265
1267
1269
1272
1274
1276
1277
1279
1283
1286
1292
1295
1297
1304
1308
1311
1312
1314
1315
1316
1320
1321
1323
1325
1326
1327
1328
1329
1331
1338
1343
1345
1346
1348
1349
1350
1351
1353
1356
1358
1363
1365
1369
1370
1372
1373
1375
1378
1379
1383
1385
1389
1395
1398
1399
1402
1403
1404
1406
1408
1409
1410
1411
1419
1422
1425
1429
1430
1431
1435
1436
1437
1439
1442
1443
1447
1450
1451
1456
1457
1458
1463
1464
1465
1469
1472
1473
1474
1475
1477
1479
1480
1482
1483
1485
1487
1492
1495
1496
1497
1502
1503
1508
1514
1515
1516
1520
1526
1527
1528
1536
1541
1542
1543
1545
1549
1551
1552
1555
1556
1557
1558
1562
1563
1567
1570
1571
1572
1573
1576
1577
1579
1580
1581
1583
1585
1587
1589
1590
1596
1598
1599
1600
1603
1606
1610
1611
1613
1616
1618
1620
1622
1623
1624
1625
1626
1628
1629
1639
1641
1642
1644
1646
1647
1649
1651
1653
1654
1655
1658
1659
1668
1669
1670
1671
1673
1674
1677
1678
1679
1688
1690
1691
1693
1694
1698
1703
1705
1708
1709
1711
1712
1716
1719
1720
1726
1729
1731
1732
1736
1744
1745
1746
1747
1748
1749
1752
1755
1760
1761
1762
1764
1767
1769
1771
1772
1773
1774
1776
1778
1788
1789
1791
1792
1795
1798
1801
1802
1805
1808
1809
1810
1811
1817
1820
1821
1822
1829
1830
1831
1832
1835
1840
1841
1843
1850
1852
1853
1856
1858
1859
1860
1861
1867
1868
1869
1870
1876
1880
1881
1884
1887
1889
1894
1895
1896
1897
1900
1901
1902
1904
1907
1909
1910
1915
1917
1920
1922
1925
1931
1932
1935
1937
1941
1947
1948
1950
1952
1953
1956
1957
1959
1960
1961
1966
1968
1972
1973
1977
1980
1986
1989
1990
1991
1993
1999
2000
2001
2003
2004
2005
2009
2010
2012
2013
2015
2017
2019
2024
2027
2028
2029
2032
2034
2036
2037
2039
2041
2043
2048
2052
2053
2060
2063
2064
2067
2068
2070
2073
2074
2075
2076
2082
2083
2085
2087
2088
2089
2091
2092
2097
2098
2099
2103
2105
2109
2114
2124
2128
2129
2130
2131
2132
2133
2134
2136
2144
2150
2154
2155
2157
2158
2160
2162
2165
2167
2168
2174
2175
2176
2178
2179
2183
2185
2190
2194
2195
2196
2197
2201
2202
2205
2209
2212
2218
2219
2223
2225
2227
2229
2232
2238
2239
2240
2241
2242
2246
2248
2251
2254
2255
2256
2260
2264
2266
2267
2269
2270
2271
2273
2283
2290
2293
2294
2299
2300
2301
2308
2309
2310
2311
2312
2317
2318
2322
2323
2327
2328
2330
2331
2334
2337
2338
2344
2354
2355
2358
2359
2360
2363
2364
2366
2368
2369
2376
2379
2385
2390
2394
2398
2401
2403
2407
2415
2416
2418
2419
2422
2429
2430
2431
2432
2435
2436
2437
2438
2439
2441
2442
2444
2446
2448
2450
2453
2455
2460
2462
2463
2464
2467
2472
2473
2477
2480
2487
2489
2491
2492
2493
2494
2498
2499
2501
2506
2508
2513
2515
2516
2517
2518
2520
2521
2525
2526
2527
2529
2531
2532
2536
2539
2544
2545
2546
2548
2549
2551
2552
2556
2559
2561
2562
2563
2566
2567
2568
2569
2571
2575
2581
2582
2583
2587
2588
2590
2592
2593
2594
2597
2598
2599
2601
2602
2603
2604
2605
2606
2608
2609
2610
2611
2613
2614
2615
2616
2617
2622
2623
2624
2625
2628
2629
2631
2634
2635
2636
2640
2641
2642
2643
2644
2645
2646
2647
2648
2650
2651
2656
2657
2658
2659
2660
2661
2662
2663
2664
2665
2666
2667
2669
2670
2671
2674
2676
2677
2678
2680
2681
2682
2683
2684
2685
2688
2691
2692
2696
2697
2698
2699
2700
2701
2702
2706
2710
2713
2714
2715
2716
2717
2719
2720
2721
2723
2724
2725
2726
2727
2728
2729
2732
2733
2734
2735
2738
2739
2742
2744
2746
2747
2748
2749
2750
2753
2754
2755
2757
2759
2761
2763
2764
2766
2771
2773
2774
2775
2777
2778
2779
2780
2781
2783
2784
2786
2787
2789
2790
2791
2792
2793
2794
2796
2803
2805
2807
2809
2811
2813
2814
2815
2817
2818
2821
2822
2824
2825
2826
2827
2829
2830
2831
2832
2836
2838
2839
2840
2842
2843
2844
2848
2850
2852
2853
2854
2856
2857
2859
2860
2861
2862
2864
2865
2869
2871
2872
2873
2874
2875
2877
2879
2880
2882
2885
2886
2888
2892
2893
2895
2896
2897
2899
2901
2902
2903
2904
2906
2907
2910
2912
2914
2915
2919
2920
2922
2924
2927
2928
2931
2932
2933
2934
2937
2938
2939
2940
2941
2942
2943
2944
2945
2947
2952
2953
2954
2958
2959
2961
2962
2964
2965
2967
2970
2971
2973
2975
2976
2978
2980
2983
2987
2988
2989
2991
2992
2994
2997
3000
3002
3003
3004
3007
3008
3010
3014
3016
3020
3025
3029
3030
3031
3034
3038
3044
3046
3047
3049
3051
3053
3056
3057
3058
3060
3061
3064
3065
3067
3068
3069
3071
3072
3073
3077
3079
3082
3083
3084
3086
3087
3088
3091
3092
3093
3094
3095
3097
3100
3102
3104
3105
3109
3113
3115
3116
3118
3123
3124
3126
3127
3128
3130
3131
3133
3134
3138
3139
3141
3143
3145
3146
3147
3150
3152
3153
3154
3156
3157
3158
3159
3160
3161
3162
3163
3165
3168
3169
3170
3171
3172
3173
3174
3176
3177
3183
3185
3186
3187
3188
3191
3192
3193
3200
3203
3205
3206
3207
3208
3209
3213
3214
3216
3217
3219
3223
3225
3227
3228
3230
3232
3233
3234
3237
3238
3239
3240
3242
3243
3244
3248
3250
3251
3253
3256
3257
3258
3260
3262
3263
3264
3265
3266
3267
3269
3270
3271
3274
3275
3277
3278
3281
3282
3285
3287
3288
3289
3290
3291
3295
3296
3297
3298
3299
3300
3301
3305
3308
3309
3310
3311
3312
3313
3314
3315
3317
3319
3322
3323
3324
3327
3328
3330
3331
3332
3334
3335
3336
3337
3340
3341
3342
3343
3344
3345
3346
3347
3348
3350
3354
3357
3361
3362
3363
3367
3368
3369
3371
3372
3373
3375
3377
3380
3383
3384
3385
3386
3387
3388
3390
3398
3399
3400
3401
3402
3403
3404
3406
3407
3408
3410
3411
3412
3413
3415
3416
3417
3418
3420
3421
3422
3423
3424
3426
3429
3430
3431
3432
3434
3435
3437
3438
3442
3443
3444
3446
3450
3453
3455
3456
3457
3459
3460
3461
3462
3463
3465
3466
3467
3469
3470
3471
3472
3473
3475
3476
3478
3480
3481
3482
3483
3485
3486
3487
3489
3491
3492
3495
3496
3503
3504
3506
3507
3509
3510
3511
3515
3516
3519
3521
3522
3523
3525
3526
3527
3529
3530
3532
3533
3535
3536
3538
3542
3543
3544
3545
3547
3549
3550
3552
3553
3556
3559
3560
3562
3563
3565
3566
3568
3571
3572
3573
3574
3576
3578
3579
3580
3581
3582
3583
3584
3585
3589
3590
3591
3592
3593
3594
3595
3596
3597
3598
3599
3600
3601
3602
3604
3605
3606
3607
3608
3609
3610
3611
3612
3613
3614
3615
3616
3618
3619
3620
3622
3623
3624
3625
3627
3630
3632
3637
3638
3642
3646
3647
3648
3651
3652
3654
3655
3657
3658
3660
3662
3664
3665
3667
3668
3669
3674
3679
3680
3681
3682
3683
3685
3686
3687
3689
3690
3692
3693
3695
3696
3697
3698
3699
3701
3702
3703
3704
3705
3706
3707
3708
3709
3713
3714
3715
3719
3721
3722
3723
3727
3729
3731
3732
3733
3734
3735
3736
3737
3739
3740
3741
3742
3746
3747
3748
3752
3753
3755
3756
3757
3758
3759
3760
3763
3764
3766
3767
3770
3771
3772
3774
3776
3777
3782
3786
3789
3790
3791
3795
3800
3801
3802
3803
3806
3807
3809
3810
3813
3814
3815
3816
3817
3818
3820
3821
3822
3823
3824
3825
3826
3827
3828
3831
3833
3834
3838
3839
3840
3842
3843
3845
3846
3847
3848
3849
3851
3852
3853
3858
3859
3860
3861
3863
3864
3865
3866
3867
3868
3869
3870
3871
3873
3874
3880
3881
3882
3884
3886
3887
3888
3896
3898
3899
3900
3901
3902
3904
3907
3911
3913
3917
3919
3920
3922
3923
3924
3927
3928
3930
3932
3933
3939
3941
3943
3944
3945
3946
3947
3948
3952
3953
3955
3956
3957
3958
3959
3961
3962
3963
3965
3967
3968
3979
3980
3981
3982
3983
3984
3989
3993
3996
4000
4001
4002
4003
4005
4006
4008
4009
4010
4012
4013
4015
4016
4017
4019
4020
4022
4023
4024
4032
4033
4036
4039
4041
4042
4043
4044
4045
4050
4051
4054
4055
4066
4067
4070
4071
4073
4077
4079
4080
4082
4084
4085
4086
4087
4089
4094
4096
4101
4104
4105
4107
4108
4109
4111
4112
4113
4114
4118
4119
4120
4122
4124
4127
4129
4131
4134
4137
4145
4146
4147
4148
4149
4152
4153
4154
4155
4156
4159
4160
4161
4162
4164
4165
4168
4169
4171
4172
4178
4179
4183
4184
4185
4186
4187
4188
4190
4191
4192
4194
4197
4199
4205
4207
4215
4216
4219
4220
4221
4222
4228
4229
4231
4234
4235
4236
4238
4239
4240
4242
4243
4250
4253
4255
4256
4258
4259
4260
4262
4265
4267
4269
4270
4273
4274
4275
4276
4290
4291
4292
4293
4298
4300
4302
4303
4308
4311
4312
4313
4316
4323
4324
4328
4331
4336
4340
4341
4343
4347
4351
4352
4353
4358
4359
4362
4364
4366
4372
4375
4376
4378
4379
4382
4383
4384
4385
4388
4389
4390
4391
4393
4398
4402
4403
4405
4408
4413
4418
4420
4421
4422
4423
4424
4425
4426
4427
4430
4432
4434
4436
4439
4440
4442
4443
4448
4453
4455
4457
4462
4466
4469
4470
4474
4476
4478
4480
4483
4484
4487
4490
4491
4492
4494
4495
4496
4497
4502
4510
4512
4514
4515
4516
4519
4528
4529
4531
4533
4534
4536
4544
4545
4546
4547
4554
4555
4556
4559
4560
4561
4562
4566
4568
4569
4572
4574
4576
4582
4587
4591
4593
4594
4595
4596
4597
4601
4603
4606
4607
4610
4611
4612
4613
4614
4618
4621
4630
4631
4632
4635
4636
4639
4640
4646
4648
4649
4651
4655
4657
4658
4660
4662
4666
4668
4670
4676
4679
4683
4685
4688
4689
4690
4691
4692
4695
4696
4700
4701
4702
4703
4704
4705
4707
4708
4709
4710
4713
4714
4715
4716
4718
4719
4726
4727
4728
4730
4734
4744
4745
4751
4753
4757
4759
4761
4763
4765
4766
4768
4769
4770
4776
4779
4780
4787
4788
4789
4791
4794
4795
4798
4802
4803
4804
4806
4807
4808
4812
4815
4816
4817
4821
4827
4828
4829
4830
4831
4833
4834
4835
4838
4840
4847
4848
4851
4853
4856
4857
4860
4861
4865
4869
4871
4872
4873
4874
4875
4876
4880
4881
4882
4883
4884
4886
4887
4889
4891
4894
4895
4900
4908
4909
4910
4912
4913
4914
4916
4917
4919
4920
4923
4927
4928
4930
4931
4933
4943
4946
4947
4952
4953
4955
4959
4960
4961
4962
4963
4967
4968
4969
4970
4981
4983
4986
4988
4992
4993
4994
4997
4998
5002
5006
5007
5012
5013
5025
5028
5030
5033
5034
5035
5036
5040
5041
5044
5045
5048
5051
5052
5056
5060
5062
5063
5064
5068
5071
5072
5074
5075
5076
5082
5084
5087
5090
5093
5097
5101
5102
5105
5110
5112
5114
5116
5117
5120
5121
5124
5125
5135
5144
5148
5149
5152
5153
5154
5167
5172
5176
5179
5180
5181
5184
5185
5189
5192
5193
5195
5196
5199
5200
5204
5205
5211
5222
5226
5227
5228
5229
5234
5235
5243
5244
5245
5247
5248
5251
5254
5257
5259
5261
5263
5264
5268
5272
5279
5280
5285
5287
5288
5289
5290
5294
5297
5300
5303
5306
5309
5312
5313
5315
5316
5321
5323
5325
5326
5327
5329
5330
5331
5332
5338
5340
5343
5344
5352
5356
5358
5359
5360
5361
5363
5366
5367
5369
5371
5373
5374
5375
5376
5381
5382
5386
5387
5389
5390
5392
5396
5397
5399
5403
5408
5412
5425
5428
5431
5432
5433
5438
5441
5443
5446
5448
5449
5450
5453
5456
5458
5460
5461
5464
5466
5470
5471
5472
5473
5474
5476
5477
5478
5479
5480
5481
5482
5484
5486
5491
5493
5496
5497
5499
5504
5508
5511
5512
5513
5514
5515
5516
5517
5519
5521
5522
5528
5531
5534
5536
5544
5546
5549
5550
5551
5555
5556
5557
5559
5560
5562
5563
5564
5565
5566
5567
5570
5571
5572
5573
5574
5577
5579
5580
5582
5583
5584
5587
5589
5590
5591
5592
5593
5595
5601
5603
5605
5606
5608
5609
5613
5614
5616
5617
5620
5621
5625
5626
5631
5633
5638
5640
5645
5647
5649
5650
5651
5653
5654
5655
5660
5664
5670
5671
5674
5675
5676
5679
5681
5688
5689
5690
5694
5695
5701
5703
5705
5706
5710
5712
5719
5721
5724
5725
5728
5730
5734
5738
5739
5741
5742
5743
5744
5745
5747
5750
5751
5759
5760
5763
5764
5767
5768
5771
5773
5776
5778
5779
5783
5788
5789
5790
5792
5796
5799
5800
5803
5804
5805
5807
5810
5811
5814
5816
5817
5827
5829
5833
5834
5835
5836
5837
5838
5840
5843
5845
5847
5850
5851
5854
5855
5856
5858
5859
5864
5866
5867
5868
5869
5870
5875
5876
5880
5881
5882
5883
5884
5890
5894
5897
5898
5899
5902
5903
5906
5907
5908
5910
5918
5926
5927
5929
5930
5931
5932
5936
5941
5946
5947
5948
5950
5952
5953
5955
5959
5964
5966
5967
5971
5972
5977
5981
5985
5987
5990
5992
5993
5996
5997
6000
6003
6004
6007
6015
6018
6020
6022
6026
6027
6033
6037
6038
6039
6042
6045
6048
6050
6052
6053
6056
6057
6059
6060
6063
6066
6067
6069
6072
6073
6074
6076
6080
6081
6083
6084
6087
6089
6092
6093
6094
6095
6096
6097
6098
6104
6107
6108
6112
6113
6114
6122
6125
6126
6133
6134
6137
6138
6139
6140
6142
6143
6144
6145
6146
6150
6156
6157
6158
6159
6160
6161
6162
6166
6171
6172
6181
6182
6183
6184
6186
6191
6193
6194
6197
6201
6202
6204
6206
6212
6213
6214
6215
6218
6219
6221
6223
6224
6230
6232
6235
6239
6241
6243
6244
6246
6251
6252
6253
6254
6255
6258
6261
6263
6267
6270
6271
6272
6274
6276
6277
6282
6283
6286
6291
6295
6297
6302
6304
6308
6309
6317
6321
6322
6324
6329
6331
6333
6334
6335
6337
6340
6341
6343
6344
6347
6351
6353
6354
6356
6358
6359
6360
6361
6364
6366
6368
6369
6371
6372
6373
6375
6377
6383
6388
6389
6391
6392
6393
6396
6401
6409
6411
6413
6414
6415
6416
6418
6419
6422
6425
6427
6433
6435
6436
6438
6441
6446
6447
6453
6455
6457
6458
6460
6461
6462
6463
6465
6468
6479
6480
6485
6486
6487
6488
6489
6492
6495
6496
6505
6507
6513
6514
6520
6523
6528
6529
6531
6535
6538
6540
6542
6544
6545
6548
6550
6553
6556
6559
6561
6564
6565
6570
6571
6574
6577
6579
6580
6585
6586
6587
6589
6592
6593
6596
6599
6600
6602
6605
6609
6612
6615
6620
6621
6624
6626
6627
6629
6631
6632
6637
6642
6649
6652
6653
6660
6662
6666
6668
6672
6673
6675
6676
6682
6687
6689
6690
6694
6696
6698
6700
6701
6703
6705
6706
6712
6713
6717
6718
6719
6722
6728
6729
6731
6732
6735
6738
6739
6741
6744
6747
6751
6757
6761
6762
6767
6770
6772
6773
6782
6786
6787
6791
6792
6796
6799
6800
6801
6802
6805
6807
6812
6813
6814
6817
6818
6821
6822
6833
6834
6836
6842
6844
6851
6852
6853
6857
6861
6866
6868
6869
6870
6877
6879
6883
6884
6885
6886
6894
6900
6903
6904
6906
6907
6910
6913
6914
6915
6916
6922
6926
6927
6929
6934
6935
6936
6939
6942
6944
6945
6950
6953
6955
6956
6957
6958
6964
6965
6967
6969
6970
6972
6973
6976
6977
6982
6990
6993
6994
6999
7004
7005
7006
7009
7010
7012
7015
7020
7025
7027
7029
7034
7036
7037
7038
7040
7046
7049
7050
7052
7056
7057
7060
7061
7064
7065
7066
7074
7079
7083
7086
7089
7093
7095
7103
7104
7108
7116
7120
7122
7125
7130
7131
7133
7134
7135
7136
7143
7148
7154
7159
7166
7167
7174
7175
7176
7177
7178
7179
7184
7188
7189
7194
7203
7206
7208
7209
7211
7212
7213
7216
7220
7221
7222
7223
7224
7225
7226
7230
7231
7232
7235
7236
7240
7242
7243
7244
7245
7250
7251
7256
7257
7259
7262
7264
7268
7269
7273
7274
7275
7279
7282
7285
7286
7290
7293
7299
7314
7320
7322
7323
7324
7325
7328
7331
7338
7344
7345
7347
7351
7352
7353
7358
7360
7362
7366
7375
7376
7379
7382
7387
7388
7390
7395
7396
7398
7403
7404
7409
7410
7413
7414
7419
7420
7425
7432
7441
7444
7447
7448
7449
7451
7453
7459
7461
7465
7466
7472
7475
7476
7478
7480
7481
7490
7491
7492
7494
7498
7499
7501
7503
7505
7507
7508
7512
7517
7519
7525
7526
7532
7533
7538
7539
7545
7547
7551
7552
7555
7557
7562
7565
7569
7570
7571
7572
7573
7575
7576
7578
7580
7581
7583
7585
7587
7588
7589
7592
7593
7602
7607
7608
7611
7614
7617
7618
7619
7620
7623
7628
7630
7632
7633
7635
7638
7640
7641
7645
7646
7654
7657
7658
7661
7664
7665
7666
7671
7676
7680
7682
7686
7687
7690
7691
7692
7693
7694
7695
7699
7700
7703
7704
7706
7707
7710
7713
7719
7721
7724
7725
7727
7732
7739
7741
7744
7746
7747
7749
7750
7752
7754
7758
7759
7761
7765
7766
7770
7771
7772
7773
7775
7776
7779
7780
7784
7785
7787
7795
7796
7797
7804
7806
7807
7810
7811
7816
7817
7818
7822
7823
7824
7825
7826
7827
7830
7832
7834
7835
7837
7842
7847
7849
7856
7857
7858
7862
7863
7867
7868
7870
7871
7877
7880
7881
7886
7887
7888
7894
7899
7900
7902
7908
7910
7913
7915
7917
7920
7921
7923
7925
7928
7929
7930
7932
7933
7934
7937
7940
7943
7944
7945
7947
7948
7953
7954
7955
7956
7958
7959
7960
7964
7968
7969
7970
7971
7972
7980
7981
7984
7986
7988
7993
7994
7995
7998
7999
8008
8009
8014
8017
8021
8034
8039
8040
8041
8043
8047
8049
8051
8054
8059
8060
8061
8064
8065
8066
8068
8071
8072
8073
8074
8078
8079
8080
8081
8087
8088
8089
8092
8093
8096
8099
8100
8101
8102
8104
8107
8111
8112
8113
8118
8119
8125
8130
8131
8133
8138
8140
8141
8144
8145
8146
8147
8149
8150
8151
8153
8154
8155
8158
8161
8164
8165
8166
8168
8169
8170
8174
8180
8181
8186
8188
8189
8192
8193
8194
8195
8198
8199
8200
8203
8205
8209
8213
8215
8223
8227
8228
8229
8230
8232
8233
8234
8239
8241
8243
8245
8246
8247
8249
8252
8256
8259
8261
8265
8268
8271
8276
8277
8280
8281
8307
8313
8314
8315
8318
8319
8320
8322
8327
8330
8333
8335
8341
8342
8343
8346
8347
8348
8349
8350
8353
8354
8355
8357
8358
8360
8364
8370
8374
8377
8378
8382
8391
8394
8397
8400
8401
8403
8405
8412
8415
8416
8417
8418
8421
8423
8424
8425
8426
8428
8434
8437
8443
8444
8449
8453
8455
8458
8460
8461
8463
8467
8469
8470
8471
8472
8475
8481
8486
8487
8488
8489
8497
8501
8506
8507
8508
8514
8515
8522
8524
8527
8533
8541
8546
8550
8557
8562
8566
8567
8569
8572
8574
8578
8579
8580
8586
8588
8590
8594
8600
8603
8605
8606
8608
8609
8611
8612
8613
8614
8618
8621
8629
8634
8635
8638
8645
8647
8648
8652
8654
8655
8660
8667
8669
8676
8681
8684
8690
8694
8698
8699
8700
8705
8711
8719
8725
8726
8732
8733
8737
8740
8741
8742
8743
8746
8752
8753
8756
8758
8760
8764
8769
8770
8771
8772
8773
8775
8779
8780
8785
8786
8787
8789
8790
8791
8792
8796
8797
8798
8799
8800
8803
8804
8805
8809
8811
8813
8816
8818
8820
8824
8825
8826
8827
8828
8829
8834
8835
8837
8841
8847
8849
8852
8853
8856
8860
8862
8864
8865
8866
8867
8868
8870
8871
8873
8875
8876
8877
8878
8889
8896
8899
8901
8904
8908
8914
8915
8917
8920
8921
8922
8927
8928
8938
8942
8943
8945
8947
8948
8953
8955
8964
8970
8971
8973
8974
8976
8977
8979
8980
8981
8985
8988
8989
8995
8998
8999
9004
9006
9007
9008
9013
9015
9016
9024
9033
9034
9035
9036
9037
9049
9052
9053
9054
9058
9064
9065
9066
9069
9077
9078
9079
9081
9083
9085
9086
9090
9091
9092
9094
9095
9096
9102
9106
9108
9109
9110
9118
9124
9130
9131
9140
9149
9150
9152
9153
9154
9157
9170
9175
9176
9177
9178
9184
9185
9194
9195
9198
9199
9207
9208
9212
9213
9215
9216
9218
9219
9220
9223
9227
9228
9231
9238
9239
9240
9242
9246
9248
9250
9251
9252
9254
9256
9257
9258
9262
9263
9265
9268
9269
9270
9271
9274
9275
9276
9279
9281
9284
9287
9288
9289
9291
9295
9298
9303
9304
9305
9306
9311
9315
9325
9326
9327
9330
9337
9338
9343
9346
9349
9350
9351
9352
9355
9361
9366
9377
9378
9380
9382
9383
9384
9385
9387
9390
9391
9393
9402
9412
9417
9426
9441
9443
9445
9446
9447
9449
9451
9453
9455
9460
9461
9465
9466
9468
9476
9477
9479
9481
9484
9485
9499
9501
9504
9505
9506
9507
9511
9513
9516
9517
9519
9521
9528
9529
9530
9532
9533
9536
9539
9540
9541
9542
9543
9544
9548
9549
9550
9554
9556
9559
9560
9561
9563
9564
9565
9569
9571
9572
9573
9576
9579
9583
9594
9596
9600
9603
9606
9609
9610
9611
9615
9617
9619
9623
9625
9628
9630
9631
9632
9639
9640
9649
9650
9652
9653
9655
9661
9662
9663
9666
9668
9669
9672
9681
9682
9693
9695
9699
9706
9712
9713
9717
9721
9722
9728
9732
9735
9738
9742
9747
9751
9752
9753
9757
9759
9766
9767
9768
9770
9771
9774
9776
9778
9790
9795
9797
9798
9802
9807
9810
9816
9822
9823
9826
9827
9828
9829
9832
9833
9835
9840
9845
9846
9847
9848
9850
9860
9872
9876
9879
9881
9884
9886
9888
9895
9898
9899
9904
9906
9907
9909
9911
9913
9914
9915
9917
9921
9931
9932
9941
9942
9949
9951
9952
9954
9964
9968
9975
9976
9981
9987
9990
9995
10004
10008
10009
10023
10029
10032
10034
10039
10040
10044
10050
10056
10063
10064
10065
10075
10077
10078
10094
10095
10100
10101
10102
10106
10114
10117
10136
10137
10139
10142
10143
10152
10154
10155
10158
10159
10161
10163
10166
10174
10178
10180
10181
10185
10186
10187
10188
10190
10193
10195
10197
10203
10209
10212
10214
10216
10218
10220
10224
10225
10226
10227
10230
10231
10232
10236
10237
10240
10243
10245
10253
10257
10258
10264
10268
10271
10275
10287
10290
10295
10296
10298
10307
10309
10314
10317
10332
10334
10336
10337
10339
10342
10345
10349
10351
10352
10354
10357
10358
10359
10365
10371
10385
10389
10393
10395
10399
10400
10404
10411
10413
10419
10424
10426
10432
10439
10442
10450
10467
10474
10483
10485
10486
10495
10497
10499
10501
10511
10513
10521
10523
10538
10543
10544
10548
10549
10550
10553
10557
10558
10562
10571
10576
10583
10591
10595
10599
10600
10608
10610
10613
10627
10633
10640
10648
10657
10664
10670
10674
10675
10682
10684
10689
10691
10692
10695
10699
10700
10702
10711
10717
10720
10724
10728
10731
10733
10734
10743
10751
10753
10757
10759
10761
10763
10764
10769
10771
10775
10776
10777
10778
10781
10782
10784
10785
10790
10792
10799
10802
10807
10814
10815
10823
10833
10836
10839
10849
10860
10863
10868
10870
10872
10879
10881
10884
10889
10890
10893
10896
10897
10898
10900
10912
10920
10941
10943
10944
10948
10949
10950
10957
10959
10962
10964
10969
10973
10979
10988
10994
10995
10997
10998
11001
11008
11016
11021
11025
11029
11032
11036
11040
11044
11045
11046
11050
11064
11068
11079
11082
11089
11090
11094
11096
11105
11107
11108
11115
11127
11138
11145
11151
11153
11157
11166
11181
11182
11186
11187
11193
11194
11211
11212
11218
11227
11229
11236
11238
11241
11244
11255
11266
11275
11276
11277
11279
11285
11288
11299
11305
11307
11317
11320
11321
11323
11332
11342
11343
11351
11353
11358
11359
11379
11383
11386
11389
11392
11401
11402
11403
11404
11405
11406
11407
11410
11411
11413
11414
11417
11418
11422
11426
11439
11449
11456
11460
11464
11471
11475
11476
11479
11480
11482
11483
11492
11493
11500
11504
11512
11515
11527
11533
11534
11538
11541
11545
11546
11553
11554
11557
11558
11559
11561
11562
11565
11566
11568
11571
11572
11574
11578
11583
11596
11599
11606
11614
11617
11619
11624
11627
11630
11639
11640
11643
11665
11679
11685
11701
11710
11712
11714
11715
11716
11729
11731
11738
11750
11762
11780
11787
11799
11805
11818
11838
11866
11874
11875
11886
11890
11914
11918
11931
11940
11941
11947
11948
11952
11955
11963
11970
11973
11978
11980
11982
11989
12013
12014
12021
12036
12042
12047
12055
12060
12062
12066
12068
12070
12080
12083
12086
12091
12100
12104
12122
12123
12126
12130
12134
12136
12137
12138
12140
12141
12142
12144
12146
12150
12152
12157
12158
12160
12164
12165
12166
12170
12171
12176
12186
12191
12195
12208
12209
12212
12215
12218
12225
12227
12234
12235
12239
12242
12243
12246
12247
12251
12252
12258
12259
12260
12261
12262
12263
12271
12281
12284
12287
12289
12293
12296
12297
12298
12302
12304
12316
12320
12321
12325
12337
12349
12352
12353
12354
12355
12358
12372
12374
12382
12385
12386
12387
12390
12399
12406
12427
12439
12442
12445
12448
12459
12463
12501
12511
12512
12515
12520
12523
12530
12532
12534
12548
12554
12555
12557
12559
12561
12568
12579
12582
12583
12585
12587
12594
12595
12620
12636
12653
12657
12663
12670
12674
12676
12677
12680
12682
12692
12693
12699
12705
12706
12714
12715
12716
12718
12720
12739
12741
12742
12749
12751
12756
12760
12761
12764
12798
12800
12808
12817
12828
12833
12857
12858
12862
12868
12881
12889
12897
12898
12899
12906
12908
12914
12915
12919
12927
12930
12948
12952
12954
12958
12960
12962
12964
12965
12967
12969
12977
12979
12990
12994
12995
12998
13017
13037
13039
13041
13053
13061
13068
13070
13076
13077
13094
13097
13112
13113
13121
13133
13134
13137
13138
13143
13144
13150
13158
13163
13190
13200
13203
13217
13223
13224
13227
13231
13238
13241
13244
13246
13248
13254
13255
13258
13260
13263
13265
13267
13275
13278
13281
13291
13295
13296
13298
13299
13302
13304
13307
13310
13315
13327
13354
13360
13362
13366
13369
13381
13382
13385
13400
13401
13414
13415
13419
13426
13427
13430
13431
13432
13455
13479
13482
13483
13485
13488
13496
13507
13511
13512
13514
13517
13518
13529
13532
13535
13544
13562
13567
13572
13573
13577
13578
13581
13584
13587
13591
13599
13602
13611
13617
13625
13628
13629
13630
13647
13651
13655
13656
13661
13663
13664
13667
13673
13674
13677
13684
13685
13688
13689
13690
13691
13695
13700
13708
13711
13713
13714
13715
13718
13741
13746
13753
13756
13761
13767
13769
13770
13775
13776
13789
13796
13812
13813
13821
13837
13848
13854
13856
13857
13858
13859
13873
13875
13877
13892
13896
13915
13916
13920
13924
13929
13930
13948
13955
13957
13975
13980
13990
13997
14000
14001
14014
14018
14019
14026
14033
14038
14042
14046
14055
14070
14100
14112
14117
14133
14157
14165
14168
14173
14174
14187
14188
14192
14193
14219
14224
14234
14239
14244
14248
14255
14275
14280
14281
14298
14306
14312
14324
14335
14337
14345
14360
14362
14374
14379
14383
14392
14403
14404
14405
14419
14431
14451
14474
14505
14529
14535
14536
14552
14556
14557
14561
14563
14564
14573
14593
14594
14597
14601
14613
14614
14615
14619
14622
14626
14638
14648
14652
14659
14663
14664
14665
14670
14672
14675
14677
14679
14695
14697
14698
14702
14703
14714
14718
14720
14726
14730
14734
14735
14736
14745
14747
14750
14752
14753
14754
14761
14766
14776
14780
14786
14792
14793
14796
14798
14799
14803
14808
14812
14819
14823
14825
14830
14831
14835
14852
14878
14880
14882
14885
14887
14890
14901
14903
14904
14907
14910
14912
14913
14915
14929
14932
14939
14947
14961
14962
14963
14968
14971
14974
14980
14982
14988
14990
15000
15003
15006
15009
15014
15018
15024
15027
15045
15051
15057
15072
15074
15086
15087
15097
15108
15115
15116
15125
15135
15136
15153
15156
15157
15158
15159
15160
15163
15167
15180
15190
15191
15206
15209
15211
15216
15220
15226
15229
15234
15242
15243
15249
15272
15273
15277
15278
15280
15288
15294
15298
15302
15315
15316
15319
15321
15336
15337
15340
15346
15347
15350
15355
15362
15373
15378
15387
15409
15417
15421
15422
15423
15432
15436
15445
15463
15471
15478
15503
15510
15515
15525
15533
15546
15556
15557
15566
15570
15591
15593
15597
15599
15600
15609
15620
15621
15627
15634
15643
15645
15650
15656
15663
15668
15677
15689
15691
15693
15706
15709
15714
15717
15723
15726
15735
15739
15740
15746
15747
15764
15765
15777
15781
15782
15810
15811
15834
15844
15847
15851
15854
15861
15870
15881
15916
15920
15936
15942
15947
15948
15966
15976
15981
15983
15984
16001
16012
16019
16035
16036
16045
16057
16071
16089
16096
16099
16116
16117
16131
16133
16153
16154
16162
16167
16193
16195
16196
16199
16201
16227
16241
16269
16296
16318
16325
16328
16335
16339
16341
16344
16346
16350
16355
16356
16357
16359
16362
16368
16370
16380
16384
16405
16421
16422
16429
16437
16447
16456
16464
16481
16482
16483
16490
16492
16494
16500
16504
16510
16514
16515
16524
16525
16548
16551
16560
16568
16570
16572
16575
16577
16581
16585
16589
16590
16596
16604
16605
16607
16609
16613
16615
16626
16628
16636
16638
16649
16655
16662
16676
16692
16700
16753
16758
16763
16765
16768
16775
16792
16808
16812
16818
16821
16828
16829
16830
16831
16832
16849
16916
16949
16952
16984
17000
17004
17066
17068
17116
17122
17151
17155
17159
17162
17192
17202
17252
17254
17255
17256
17259
17261
17262
17264
17266
17267
17268
17272
17273
17277
17280
17283
17285
17286
17287
17289
17290
17295
17296
17301
17304
17306
17313
17332
17356
17386
17416
17419
17420
17430
17438
17440
17446
17478
17480
17487
17490
17505
17511
17515
17516
17539
17565
17566
17570
17575
17621
17629
17632
17654
17747
17751
17792
17798
17806
17812
17819
17820
17821
17853
17881
17885
17887
17897
17905
17915
17921
17931
17934
17945
17946
17947
17959
17961
17972
17988
18008
18017
18051
18053
18056
18057
18058
18062
18063
18064
18066
18068
18071
18079
18082
18084
18087
18088
18093
18094
18099
18103
18106
18108
18111
18112
18117
18118
18119
18120
18121
18122
18123
18124
18125
18126
18128
18129
18130
18131
18132
18133
18134
18135
18136
18137
18138
18139
18140
18141
18143
18144
18145
18146
18151
18156
18164
18168
18169
18173
18174
18175
18176
18179
18180
18181
18184
18185
18186
18189
18194
18196
18203
18204
18205
18210
18211
18212
18213
18216
18219
18220
18221
18223
18224
18225
18226
18228
18229
18230
18238
18239
18259
18261
18263
18268
18270
18282
18285
18294
18295
18304
18307
18316
18320
18321
18324
18330
18332
18338
18346
18349
18350
18351
18353
18354
18367
18377
18394
18397
18402
18406
18432
18461
18476
18479
18481
18482
18517
18519
18536
18554
18556
18558
18575
18582
18600
18601
18606
18637
18641
18655
18664
18667
18683
18704
18708
18714
18738
18750
18753
18761
18762
18778
18779
18782
18793
18799
18803
18827
18836
18838
18862
18879
18885
18894
18896
18903
18912
18914
18925
18935
18943
18964
18969
18980
18981
19006
19009
19010
19013
19026
19047
19087
19100
19105
19116
19129
19130
19138
19147
19157
19222
19267
19270
19438
19445
19501
19551
19552
19631
19638
19718
19747
19778
19854
19879
19902
19915
