0
1
3
4
5
6
7
8
9
10
12
14
15
16
17
18
19
20
21
22
23
24
26
28
29
30
31
32
34
36
37
38
39
40
41
42
44
45
46
47
48
50
51
52
53
54
55
56
57
58
59
60
61
62
63
64
65
66
67
68
69
70
71
72
73
74
75
76
77
78
79
80
81
82
83
84
85
86
87
88
89
90
91
92
93
94
95
97
98
99
100
101
103
105
106
107
108
109
110
111
112
113
114
115
116
117
118
119
120
121
122
123
124
125
126
127
128
129
130
131
132
133
134
135
136
137
138
139
140
141
142
143
144
145
146
147
148
149
150
151
152
153
155
156
157
159
160
161
162
163
165
166
167
168
169
170
171
172
173
174
175
176
177
178
179
180
181
182
183
184
185
186
187
188
189
191
192
193
194
195
196
197
198
199
200
201
202
203
204
205
206
207
208
209
210
211
212
213
214
215
216
217
218
219
221
222
224
225
226
227
228
229
230
232
233
234
236
237
238
239
240
241
242
243
244
246
247
248
250
253
254
255
256
257
258
259
260
261
262
263
264
265
266
267
268
270
271
272
273
275
276
277
278
279
280
281
282
283
284
286
287
288
289
290
291
293
294
295
296
297
298
299
300
301
302
303
304
305
307
308
310
311
312
313
314
315
317
318
320
321
322
323
324
325
326
327
328
329
330
331
332
333
334
335
336
337
338
339
340
341
342
343
344
345
346
347
348
349
350
351
352
353
354
356
357
358
359
360
361
362
363
365
366
367
368
369
370
371
372
373
374
375
376
377
378
379
380
381
383
384
385
386
387
388
389
392
393
394
395
396
398
399
400
401
402
403
404
405
406
408
409
410
411
412
413
414
416
417
418
419
420
421
423
424
425
426
427
428
430
431
432
433
434
435
436
437
438
439
440
441
442
443
445
446
447
448
449
450
451
452
453
454
455
457
458
459
460
461
463
464
465
468
470
471
472
473
474
475
477
478
479
480
481
482
483
484
485
487
488
490
491
492
493
494
495
497
498
499
500
501
502
503
504
505
506
508
510
511
512
513
514
515
516
517
518
519
520
521
522
524
525
526
527
528
529
531
532
533
534
535
536
537
538
539
540
541
542
543
544
545
546
547
548
549
550
551
552
553
554
555
556
557
558
559
561
562
563
564
565
566
567
568
569
570
571
573
575
576
577
579
580
581
582
583
585
586
587
588
589
591
592
593
594
595
596
597
599
600
601
602
603
604
606
607
608
609
610
611
612
613
614
615
616
617
618
619
620
622
623
624
625
626
627
628
629
631
632
633
634
635
636
637
638
639
640
641
642
644
645
646
647
648
649
650
651
652
653
656
657
658
659
660
661
662
663
664
665
666
668
670
671
672
673
674
675
676
677
678
679
680
681
682
683
684
685
687
688
689
690
691
692
693
694
695
696
697
698
699
701
702
703
704
706
707
708
709
710
711
712
713
714
715
717
718
719
720
721
722
723
724
725
727
728
730
731
732
733
734
735
736
737
738
739
740
741
742
743
744
747
749
750
751
752
753
754
755
756
758
759
760
761
762
763
765
768
769
770
772
773
774
775
777
778
779
780
781
782
783
785
786
787
788
789
790
791
792
793
794
795
796
797
798
799
800
801
802
803
804
805
806
807
808
809
810
811
812
813
814
815
817
818
819
820
821
822
823
824
825
826
827
830
831
832
833
834
835
836
837
838
839
840
841
842
844
845
846
848
849
850
851
853
854
855
856
857
858
859
860
861
864
865
867
868
870
871
872
873
875
876
877
878
879
880
882
883
884
885
886
887
888
889
891
892
893
894
895
896
897
898
900
901
902
903
904
905
907
908
909
911
912
916
917
918
919
920
921
922
923
924
925
926
927
928
929
930
932
933
934
935
936
937
938
940
941
942
943
944
945
946
947
948
949
950
951
952
953
954
955
956
957
958
960
961
963
964
965
966
967
968
969
972
973
974
975
976
977
978
979
980
981
982
983
984
986
987
988
990
991
992
993
995
996
997
998
999
1002
1003
1004
1005
1006
1007
1008
1009
1010
1011
1012
1013
1014
1015
1016
1017
1018
1019
1020
1024
1025
1027
1028
1029
1030
1031
1032
1033
1034
1035
1036
1037
1038
1039
1040
1041
1043
1044
1045
1046
1048
1049
1050
1051
1052
1054
1055
1056
1057
1058
1059
1060
1061
1062
1063
1064
1065
1066
1067
1068
1069
1070
1071
1072
1073
1074
1075
1076
1077
1078
1079
1082
1083
1084
1085
1086
1088
1089
1090
1091
1092
1093
1096
1097
1098
1099
1101
1102
1103
1104
1105
1106
1107
1108
1109
1110
1112
1113
1114
1115
1119
1121
1122
1123
1124
1126
1127
1128
1129
1131
1132
1133
1135
1136
1139
1141
1142
1143
1144
1145
1147
1148
1149
1150
1152
1153
1155
1156
1158
1159
1160
1161
1162
1164
1165
1166
1167
1168
1169
1171
1172
1175
1176
1178
1179
1180
1181
1183
1184
1185
1186
1187
1189
1190
1191
1192
1194
1195
1196
1198
1199
1200
1204
1206
1207
1208
1209
1210
1211
1213
1214
1215
1216
1217
1218
1219
1220
1222
1223
1224
1225
1227
1228
1229
1231
1232
1233
1234
1235
1236
1237
1238
1240
1241
1242
1243
1244
1245
1246
1248
1249
1250
1251
1252
1253
1254
1255
1256
1257
1258
1261
1262
1264
1265
1267
1268
1269
1270
1271
1272
1274
1275
1276
1277
1278
1279
1280
1281
1285
1286
1287
1288
1292
1293
1295
1297
1299
1301
1302
1303
1304
1306
1307
1308
1309
1310
1311
1312
1313
1314
1315
1316
1318
1319
1320
1321
1322
1323
1324
1325
1326
1327
1328
1329
1331
1333
1334
1335
1337
1338
1339
1344
1345
1347
1348
1349
1350
1351
1352
1353
1354
1355
1356
1357
1358
1360
1361
1362
1363
1365
1367
1369
1370
1371
1372
1373
1374
1375
1376
1377
1378
1379
1380
1381
1382
1383
1385
1386
1387
1389
1390
1392
1393
1394
1395
1396
1397
1398
1399
1400
1401
1402
1403
1404
1406
1407
1408
1409
1410
1411
1412
1414
1416
1418
1419
1425
1426
1427
1428
1429
1430
1431
1432
1433
1434
1435
1436
1439
1442
1443
1444
1446
1447
1449
1450
1451
1452
1454
1455
1456
1457
1458
1462
1463
1464
1465
1466
1467
1468
1469
1470
1472
1473
1474
1475
1476
1477
1478
1479
1480
1481
1482
1483
1484
1485
1487
1488
1489
1490
1492
1493
1494
1495
1496
1497
1498
1499
1500
1502
1503
1504
1505
1508
1509
1513
1514
1515
1516
1517
1518
1520
1521
1522
1523
1526
1527
1528
1529
1530
1531
1535
1536
1538
1540
1541
1542
1543
1544
1545
1546
1548
1549
1550
1551
1552
1553
1554
1556
1557
1558
1559
1560
1561
1562
1563
1564
1565
1566
1567
1570
1571
1572
1573
1575
1576
1579
1580
1581
1583
1584
1585
1587
1589
1590
1591
1592
1593
1594
1595
1596
1598
1599
1600
1601
1602
1603
1604
1605
1606
1610
1611
1612
1613
1616
1618
1619
1620
1621
1622
1623
1624
1625
1628
1629
1630
1632
1633
1635
1636
1637
1638
1640
1641
1642
1644
1645
1646
1647
1648
1650
1651
1652
1654
1655
1656
1657
1658
1659
1660
1662
1664
1665
1666
1668
1669
1670
1671
1672
1673
1674
1677
1678
1679
1680
1682
1683
1685
1686
1687
1688
1689
1690
1692
1693
1694
1695
1696
1697
1698
1699
1700
1701
1703
1705
1706
1707
1708
1709
1710
1711
1712
1713
1715
1716
1717
1719
1720
1722
1726
1727
1729
1730
1731
1732
1733
1736
1737
1738
1739
1740
1742
1743
1744
1745
1746
1747
1748
1749
1753
1755
1756
1757
1758
1759
1760
1761
1762
1763
1764
1766
1767
1768
1769
1770
1771
1772
1773
1774
1777
1778
1781
1782
1783
1784
1785
1786
1788
1789
1790
1791
1792
1794
1795
1797
1798
1801
1802
1803
1805
1806
1808
1809
1810
1811
1812
1813
1815
1817
1818
1819
1820
1821
1822
1823
1825
1827
1828
1830
1832
1834
1835
1836
1838
1840
1841
1843
1845
1848
1850
1852
1853
1855
1856
1857
1858
1859
1860
1862
1863
1864
1866
1867
1869
1870
1871
1874
1875
1876
1877
1878
1880
1881
1884
1885
1886
1887
1890
1891
1892
1893
1894
1895
1896
1897
1898
1900
1901
1902
1903
1904
1905
1907
1909
1911
1912
1913
1914
1915
1916
1917
1918
1919
1920
1921
1922
1923
1925
1927
1928
1929
1930
1931
1932
1933
1935
1937
1938
1939
1940
1941
1942
1943
1945
1946
1947
1948
1950
1951
1953
1955
1956
1957
1958
1959
1960
1961
1962
1965
1966
1967
1968
1969
1970
1972
1973
1974
1976
1977
1979
1980
1981
1982
1983
1984
1985
1986
1989
1991
1994
1996
1998
1999
2001
2003
2004
2005
2006
2008
2009
2010
2012
2013
2014
2015
2016
2017
2019
2021
2022
2023
2024
2025
2026
2027
2028
2029
2030
2032
2033
2034
2035
2036
2037
2038
2039
2041
2043
2046
2047
2048
2049
2050
2052
2053
2054
2055
2056
2057
2059
2062
2063
2064
2066
2067
2068
2070
2071
2072
2073
2074
2075
2076
2077
2078
2080
2081
2085
2086
2087
2088
2089
2090
2091
2092
2093
2094
2096
2097
2098
2099
2100
2101
2103
2104
2105
2106
2107
2108
2109
2110
2111
2112
2113
2114
2115
2116
2119
2120
2123
2124
2125
2127
2128
2129
2130
2131
2132
2133
2134
2135
2136
2137
2138
2139
2140
2141
2142
2144
2146
2148
2149
2150
2151
2154
2155
2157
2158
2160
2161
2162
2163
2164
2165
2166
2167
2168
2169
2172
2173
2174
2175
2176
2177
2178
2179
2182
2183
2185
2189
2190
2192
2193
2194
2195
2196
2197
2198
2199
2200
2201
2202
2204
2205
2207
2209
2211
2212
2215
2216
2219
2222
2223
2224
2225
2227
2228
2229
2232
2237
2238
2239
2241
2242
2246
2247
2248
2249
2250
2251
2252
2253
2254
2255
2256
2257
2259
2260
2263
2264
2265
2266
2267
2268
2270
2271
2272
2273
2276
2277
2278
2281
2284
2288
2289
2290
2292
2293
2294
2296
2297
2300
2301
2304
2307
2308
2309
2310
2311
2312
2316
2318
2319
2320
2321
2322
2323
2324
2325
2327
2328
2329
2330
2332
2333
2334
2336
2337
2338
2341
2344
2348
2349
2352
2354
2355
2358
2359
2360
2361
2363
2364
2365
2366
2367
2368
2369
2373
2375
2376
2377
2378
2379
2380
2381
2384
2385
2386
2387
2388
2389
2392
2393
2394
2395
2396
2398
2401
2402
2403
2404
2406
2407
2408
2410
2411
2412
2415
2416
2417
2418
2421
2422
2423
2424
2425
2426
2427
2429
2430
2432
2434
2435
2436
2437
2438
2441
2443
2444
2446
2448
2449
2450
2452
2453
2455
2456
2457
2458
2459
2460
2462
2463
2464
2466
2467
2468
2471
2472
2473
2474
2476
2477
2480
2483
2484
2486
2487
2488
2489
2491
2492
2493
2494
2495
2496
2498
2499
2500
2501
2505
2506
2507
2508
2509
2510
2511
2512
2513
2514
2515
2517
2518
2520
2521
2522
2523
2524
2525
2526
2527
2528
2529
2530
2531
2532
2533
2534
2535
2536
2537
2538
2539
2540
2541
2543
2544
2545
2546
2548
2549
2550
2551
2552
2553
2554
2555
2556
2557
2558
2559
2561
2562
2563
2564
2566
2567
2568
2569
2570
2571
2572
2574
2575
2576
2579
2580
2581
2582
2583
2584
2585
2586
2587
2590
2591
2592
2593
2594
2595
2596
2597
2598
2599
2600
2601
2602
2603
2604
2605
2606
2607
2608
2609
2610
2611
2612
2613
2614
2615
2616
2617
2619
2622
2623
2624
2625
2626
2627
2628
2629
2630
2631
2633
2634
2635
2636
2637
2640
2641
2642
2643
2644
2645
2646
2647
2648
2649
2650
2651
2652
2653
2654
2656
2657
2658
2659
2660
2661
2662
2663
2664
2665
2666
2667
2669
2670
2671
2672
2674
2675
2676
2677
2678
2679
2680
2681
2682
2683
2684
2685
2686
2687
2688
2689
2690
2691
2692
2693
2694
2696
2699
2700
2701
2702
2703
2704
2706
2707
2708
2709
2710
2711
2713
2714
2715
2717
2718
2719
2720
2721
2722
2723
2724
2725
2726
2727
2728
2729
2731
2732
2733
2734
2735
2736
2737
2738
2739
2740
2741
2742
2743
2744
2745
2746
2747
2748
2749
2750
2751
2752
2754
2755
2756
2757
2758
2759
2760
2761
2762
2763
2765
2766
2767
2768
2769
2770
2771
2772
2773
2774
2775
2776
2777
2778
2779
2780
2781
2782
2783
2784
2785
2786
2787
2788
2789
2790
2791
2792
2793
2795
2796
2797
2798
2799
2800
2802
2803
2804
2805
2807
2808
2809
2810
2811
2813
2814
2815
2816
2817
2818
2819
2821
2822
2823
2824
2825
2826
2827
2828
2829
2830
2832
2833
2835
2836
2838
2839
2840
2842
2843
2844
2845
2846
2847
2848
2850
2851
2852
2853
2854
2855
2856
2857
2859
2860
2861
2862
2863
2864
2865
2866
2867
2868
2869
2870
2871
2872
2873
2874
2875
2876
2877
2878
2879
2880
2882
2885
2886
2888
2889
2890
2891
2892
2893
2894
2895
2896
2897
2898
2899
2900
2901
2902
2903
2904
2906
2907
2908
2909
2910
2911
2912
2913
2914
2915
2916
2917
2918
2919
2920
2921
2922
2924
2925
2926
2927
2928
2929
2930
2931
2932
2933
2934
2935
2936
2937
2938
2939
2940
2941
2942
2943
2945
2946
2947
2948
2949
2950
2951
2952
2953
2954
2955
2956
2957
2958
2959
2960
2961
2962
2963
2964
2965
2966
2967
2968
2969
2970
2971
2972
2973
2974
2975
2976
2977
2978
2979
2980
2982
2983
2984
2985
2987
2988
2989
2990
2991
2992
2994
2996
2997
2999
3000
3002
3003
3004
3006
3007
3008
3009
3010
3011
3012
3013
3014
3015
3016
3018
3019
3020
3021
3022
3024
3025
3026
3028
3029
3030
3031
3032
3033
3034
3035
3037
3040
3042
3043
3044
3046
3048
3049
3050
3051
3052
3053
3054
3055
3056
3057
3058
3059
3060
3061
3062
3063
3064
3065
3066
3068
3069
3070
3071
3073
3075
3076
3077
3078
3079
3080
3081
3082
3083
3084
3085
3086
3087
3088
3089
3090
3091
3092
3093
3094
3095
3096
3097
3098
3099
3100
3102
3103
3104
3105
3106
3107
3108
3109
3110
3111
3113
3115
3116
3117
3118
3119
3120
3121
3122
3123
3124
3126
3127
3128
3130
3131
3132
3133
3134
3135
3136
3138
3139
3140
3142
3143
3144
3145
3146
3147
3148
3149
3150
3151
3152
3153
3154
3155
3156
3157
3158
3159
3160
3161
3162
3163
3164
3165
3166
3168
3169
3170
3171
3172
3173
3174
3176
3177
3178
3179
3182
3183
3184
3185
3186
3187
3188
3189
3191
3193
3194
3195
3196
3197
3199
3200
3201
3205
3206
3207
3208
3209
3210
3211
3212
3213
3214
3216
3217
3218
3219
3222
3223
3224
3225
3226
3227
3228
3230
3231
3232
3233
3234
3237
3238
3239
3240
3241
3242
3243
3244
3245
3246
3248
3249
3250
3251
3252
3253
3254
3256
3257
3258
3259
3260
3261
3262
3263
3264
3265
3266
3267
3269
3270
3271
3272
3275
3277
3278
3279
3280
3281
3282
3283
3285
3286
3287
3288
3289
3290
3291
3292
3293
3294
3295
3296
3297
3298
3299
3300
3301
3302
3304
3305
3307
3308
3309
3310
3311
3312
3313
3314
3315
3316
3317
3319
3320
3321
3322
3323
3324
3325
3326
3327
3328
3330
3331
3332
3334
3335
3336
3337
3338
3340
3341
3342
3343
3344
3345
3346
3347
3348
3349
3350
3351
3352
3353
3354
3356
3357
3358
3360
3361
3362
3363
3364
3365
3367
3368
3369
3370
3371
3372
3373
3374
3375
3376
3377
3378
3379
3380
3382
3383
3384
3385
3386
3387
3388
3389
3390
3391
3392
3394
3395
3396
3397
3398
3399
3400
3401
3402
3403
3404
3405
3406
3407
3408
3410
3411
3412
3413
3414
3415
3416
3417
3418
3419
3420
3421
3422
3423
3424
3426
3428
3429
3430
3431
3432
3433
3434
3435
3436
3437
3438
3440
3442
3443
3444
3445
3446
3447
3448
3449
3450
3451
3452
3453
3454
3455
3456
3457
3458
3459
3460
3461
3462
3463
3464
3465
3466
3467
3468
3469
3470
3471
3472
3473
3474
3475
3476
3477
3478
3479
3480
3481
3482
3483
3484
3485
3486
3487
3488
3489
3490
3491
3492
3493
3495
3496
3497
3498
3499
3500
3503
3504
3505
3506
3507
3508
3509
3510
3511
3512
3513
3515
3516
3517
3518
3519
3520
3521
3522
3523
3524
3525
3526
3527
3528
3529
3530
3531
3532
3533
3534
3535
3536
3538
3539
3540
3541
3542
3543
3544
3545
3546
3547
3548
3549
3550
3551
3552
3553
3554
3556
3557
3558
3559
3560
3562
3563
3564
3565
3566
3567
3568
3569
3570
3571
3572
3573
3574
3575
3576
3577
3578
3579
3580
3581
3582
3583
3584
3585
3586
3587
3589
3590
3591
3592
3593
3594
3595
3596
3597
3598
3599
3600
3601
3602
3603
3604
3605
3606
3607
3608
3609
3610
3611
3612
3613
3614
3615
3617
3618
3619
3620
3621
3622
3623
3624
3625
3626
3629
3630
3631
3632
3633
3634
3635
3637
3638
3639
3640
3641
3642
3643
3644
3645
3646
3647
3648
3649
3650
3651
3652
3653
3654
3655
3657
3658
3659
3660
3661
3662
3664
3665
3666
3667
3668
3669
3670
3673
3674
3675
3676
3680
3681
3682
3683
3684
3685
3686
3687
3688
3689
3690
3691
3692
3693
3694
3695
3696
3697
3698
3699
3700
3701
3702
3703
3704
3705
3706
3707
3708
3709
3710
3711
3713
3714
3715
3716
3717
3718
3719
3720
3721
3722
3723
3724
3725
3726
3727
3729
3730
3731
3732
3733
3734
3735
3737
3738
3740
3742
3744
3746
3747
3748
3749
3750
3751
3752
3753
3755
3756
3757
3758
3759
3760
3761
3763
3764
3766
3767
3769
3770
3771
3772
3773
3776
3777
3778
3779
3780
3781
3782
3783
3784
3785
3786
3789
3790
3791
3795
3796
3797
3799
3800
3801
3802
3803
3804
3808
3809
3810
3811
3812
3813
3814
3815
3816
3817
3818
3819
3820
3821
3822
3823
3824
3825
3826
3827
3828
3829
3830
3831
3834
3837
3838
3839
3840
3842
3843
3844
3845
3846
3847
3848
3849
3850
3851
3852
3853
3854
3855
3856
3857
3858
3859
3860
3861
3862
3864
3865
3866
3867
3868
3869
3870
3871
3872
3873
3874
3875
3878
3879
3880
3881
3883
3884
3886
3887
3888
3889
3890
3891
3892
3893
3894
3895
3896
3897
3898
3899
3900
3901
3902
3903
3906
3909
3911
3912
3913
3915
3916
3918
3919
3921
3922
3923
3924
3926
3927
3929
3930
3931
3932
3933
3934
3936
3937
3938
3939
3940
3941
3942
3943
3944
3945
3946
3947
3949
3951
3952
3953
3954
3955
3956
3957
3958
3959
3960
3961
3962
3963
3964
3965
3967
3968
3969
3970
3971
3972
3975
3978
3979
3980
3981
3982
3983
3985
3986
3989
3991
3993
3994
3995
3996
3997
3998
3999
4000
4001
4002
4003
4004
4005
4006
4008
4009
4010
4012
4013
4014
4016
4017
4018
4019
4020
4022
4023
4024
4027
4029
4030
4031
4032
4033
4034
4035
4036
4038
4039
4042
4043
4044
4045
4046
4047
4048
4049
4050
4052
4053
4054
4057
4059
4060
4061
4062
4064
4066
4067
4068
4069
4070
4071
4072
4073
4074
4077
4079
4080
4082
4083
4084
4086
4087
4088
4090
4091
4093
4094
4095
4096
4097
4098
4100
4101
4102
4103
4104
4105
4106
4107
4108
4109
4110
4111
4113
4114
4115
4118
4119
4120
4122
4124
4125
4127
4129
4131
4132
4134
4136
4137
4138
4139
4140
4142
4143
4145
4146
4147
4148
4149
4150
4151
4152
4153
4154
4155
4156
4157
4158
4159
4160
4164
4165
4166
4168
4169
4170
4171
4173
4174
4175
4176
4178
4179
4182
4183
4184
4185
4186
4187
4188
4189
4190
4191
4192
4193
4194
4195
4197
4198
4200
4201
4205
4206
4207
4210
4211
4212
4214
4215
4217
4218
4219
4220
4221
4222
4223
4224
4225
4226
4227
4228
4229
4230
4231
4232
4233
4234
4237
4238
4239
4240
4241
4242
4243
4244
4248
4250
4251
4252
4253
4254
4255
4256
4257
4258
4259
4260
4261
4262
4264
4265
4266
4267
4268
4269
4270
4271
4273
4274
4275
4276
4278
4279
4283
4284
4286
4287
4290
4291
4292
4293
4294
4295
4298
4299
4300
4301
4302
4303
4304
4306
4307
4308
4309
4310
4311
4312
4313
4314
4315
4316
4321
4322
4323
4324
4325
4326
4328
4329
4330
4331
4333
4334
4335
4336
4337
4338
4339
4340
4347
4348
4349
4351
4352
4353
4355
4356
4358
4359
4360
4364
4365
4366
4367
4368
4369
4370
4371
4372
4373
4374
4375
4376
4377
4378
4381
4382
4383
4384
4386
4387
4388
4389
4390
4391
4393
4395
4396
4398
4399
4400
4401
4402
4405
4406
4407
4409
4410
4412
4413
4415
4417
4418
4419
4421
4422
4423
4424
4425
4426
4427
4430
4432
4434
4436
4437
4438
4439
4440
4441
4442
4443
4444
4445
4446
4448
4449
4451
4452
4453
4454
4455
4456
4458
4459
4462
4466
4467
4468
4469
4470
4471
4473
4474
4475
4476
4477
4478
4479
4480
4481
4482
4483
4484
4486
4487
4488
4489
4490
4491
4492
4493
4494
4495
4496
4497
4498
4499
4501
4502
4506
4510
4511
4512
4513
4514
4515
4517
4519
4522
4523
4525
4526
4527
4528
4530
4531
4532
4534
4535
4536
4539
4540
4542
4543
4544
4545
4546
4547
4548
4549
4550
4551
4552
4553
4554
4555
4556
4557
4559
4560
4561
4562
4563
4564
4566
4567
4568
4569
4571
4572
4574
4575
4576
4577
4578
4579
4581
4582
4583
4584
4585
4586
4587
4588
4590
4591
4592
4593
4594
4595
4596
4597
4598
4599
4600
4601
4603
4604
4605
4607
4609
4610
4611
4612
4613
4614
4615
4616
4618
4619
4620
4621
4622
4623
4624
4625
4626
4627
4629
4630
4631
4632
4633
4634
4635
4636
4637
4638
4639
4640
4642
4643
4644
4645
4646
4647
4649
4650
4651
4652
4654
4655
4658
4659
4660
4661
4662
4665
4666
4667
4668
4670
4671
4674
4676
4677
4678
4679
4680
4682
4683
4685
4686
4688
4689
4690
4691
4692
4693
4694
4695
4696
4697
4699
4700
4701
4702
4703
4704
4705
4706
4707
4708
4710
4711
4712
4715
4716
4717
4718
4719
4720
4721
4722
4723
4724
4725
4726
4727
4728
4730
4731
4732
4734
4735
4736
4737
4738
4739
4742
4743
4744
4745
4746
4747
4748
4750
4751
4752
4753
4754
4755
4756
4757
4758
4759
4760
4761
4763
4765
4766
4767
4768
4769
4770
4774
4776
4778
4779
4780
4782
4787
4788
4789
4790
4791
4792
4794
4796
4797
4798
4799
4800
4801
4802
4803
4804
4805
4806
4807
4808
4809
4810
4811
4812
4813
4815
4816
4817
4820
4821
4822
4825
4826
4827
4828
4829
4830
4831
4832
4833
4834
4835
4836
4837
4839
4840
4841
4843
4844
4845
4846
4847
4848
4849
4850
4851
4853
4854
4856
4859
4860
4861
4862
4863
4864
4865
4866
4868
4869
4871
4872
4873
4876
4877
4878
4879
4881
4882
4883
4886
4887
4888
4889
4890
4891
4894
4895
4896
4897
4898
4899
4900
4902
4903
4905
4906
4907
4908
4909
4910
4912
4913
4914
4915
4916
4917
4918
4919
4920
4921
4923
4925
4926
4927
4928
4930
4931
4932
4933
4935
4936
4938
4939
4940
4941
4942
4943
4944
4945
4946
4951
4952
4953
4954
4955
4957
4958
4959
4960
4961
4962
4963
4964
4965
4967
4968
4969
4970
4971
4972
4973
4974
4975
4976
4977
4978
4979
4980
4981
4982
4983
4988
4991
4992
4993
4994
4996
4997
4998
5001
5002
5003
5005
5007
5008
5009
5011
5013
5014
5015
5018
5019
5022
5024
5025
5027
5028
5029
5030
5033
5034
5035
5036
5038
5040
5041
5042
5044
5045
5047
5048
5049
5050
5051
5052
5053
5055
5056
5059
5060
5061
5062
5063
5064
5065
5066
5068
5069
5071
5072
5074
5075
5076
5077
5078
5079
5080
5081
5082
5084
5086
5087
5089
5090
5093
5094
5095
5096
5097
5099
5101
5102
5103
5105
5106
5107
5109
5110
5111
5112
5113
5114
5115
5116
5118
5120
5123
5124
5125
5126
5127
5131
5132
5133
5134
5135
5136
5137
5140
5141
5144
5145
5146
5147
5148
5149
5151
5152
5153
5154
5156
5157
5158
5159
5160
5161
5164
5166
5167
5169
5170
5171
5172
5174
5175
5176
5177
5179
5182
5183
5184
5185
5186
5187
5189
5190
5192
5193
5194
5195
5196
5197
5198
5200
5201
5203
5204
5205
5209
5211
5212
5213
5215
5220
5221
5222
5223
5224
5226
5228
5229
5230
5231
5233
5234
5235
5238
5240
5241
5242
5243
5244
5245
5247
5248
5249
5250
5251
5252
5253
5254
5255
5257
5259
5260
5261
5262
5263
5264
5265
5267
5268
5269
5270
5271
5272
5273
5274
5276
5279
5280
5282
5283
5284
5286
5287
5288
5289
5290
5291
5292
5293
5294
5295
5296
5297
5298
5300
5302
5303
5304
5305
5306
5307
5309
5310
5311
5312
5313
5314
5316
5317
5321
5322
5323
5325
5326
5327
5328
5329
5330
5331
5332
5334
5335
5338
5340
5342
5343
5344
5346
5347
5349
5350
5351
5352
5356
5357
5358
5359
5360
5361
5362
5364
5365
5366
5367
5369
5370
5371
5372
5373
5374
5375
5376
5377
5379
5380
5382
5383
5385
5387
5388
5391
5392
5395
5397
5398
5399
5400
5402
5403
5405
5406
5407
5408
5412
5415
5416
5417
5418
5419
5421
5422
5423
5425
5428
5429
5430
5431
5432
5433
5435
5436
5437
5438
5439
5440
5441
5442
5443
5446
5447
5448
5449
5451
5452
5453
5454
5455
5456
5457
5458
5459
5460
5464
5465
5466
5468
5470
5471
5475
5476
5477
5478
5479
5480
5481
5482
5484
5486
5488
5489
5490
5491
5492
5493
5494
5495
5496
5497
5498
5499
5500
5501
5503
5504
5505
5507
5508
5509
5510
5511
5512
5513
5514
5515
5516
5517
5519
5521
5522
5523
5524
5525
5526
5527
5528
5529
5530
5531
5532
5533
5534
5535
5536
5537
5540
5541
5543
5544
5546
5547
5548
5549
5550
5551
5552
5554
5556
5557
5558
5559
5560
5562
5563
5564
5565
5566
5567
5568
5570
5571
5573
5574
5576
5577
5578
5579
5580
5581
5582
5583
5584
5585
5586
5587
5588
5589
5590
5591
5592
5593
5594
5595
5596
5597
5598
5599
5600
5601
5602
5603
5604
5605
5606
5609
5611
5612
5613
5614
5616
5617
5618
5620
5621
5623
5624
5625
5626
5627
5628
5629
5630
5631
5632
5633
5635
5636
5638
5639
5640
5641
5642
5643
5644
5645
5646
5647
5648
5649
5650
5651
5652
5653
5654
5655
5656
5657
5658
5660
5661
5662
5663
5664
5666
5667
5668
5669
5671
5673
5674
5675
5676
5677
5678
5679
5680
5681
5682
5684
5685
5686
5688
5689
5690
5691
5692
5694
5696
5697
5698
5699
5700
5701
5702
5703
5705
5706
5707
5708
5709
5711
5712
5713
5716
5718
5719
5720
5721
5722
5723
5724
5726
5727
5729
5730
5731
5732
5734
5736
5737
5742
5743
5744
5745
5746
5747
5748
5749
5751
5752
5754
5755
5756
5758
5759
5760
5761
5762
5763
5764
5765
5766
5767
5768
5770
5772
5773
5774
5775
5776
5778
5779
5780
5782
5784
5786
5789
5790
5791
5792
5793
5794
5795
5796
5797
5798
5803
5804
5805
5806
5807
5808
5809
5810
5811
5812
5814
5815
5816
5817
5818
5820
5821
5822
5823
5826
5827
5828
5829
5831
5833
5834
5835
5836
5837
5838
5839
5840
5841
5842
5843
5844
5845
5846
5847
5848
5850
5851
5852
5853
5855
5856
5858
5859
5860
5861
5862
5864
5867
5868
5869
5871
5873
5874
5875
5876
5877
5878
5879
5880
5882
5883
5884
5886
5887
5888
5890
5891
5894
5895
5896
5897
5898
5899
5900
5901
5902
5903
5905
5906
5907
5908
5911
5912
5913
5914
5915
5916
5917
5918
5919
5920
5921
5922
5923
5924
5925
5926
5927
5928
5929
5930
5931
5938
5939
5940
5942
5944
5945
5946
5947
5949
5950
5951
5952
5953
5954
5955
5956
5957
5958
5959
5960
5961
5962
5963
5966
5967
5968
5969
5970
5971
5972
5973
5974
5977
5980
5981
5982
5983
5984
5985
5987
5991
5992
5993
5995
5996
5997
5999
6000
6001
6003
6005
6006
6008
6009
6011
6012
6013
6015
6016
6019
6020
6021
6022
6023
6025
6026
6027
6028
6030
6031
6032
6033
6035
6036
6037
6038
6039
6040
6041
6042
6044
6045
6046
6048
6049
6050
6052
6053
6054
6055
6056
6057
6060
6061
6062
6063
6064
6066
6067
6069
6070
6071
6072
6073
6074
6076
6077
6078
6079
6080
6081
6082
6083
6084
6085
6086
6087
6088
6089
6090
6091
6092
6093
6094
6095
6096
6097
6098
6099
6103
6104
6105
6106
6107
6108
6109
6110
6111
6112
6113
6114
6116
6117
6118
6119
6121
6122
6123
6124
6125
6126
6128
6129
6130
6131
6133
6134
6137
6138
6139
6140
6142
6143
6144
6145
6146
6148
6149
6150
6151
6152
6153
6154
6155
6156
6157
6159
6160
6161
6162
6163
6164
6165
6166
6169
6170
6171
6172
6173
6174
6175
6177
6178
6179
6182
6184
6185
6186
6187
6188
6191
6193
6194
6195
6197
6199
6200
6201
6202
6203
6204
6205
6206
6208
6209
6210
6212
6213
6214
6215
6216
6217
6218
6219
6220
6221
6222
6224
6225
6226
6228
6229
6230
6232
6234
6235
6237
6239
6241
6242
6243
6245
6246
6247
6248
6249
6250
6251
6252
6253
6254
6255
6259
6261
6262
6263
6264
6267
6270
6271
6272
6274
6275
6276
6277
6278
6279
6282
6283
6284
6285
6286
6289
6290
6291
6292
6293
6297
6298
6299
6300
6301
6302
6303
6304
6305
6306
6307
6308
6309
6310
6314
6316
6317
6319
6320
6321
6322
6325
6326
6328
6329
6330
6331
6332
6334
6335
6336
6339
6340
6341
6342
6343
6344
6345
6347
6348
6349
6350
6351
6352
6353
6356
6357
6359
6360
6361
6362
6363
6364
6365
6366
6367
6368
6369
6370
6371
6372
6373
6374
6375
6376
6377
6381
6382
6383
6384
6385
6386
6387
6388
6389
6390
6391
6392
6393
6396
6399
6401
6402
6403
6405
6409
6410
6411
6412
6413
6414
6415
6416
6418
6419
6420
6421
6423
6424
6425
6427
6430
6431
6432
6433
6435
6436
6437
6438
6440
6441
6447
6450
6451
6452
6453
6455
6457
6458
6460
6461
6462
6463
6464
6465
6466
6467
6468
6469
6471
6473
6474
6475
6476
6477
6478
6479
6480
6481
6485
6487
6488
6489
6491
6492
6493
6495
6496
6500
6503
6507
6508
6509
6510
6511
6512
6513
6514
6515
6516
6518
6520
6525
6527
6528
6529
6530
6531
6532
6533
6535
6536
6537
6539
6540
6541
6542
6543
6544
6545
6546
6548
6549
6550
6551
6552
6553
6555
6556
6558
6559
6560
6561
6564
6565
6566
6567
6568
6572
6574
6575
6576
6577
6578
6579
6580
6583
6584
6585
6586
6587
6588
6590
6592
6593
6594
6595
6596
6597
6599
6600
6601
6602
6604
6606
6607
6609
6610
6612
6613
6615
6616
6619
6621
6622
6624
6626
6627
6628
6629
6631
6632
6634
6636
6637
6639
6640
6642
6643
6645
6646
6649
6650
6651
6652
6653
6654
6655
6656
6658
6660
6661
6662
6663
6664
6665
6666
6667
6668
6669
6671
6672
6673
6674
6675
6678
6679
6680
6681
6683
6684
6685
6687
6689
6690
6691
6693
6694
6695
6696
6697
6698
6699
6700
6701
6702
6703
6704
6705
6706
6708
6709
6710
6711
6712
6713
6715
6717
6718
6719
6720
6721
6722
6723
6725
6726
6728
6729
6730
6731
6732
6734
6735
6736
6737
6738
6739
6740
6741
6742
6743
6744
6745
6746
6747
6748
6749
6750
6751
6752
6753
6754
6755
6756
6757
6758
6759
6761
6762
6764
6765
6766
6767
6768
6769
6770
6772
6776
6777
6779
6780
6781
6784
6785
6786
6787
6788
6789
6790
6791
6792
6794
6795
6796
6799
6800
6801
6802
6803
6805
6807
6808
6809
6810
6811
6812
6813
6814
6815
6816
6817
6818
6820
6822
6823
6824
6825
6826
6827
6831
6834
6836
6837
6838
6839
6840
6842
6844
6845
6848
6849
6851
6852
6853
6854
6855
6859
6860
6862
6863
6864
6865
6866
6867
6868
6869
6870
6871
6872
6874
6876
6877
6878
6879
6880
6881
6883
6884
6885
6886
6887
6889
6890
6891
6892
6894
6895
6896
6897
6900
6902
6903
6904
6906
6907
6910
6911
6912
6915
6916
6918
6919
6920
6922
6923
6924
6925
6926
6927
6928
6930
6934
6935
6936
6937
6938
6940
6941
6942
6943
6944
6946
6950
6953
6954
6955
6956
6957
6958
6960
6961
6962
6963
6964
6965
6966
6967
6970
6972
6973
6975
6977
6979
6980
6981
6982
6987
6988
6990
6991
6992
6993
6994
6995
6997
6998
6999
7000
7002
7004
7005
7006
7010
7012
7013
7014
7017
7019
7020
7022
7024
7027
7029
7030
7031
7033
7034
7035
7036
7037
7038
7039
7040
7041
7042
7045
7046
7048
7049
7050
7052
7054
7055
7056
7057
7060
7061
7063
7064
7065
7066
7067
7068
7069
7070
7072
7073
7077
7078
7079
7080
7081
7082
7083
7084
7086
7087
7089
7091
7093
7094
7097
7098
7099
7100
7101
7103
7104
7108
7109
7110
7111
7115
7116
7117
7118
7121
7123
7125
7126
7127
7128
7129
7130
7131
7132
7133
7134
7135
7136
7140
7141
7142
7143
7146
7147
7148
7152
7153
7154
7155
7156
7158
7159
7161
7165
7167
7168
7174
7175
7176
7177
7178
7179
7181
7183
7184
7188
7189
7191
7192
7194
7197
7198
7199
7201
7202
7203
7204
7205
7206
7207
7208
7209
7210
7211
7212
7213
7215
7217
7219
7220
7221
7222
7223
7224
7225
7226
7230
7231
7232
7233
7234
7235
7236
7238
7239
7240
7241
7242
7243
7244
7245
7246
7247
7248
7253
7254
7255
7256
7257
7259
7260
7261
7264
7268
7270
7271
7272
7273
7274
7275
7276
7277
7278
7279
7280
7281
7282
7283
7284
7285
7286
7289
7290
7291
7292
7293
7294
7295
7296
7297
7299
7301
7302
7303
7304
7306
7309
7311
7312
7313
7314
7315
7319
7320
7321
7322
7323
7324
7325
7326
7328
7329
7330
7332
7333
7334
7335
7336
7337
7338
7340
7341
7342
7343
7344
7345
7346
7347
7349
7351
7352
7353
7354
7357
7358
7359
7360
7362
7363
7365
7366
7373
7375
7376
7377
7378
7379
7382
7383
7384
7385
7386
7387
7389
7390
7391
7393
7394
7395
7397
7398
7400
7401
7402
7403
7404
7405
7406
7408
7409
7410
7413
7414
7415
7416
7419
7420
7421
7422
7426
7427
7428
7429
7430
7431
7437
7439
7441
7442
7443
7446
7447
7449
7450
7451
7452
7453
7454
7456
7458
7459
7460
7461
7462
7463
7464
7465
7466
7468
7469
7470
7472
7473
7475
7476
7477
7478
7479
7480
7481
7482
7483
7484
7488
7489
7490
7491
7492
7494
7495
7496
7499
7501
7504
7505
7507
7508
7509
7510
7512
7513
7514
7515
7516
7517
7518
7520
7523
7524
7525
7526
7527
7528
7529
7530
7532
7533
7534
7535
7537
7538
7539
7542
7543
7544
7546
7547
7550
7551
7553
7554
7557
7558
7559
7562
7563
7565
7567
7569
7570
7571
7572
7573
7574
7575
7576
7578
7579
7580
7581
7582
7583
7585
7586
7588
7589
7590
7592
7593
7596
7598
7600
7601
7602
7604
7605
7606
7607
7608
7609
7610
7611
7612
7614
7615
7616
7617
7618
7619
7620
7621
7622
7623
7624
7626
7627
7629
7630
7631
7633
7635
7636
7637
7638
7639
7640
7641
7643
7644
7645
7646
7647
7648
7649
7650
7651
7652
7654
7655
7657
7658
7659
7661
7662
7664
7665
7666
7668
7669
7670
7671
7672
7673
7674
7675
7676
7677
7678
7680
7682
7683
7684
7685
7686
7687
7688
7689
7690
7691
7692
7693
7694
7695
7696
7699
7700
7701
7702
7703
7704
7705
7706
7707
7708
7709
7711
7712
7713
7714
7715
7716
7717
7719
7720
7721
7722
7724
7725
7726
7727
7729
7730
7731
7732
7734
7736
7737
7739
7740
7741
7743
7744
7745
7746
7748
7749
7750
7751
7752
7753
7754
7755
7756
7757
7758
7759
7760
7761
7762
7765
7766
7767
7768
7769
7770
7772
7773
7774
7775
7776
7777
7778
7779
7780
7781
7782
7783
7784
7785
7786
7787
7788
7789
7790
7791
7792
7793
7794
7795
7796
7797
7798
7799
7800
7801
7804
7806
7807
7808
7809
7810
7811
7812
7813
7814
7815
7816
7817
7818
7819
7821
7822
7823
7824
7825
7826
7827
7828
7829
7830
7831
7834
7835
7836
7837
7839
7841
7842
7845
7846
7847
7848
7851
7852
7854
7855
7856
7857
7858
7859
7861
7862
7863
7864
7865
7866
7867
7868
7869
7870
7871
7874
7876
7877
7878
7879
7880
7881
7882
7883
7886
7887
7888
7889
7890
7891
7893
7894
7895
7897
7898
7899
7900
7901
7902
7903
7904
7905
7906
7907
7908
7909
7910
7911
7912
7913
7914
7915
7916
7917
7918
7919
7920
7923
7924
7925
7927
7928
7929
7930
7931
7934
7935
7936
7937
7938
7939
7940
7942
7944
7945
7946
7947
7948
7949
7950
7951
7952
7953
7954
7955
7956
7957
7958
7959
7960
7961
7962
7963
7964
7966
7968
7969
7970
7971
7972
7976
7977
7979
7980
7981
7982
7984
7985
7986
7987
7989
7992
7993
7994
7997
7998
8000
8001
8003
8004
8006
8007
8008
8009
8010
8011
8012
8013
8014
8015
8016
8017
8021
8022
8026
8030
8033
8034
8035
8036
8037
8038
8039
8040
8041
8042
8043
8044
8045
8047
8049
8051
8052
8053
8054
8055
8056
8057
8058
8059
8060
8062
8063
8064
8065
8066
8068
8069
8071
8072
8073
8074
8075
8076
8077
8078
8079
8080
8081
8083
8084
8086
8087
8088
8089
8090
8092
8093
8096
8098
8099
8100
8102
8104
8105
8107
8108
8110
8111
8112
8113
8115
8116
8117
8118
8119
8123
8124
8125
8127
8128
8129
8130
8131
8132
8133
8134
8135
8136
8137
8138
8141
8142
8143
8144
8145
8146
8147
8149
8150
8152
8153
8155
8157
8159
8160
8161
8164
8165
8166
8167
8168
8169
8170
8171
8174
8175
8176
8179
8180
8183
8186
8188
8189
8193
8194
8195
8196
8197
8198
8199
8201
8202
8203
8204
8206
8207
8208
8209
8213
8215
8216
8218
8220
8222
8223
8224
8227
8228
8229
8230
8232
8233
8234
8236
8237
8238
8239
8241
8242
8243
8244
8245
8246
8247
8248
8249
8250
8251
8252
8253
8255
8256
8257
8259
8261
8263
8264
8265
8268
8270
8271
8273
8276
8278
8279
8280
8281
8282
8283
8286
8287
8291
8292
8293
8294
8302
8304
8306
8307
8308
8309
8312
8313
8314
8315
8317
8318
8319
8320
8321
8322
8323
8324
8326
8327
8330
8331
8332
8333
8335
8336
8337
8338
8340
8341
8342
8343
8345
8346
8347
8348
8349
8350
8351
8353
8354
8357
8358
8359
8360
8362
8364
8365
8366
8367
8368
8369
8370
8371
8372
8373
8374
8375
8376
8377
8379
8380
8381
8383
8384
8387
8388
8389
8391
8392
8394
8395
8396
8397
8400
8401
8403
8404
8405
8406
8408
8410
8412
8415
8417
8418
8421
8422
8424
8425
8426
8428
8430
8432
8434
8436
8437
8438
8439
8440
8441
8443
8444
8445
8448
8449
8450
8451
8453
8454
8455
8456
8457
8458
8460
8461
8462
8463
8464
8465
8468
8469
8471
8472
8473
8475
8476
8477
8478
8480
8481
8484
8485
8486
8488
8489
8490
8491
8492
8493
8495
8496
8497
8498
8500
8501
8502
8504
8505
8506
8507
8508
8511
8512
8513
8514
8516
8518
8519
8520
8521
8523
8524
8527
8529
8530
8531
8533
8536
8537
8541
8542
8543
8544
8545
8546
8549
8550
8556
8561
8562
8565
8567
8568
8571
8572
8573
8574
8577
8578
8579
8580
8583
8584
8587
8588
8590
8591
8592
8593
8594
8597
8598
8599
8600
8601
8603
8605
8606
8607
8608
8610
8611
8612
8613
8614
8615
8616
8617
8619
8621
8627
8629
8633
8635
8637
8638
8643
8645
8646
8648
8651
8652
8654
8655
8656
8659
8660
8666
8667
8668
8669
8673
8676
8678
8680
8684
8691
8693
8694
8698
8699
8701
8702
8705
8719
8720
8721
8722
8725
8728
8730
8732
8733
8734
8735
8736
8737
8740
8741
8742
8745
8746
8747
8748
8752
8753
8756
8758
8760
8764
8768
8769
8770
8772
8773
8775
8777
8779
8780
8781
8782
8784
8785
8786
8787
8789
8790
8791
8792
8794
8796
8797
8798
8799
8800
8801
8802
8803
8804
8805
8806
8808
8809
8811
8813
8814
8816
8818
8820
8822
8823
8824
8826
8827
8828
8829
8832
8834
8835
8836
8837
8839
8840
8841
8842
8843
8847
8848
8849
8851
8852
8853
8854
8856
8857
8858
8859
8860
8862
8863
8864
8865
8866
8867
8868
8869
8870
8871
8872
8873
8874
8876
8877
8879
8880
8882
8888
8889
8890
8891
8893
8894
8896
8897
8898
8901
8903
8904
8905
8912
8914
8916
8917
8920
8921
8922
8925
8927
8928
8929
8930
8932
8933
8934
8938
8939
8941
8942
8943
8944
8945
8946
8947
8948
8954
8955
8956
8958
8961
8964
8965
8968
8970
8971
8972
8973
8974
8977
8978
8979
8980
8981
8982
8983
8984
8985
8986
8987
8988
8989
8990
8991
8992
8993
8995
8996
8998
8999
9003
9004
9005
9006
9007
9008
9011
9013
9014
9016
9019
9021
9022
9024
9025
9026
9027
9028
9031
9036
9037
9038
9039
9040
9044
9045
9047
9049
9050
9052
9053
9054
9055
9056
9057
9058
9059
9060
9061
9062
9064
9066
9069
9071
9072
9073
9076
9078
9079
9081
9083
9085
9086
9087
9088
9089
9090
9091
9092
9093
9094
9095
9096
9097
9099
9101
9102
9103
9105
9106
9108
9109
9110
9111
9112
9113
9114
9117
9119
9122
9123
9124
9125
9126
9130
9131
9135
9137
9138
9140
9141
9142
9143
9148
9149
9150
9153
9155
9156
9157
9159
9163
9165
9166
9168
9169
9170
9172
9173
9174
9175
9176
9177
9178
9179
9180
9181
9182
9183
9184
9185
9186
9187
9189
9191
9192
9194
9195
9196
9198
9199
9202
9206
9207
9208
9209
9210
9211
9212
9213
9214
9215
9216
9217
9218
9219
9220
9222
9223
9224
9227
9228
9229
9230
9231
9232
9233
9235
9236
9237
9238
9239
9240
9241
9242
9244
9246
9247
9248
9250
9251
9252
9253
9254
9255
9257
9258
9259
9260
9261
9262
9263
9264
9265
9266
9267
9268
9269
9270
9271
9272
9273
9274
9275
9276
9277
9278
9279
9280
9281
9282
9283
9284
9286
9287
9288
9289
9290
9291
9292
9293
9295
9297
9298
9299
9300
9301
9302
9303
9304
9305
9307
9309
9310
9311
9312
9314
9315
9316
9317
9319
9320
9325
9326
9327
9330
9332
9334
9335
9337
9338
9339
9340
9343
9344
9346
9348
9350
9351
9352
9354
9357
9359
9360
9361
9362
9365
9366
9367
9371
9374
9375
9376
9378
9380
9382
9383
9384
9385
9386
9387
9388
9389
9390
9391
9392
9393
9396
9398
9402
9403
9404
9409
9412
9413
9414
9415
9416
9417
9418
9420
9422
9423
9425
9426
9427
9429
9432
9435
9438
9440
9441
9442
9443
9445
9446
9447
9449
9450
9451
9452
9453
9454
9455
9459
9460
9461
9462
9465
9467
9474
9476
9477
9478
9479
9481
9483
9484
9485
9486
9488
9489
9490
9491
9493
9494
9496
9497
9498
9499
9501
9504
9505
9506
9507
9508
9509
9510
9511
9512
9513
9514
9515
9517
9518
9519
9521
9523
9524
9525
9527
9528
9529
9530
9531
9532
9533
9535
9536
9537
9538
9539
9540
9542
9543
9544
9545
9547
9549
9551
9554
9555
9556
9557
9558
9559
9560
9561
9562
9563
9564
9565
9567
9568
9569
9570
9571
9574
9575
9576
9577
9578
9579
9582
9583
9584
9585
9586
9588
9589
9593
9594
9595
9598
9600
9601
9602
9603
9604
9605
9606
9607
9608
9611
9613
9614
9615
9616
9617
9619
9621
9622
9623
9624
9625
9627
9628
9629
9630
9631
9632
9633
9634
9636
9637
9638
9639
9640
9642
9643
9644
9645
9646
9648
9649
9652
9653
9654
9656
9657
9662
9663
9666
9667
9668
9669
9670
9671
9672
9673
9674
9677
9680
9681
9682
9684
9685
9686
9687
9690
9691
9693
9694
9695
9697
9698
9699
9700
9701
9702
9703
9704
9705
9706
9708
9709
9710
9713
9714
9715
9716
9717
9718
9719
9721
9722
9723
9724
9725
9727
9728
9730
9731
9733
9734
9737
9738
9740
9744
9745
9747
9748
9749
9750
9751
9752
9753
9754
9756
9758
9759
9760
9761
9762
9763
9764
9765
9766
9768
9769
9770
9771
9774
9775
9776
9777
9778
9779
9783
9787
9788
9789
9790
9791
9794
9797
9798
9800
9801
9802
9804
9805
9806
9807
9808
9810
9811
9812
9813
9815
9816
9817
9818
9819
9821
9824
9825
9827
9828
9829
9830
9831
9832
9833
9834
9835
9836
9837
9839
9840
9841
9845
9846
9847
9848
9849
9850
9852
9854
9857
9858
9859
9860
9861
9863
9864
9866
9868
9869
9871
9872
9874
9876
9877
9878
9879
9881
9882
9883
9884
9886
9887
9888
9890
9892
9896
9898
9899
9900
9903
9904
9908
9909
9910
9911
9913
9915
9918
9919
9920
9922
9924
9926
9929
9931
9934
9935
9936
9942
9944
9945
9946
9947
9949
9951
9952
9953
9955
9957
9958
9959
9963
9964
9970
9974
9975
9976
9980
9981
9982
9985
9986
9987
9988
9989
9990
9991
9994
9995
9997
9998
10001
10003
10007
10008
10009
10013
10015
10016
10017
10019
10020
10022
10023
10029
10030
10031
10032
10033
10034
10036
10039
10040
10041
10043
10044
10046
10047
10048
10050
10051
10052
10054
10056
10060
10061
10062
10063
10064
10065
10066
10070
10071
10072
10073
10074
10075
10076
10077
10078
10079
10082
10085
10088
10095
10096
10100
10102
10104
10106
10111
10113
10114
10115
10120
10121
10124
10125
10127
10128
10129
10130
10131
10132
10137
10139
10140
10144
10145
10146
10147
10148
10149
10151
10152
10153
10154
10155
10156
10157
10159
10160
10163
10164
10166
10167
10169
10170
10173
10174
10178
10179
10180
10181
10184
10185
10187
10188
10189
10190
10191
10192
10193
10194
10195
10197
10199
10201
10202
10203
10204
10210
10212
10217
10218
10219
10224
10225
10226
10227
10228
10229
10230
10232
10233
10235
10237
10240
10241
10244
10245
10249
10253
10256
10257
10258
10262
10266
10268
10269
10271
10275
10277
10280
10281
10282
10286
10287
10288
10289
10290
10291
10292
10293
10294
10295
10296
10298
10301
10302
10303
10304
10308
10312
10314
10316
10317
10320
10323
10324
10330
10332
10333
10334
10335
10337
10339
10342
10344
10345
10346
10347
10348
10349
10354
10357
10358
10359
10362
10365
10371
10372
10373
10384
10389
10390
10391
10394
10395
10397
10399
10400
10404
10405
10406
10410
10411
10412
10413
10419
10420
10422
10423
10426
10428
10431
10433
10434
10436
10437
10439
10440
10441
10445
10446
10447
10449
10450
10453
10458
10460
10462
10465
10466
10467
10468
10469
10471
10472
10473
10474
10479
10480
10482
10483
10485
10487
10488
10490
10492
10494
10495
10496
10497
10499
10501
10508
10511
10513
10514
10517
10521
10523
10524
10526
10528
10529
10532
10538
10542
10543
10544
10545
10548
10549
10550
10551
10554
10555
10556
10558
10560
10562
10565
10567
10571
10573
10574
10575
10576
10580
10583
10585
10586
10587
10591
10594
10595
10596
10597
10599
10600
10604
10605
10608
10609
10610
10611
10613
10614
10615
10617
10618
10620
10625
10626
10627
10630
10633
10635
10636
10638
10640
10641
10642
10644
10646
10647
10648
10652
10653
10654
10655
10656
10659
10663
10664
10667
10670
10671
10672
10674
10677
10678
10680
10682
10685
10686
10687
10689
10690
10691
10692
10695
10698
10699
10700
10702
10703
10704
10708
10710
10711
10715
10718
10720
10721
10722
10723
10724
10725
10727
10728
10729
10730
10731
10734
10736
10739
10740
10742
10743
10744
10745
10746
10748
10751
10752
10753
10754
10757
10758
10759
10761
10764
10768
10769
10771
10772
10773
10774
10775
10776
10777
10778
10779
10780
10782
10784
10785
10786
10788
10789
10790
10791
10792
10793
10795
10796
10798
10799
10800
10801
10802
10804
10805
10806
10807
10808
10809
10812
10813
10814
10815
10818
10819
10822
10823
10824
10825
10826
10827
10830
10831
10832
10833
10836
10837
10839
10845
10846
10847
10849
10850
10853
10854
10856
10857
10859
10860
10864
10865
10866
10868
10869
10870
10871
10872
10873
10875
10877
10878
10879
10881
10883
10885
10886
10889
10892
10893
10894
10896
10897
10898
10899
10900
10903
10909
10912
10913
10914
10915
10916
10917
10919
10920
10923
10925
10927
10933
10935
10936
10938
10940
10941
10942
10943
10944
10945
10947
10949
10950
10951
10953
10954
10955
10956
10958
10959
10961
10962
10964
10966
10967
10968
10969
10970
10971
10972
10975
10976
10979
10983
10988
10989
10990
10994
10997
10998
11000
11002
11005
11008
11009
11014
11015
11016
11018
11020
11021
11026
11027
11029
11030
11031
11032
11033
11036
11040
11041
11042
11044
11045
11046
11047
11048
11050
11051
11053
11058
11060
11061
11062
11063
11064
11065
11066
11068
11072
11075
11076
11077
11079
11080
11081
11082
11085
11086
11088
11090
11093
11094
11096
11097
11098
11100
11101
11102
11105
11107
11108
11110
11111
11114
11115
11116
11117
11118
11120
11123
11125
11126
11127
11131
11132
11133
11134
11135
11138
11139
11141
11143
11144
11145
11146
11148
11149
11151
11153
11154
11157
11159
11160
11163
11164
11165
11166
11167
11172
11178
11180
11181
11182
11183
11185
11186
11187
11189
11190
11194
11197
11203
11204
11209
11210
11212
11215
11218
11221
11223
11224
11225
11227
11229
11230
11235
11236
11237
11238
11240
11243
11244
11250
11251
11252
11255
11256
11257
11258
11259
11262
11266
11269
11270
11275
11276
11277
11284
11285
11287
11288
11289
11293
11297
11298
11299
11300
11301
11303
11312
11313
11314
11316
11317
11321
11322
11323
11326
11328
11329
11341
11342
11343
11344
11345
11348
11349
11351
11352
11353
11355
11356
11358
11359
11365
11367
11371
11372
11375
11376
11379
11383
11384
11386
11387
11389
11393
11395
11398
11400
11401
11402
11403
11404
11405
11406
11407
11408
11409
11410
11411
11412
11413
11414
11417
11418
11422
11425
11426
11430
11435
11439
11440
11441
11442
11444
11447
11448
11449
11452
11453
11454
11455
11456
11459
11460
11462
11464
11466
11468
11469
11470
11472
11473
11476
11477
11479
11480
11481
11483
11484
11490
11495
11500
11502
11503
11504
11508
11509
11511
11512
11513
11514
11523
11524
11525
11527
11530
11533
11534
11535
11536
11538
11541
11542
11543
11545
11546
11547
11549
11552
11553
11554
11555
11556
11557
11559
11561
11562
11563
11564
11566
11572
11574
11575
11576
11577
11578
11579
11581
11582
11583
11585
11586
11587
11589
11590
11591
11593
11595
11596
11597
11598
11599
11600
11603
11605
11606
11607
11608
11609
11611
11612
11614
11617
11618
11619
11620
11627
11628
11629
11630
11631
11634
11637
11639
11640
11641
11642
11643
11644
11647
11652
11654
11655
11660
11662
11663
11665
11667
11670
11674
11676
11679
11682
11683
11685
11695
11697
11700
11701
11702
11704
11706
11707
11710
11713
11714
11715
11716
11720
11721
11723
11724
11726
11728
11729
11730
11731
11737
11740
11742
11743
11744
11747
11751
11756
11758
11762
11765
11767
11769
11774
11776
11777
11780
11782
11783
11784
11785
11795
11799
11804
11805
11808
11812
11815
11821
11824
11826
11829
11830
11831
11836
11837
11843
11844
11847
11849
11851
11859
11860
11864
11870
11873
11874
11876
11877
11880
11883
11886
11890
11893
11899
11901
11902
11903
11904
11906
11908
11909
11911
11913
11916
11920
11921
11923
11925
11928
11930
11934
11940
11941
11943
11945
11950
11951
11952
11955
11957
11959
11961
11963
11964
11970
11971
11976
11977
11978
11979
11980
11983
11986
11988
11994
11995
11998
11999
12000
12003
12007
12009
12011
12013
12014
12018
12027
12038
12042
12043
12047
12052
12053
12055
12058
12060
12061
12062
12063
12066
12068
12069
12070
12077
12079
12080
12081
12083
12086
12087
12090
12093
12096
12100
12101
12104
12108
12109
12111
12112
12113
12114
12115
12116
12117
12119
12121
12122
12123
12124
12126
12127
12128
12129
12130
12134
12135
12136
12137
12138
12139
12140
12141
12142
12144
12145
12146
12148
12149
12150
12151
12152
12154
12155
12156
12157
12158
12159
12163
12164
12165
12167
12169
12170
12171
12174
12177
12178
12179
12180
12181
12182
12183
12185
12186
12189
12190
12191
12194
12195
12196
12197
12199
12201
12203
12204
12208
12209
12210
12211
12212
12213
12214
12215
12218
12219
12220
12222
12224
12225
12227
12228
12229
12230
12232
12234
12235
12236
12239
12240
12241
12242
12243
12244
12246
12247
12249
12251
12252
12253
12255
12259
12260
12261
12262
12263
12265
12267
12269
12270
12271
12272
12274
12275
12276
12277
12278
12279
12280
12281
12282
12286
12288
12289
12292
12293
12294
12295
12296
12297
12300
12302
12304
12305
12310
12312
12315
12316
12318
12319
12320
12321
12323
12325
12326
12327
12328
12329
12334
12337
12339
12341
12342
12345
12346
12348
12351
12353
12354
12355
12356
12357
12358
12359
12363
12367
12368
12369
12371
12373
12374
12377
12378
12379
12380
12381
12382
12384
12385
12386
12387
12388
12390
12392
12395
12398
12399
12401
12403
12405
12406
12408
12410
12411
12412
12413
12415
12416
12419
12420
12424
12426
12428
12431
12432
12436
12438
12439
12442
12444
12445
12446
12449
12455
12456
12457
12458
12465
12467
12470
12472
12473
12475
12477
12479
12483
12484
12494
12495
12496
12499
12501
12508
12509
12511
12513
12514
12515
12516
12517
12520
12522
12523
12525
12526
12530
12531
12532
12533
12535
12537
12538
12539
12542
12548
12550
12554
12555
12556
12557
12558
12559
12560
12561
12563
12564
12565
12566
12567
12568
12572
12573
12575
12576
12578
12579
12581
12582
12585
12586
12587
12589
12591
12593
12594
12600
12605
12606
12609
12610
12611
12620
12624
12626
12632
12633
12634
12635
12636
12638
12640
12643
12645
12650
12653
12655
12657
12658
12659
12660
12663
12665
12666
12671
12674
12676
12677
12679
12680
12682
12684
12688
12691
12693
12699
12700
12701
12705
12706
12707
12714
12716
12718
12720
12721
12724
12725
12726
12730
12735
12737
12738
12739
12740
12741
12742
12744
12745
12746
12748
12749
12751
12757
12761
12762
12763
12766
12767
12775
12778
12779
12781
12782
12783
12785
12786
12790
12791
12793
12795
12798
12799
12800
12801
12804
12806
12808
12809
12810
12813
12815
12825
12828
12833
12855
12856
12857
12858
12859
12860
12863
12864
12866
12867
12868
12870
12871
12873
12875
12876
12879
12880
12881
12887
12889
12892
12893
12894
12897
12898
12899
12902
12905
12906
12907
12908
12911
12912
12914
12915
12916
12917
12919
12921
12923
12925
12927
12930
12931
12936
12940
12941
12946
12948
12950
12951
12952
12953
12954
12955
12956
12960
12961
12962
12963
12964
12965
12967
12968
12969
12970
12971
12973
12975
12976
12977
12979
12980
12982
12984
12986
12987
12989
12990
12992
12994
12995
12996
12998
13003
13006
13012
13013
13016
13017
13019
13021
13022
13025
13032
13034
13035
13036
13037
13040
13041
13042
13053
13057
13059
13061
13064
13065
13068
13069
13070
13075
13078
13079
13082
13084
13085
13088
13089
13092
13097
13098
13100
13101
13102
13103
13104
13105
13106
13108
13109
13110
13112
13113
13116
13117
13121
13122
13124
13127
13130
13133
13134
13137
13138
13140
13141
13143
13144
13149
13150
13158
13160
13162
13168
13169
13170
13171
13172
13174
13178
13179
13181
13186
13190
13194
13197
13200
13201
13202
13203
13208
13209
13212
13213
13216
13217
13219
13220
13223
13224
13227
13229
13230
13233
13235
13236
13238
13239
13241
13242
13243
13244
13245
13246
13247
13248
13250
13252
13253
13255
13256
13258
13260
13262
13263
13264
13265
13266
13267
13268
13273
13275
13276
13277
13278
13281
13282
13283
13288
13289
13290
13291
13294
13295
13299
13300
13301
13302
13306
13309
13310
13312
13313
13314
13315
13317
13318
13324
13325
13327
13328
13331
13332
13333
13338
13339
13340
13341
13343
13349
13352
13353
13354
13358
13359
13361
13366
13367
13368
13369
13370
13375
13378
13381
13382
13384
13385
13389
13390
13392
13393
13397
13401
13402
13404
13405
13406
13409
13415
13417
13418
13419
13421
13422
13424
13426
13427
13429
13430
13431
13434
13438
13442
13445
13447
13448
13450
13455
13462
13467
13479
13481
13483
13484
13485
13491
13492
13494
13496
13500
13501
13504
13505
13506
13507
13509
13510
13511
13512
13514
13517
13518
13519
13520
13523
13525
13526
13527
13528
13529
13530
13532
13533
13535
13538
13539
13544
13545
13546
13550
13553
13554
13555
13556
13559
13564
13567
13568
13570
13571
13572
13573
13574
13575
13576
13577
13578
13579
13583
13584
13586
13587
13591
13592
13599
13600
13602
13604
13605
13606
13607
13609
13610
13611
13612
13614
13615
13616
13619
13623
13624
13625
13627
13628
13629
13630
13632
13633
13634
13637
13640
13644
13645
13647
13648
13649
13650
13652
13654
13655
13656
13658
13659
13661
13662
13663
13664
13667
13668
13670
13671
13673
13674
13675
13676
13677
13684
13685
13687
13688
13689
13690
13691
13692
13695
13696
13698
13701
13703
13706
13712
13713
13715
13718
13719
13721
13722
13723
13724
13726
13732
13733
13735
13739
13740
13741
13743
13745
13746
13748
13750
13751
13753
13754
13755
13756
13757
13758
13760
13761
13763
13767
13770
13775
13776
13778
13780
13782
13783
13789
13791
13792
13793
13795
13796
13798
13801
13802
13804
13805
13807
13810
13811
13812
13813
13816
13820
13821
13825
13827
13830
13832
13833
13835
13836
13837
13842
13844
13846
13848
13850
13854
13856
13857
13858
13865
13867
13868
13869
13870
13872
13873
13874
13877
13881
13890
13891
13892
13893
13896
13898
13899
13904
13906
13908
13909
13913
13916
13917
13920
13927
13930
13931
13935
13937
13938
13939
13940
13942
13943
13944
13945
13951
13954
13955
13957
13958
13961
13962
13963
13964
13970
13971
13974
13975
13977
13979
13980
13981
13983
13984
13985
13987
13989
13990
13997
14000
14001
14004
14006
14008
14009
14013
14014
14015
14016
14018
14020
14024
14028
14029
14033
14034
14037
14038
14039
14041
14042
14044
14046
14053
14055
14061
14064
14065
14070
14077
14087
14088
14093
14094
14096
14100
14103
14105
14110
14112
14113
14114
14116
14117
14121
14123
14124
14129
14133
14134
14139
14143
14145
14147
14148
14149
14150
14152
14153
14155
14157
14158
14161
14162
14165
14166
14169
14173
14174
14179
14180
14187
14192
14193
14200
14202
14204
14206
14207
14211
14214
14215
14216
14219
14222
14224
14226
14228
14233
14239
14241
14244
14245
14246
14254
14260
14262
14264
14267
14268
14270
14272
14275
14280
14281
14284
14289
14291
14294
14306
14308
14310
14312
14315
14318
14322
14324
14329
14335
14337
14345
14350
14357
14361
14363
14364
14367
14374
14377
14381
14383
14384
14385
14386
14388
14391
14396
14397
14400
14404
14405
14410
14412
14419
14421
14425
14427
14431
14446
14447
14448
14449
14451
14452
14454
14462
14463
14467
14468
14469
14471
14478
14482
14486
14490
14495
14499
14502
14506
14521
14525
14526
14528
14530
14535
14539
14541
14543
14545
14548
14550
14552
14554
14555
14556
14557
14558
14560
14561
14563
14564
14566
14567
14568
14569
14570
14574
14583
14585
14587
14588
14589
14590
14592
14593
14594
14595
14602
14609
14613
14614
14615
14618
14619
14621
14625
14626
14627
14630
14638
14642
14643
14646
14647
14648
14649
14651
14652
14653
14658
14659
14663
14664
14665
14666
14667
14669
14670
14671
14672
14674
14675
14679
14682
14683
14687
14689
14690
14691
14693
14697
14703
14704
14705
14706
14708
14713
14714
14718
14720
14722
14725
14726
14727
14728
14730
14731
14734
14735
14736
14738
14740
14742
14743
14748
14750
14752
14753
14754
14765
14766
14768
14770
14774
14776
14780
14783
14785
14786
14788
14789
14791
14793
14794
14795
14798
14799
14800
14801
14802
14803
14805
14810
14812
14814
14823
14826
14828
14829
14831
14832
14834
14836
14838
14839
14840
14841
14843
14844
14846
14848
14850
14852
14854
14855
14857
14858
14859
14860
14862
14864
14866
14868
14873
14874
14878
14880
14881
14882
14883
14884
14885
14887
14889
14890
14893
14900
14901
14903
14904
14906
14910
14911
14914
14915
14916
14918
14920
14921
14922
14923
14925
14927
14929
14930
14933
14936
14937
14940
14941
14944
14946
14947
14949
14951
14952
14953
14954
14955
14958
14959
14960
14962
14963
14966
14968
14969
14973
14974
14976
14977
14982
14983
14984
14986
14987
14990
14991
14995
14996
14997
15000
15001
15005
15006
15009
15010
15011
15015
15016
15022
15023
15024
15028
15029
15030
15034
15035
15036
15037
15038
15045
15050
15051
15058
15063
15065
15066
15067
15072
15075
15076
15084
15086
15087
15088
15090
15093
15095
15097
15098
15100
15104
15106
15107
15108
15109
15110
15113
15115
15117
15119
15121
15124
15125
15129
15132
15133
15134
15135
15136
15141
15142
15146
15152
15153
15154
15155
15157
15159
15161
15162
15163
15164
15167
15169
15170
15172
15173
15175
15179
15180
15181
15183
15184
15185
15186
15191
15196
15197
15200
15202
15206
15209
15210
15211
15213
15215
15216
15218
15219
15222
15226
15229
15231
15232
15234
15236
15238
15239
15241
15242
15243
15246
15247
15248
15249
15252
15255
15257
15258
15262
15265
15266
15269
15270
15272
15273
15275
15277
15278
15284
15286
15287
15288
15294
15295
15298
15303
15307
15308
15314
15316
15317
15318
15319
15320
15321
15324
15333
15337
15338
15340
15341
15344
15346
15347
15348
15349
15352
15355
15357
15360
15361
15362
15364
15365
15367
15370
15373
15374
15377
15378
15382
15383
15384
15388
15392
15394
15398
15400
15403
15404
15406
15407
15409
15410
15413
15414
15417
15420
15421
15422
15423
15424
15427
15428
15430
15431
15436
15439
15443
15444
15446
15451
15456
15457
15460
15463
15464
15465
15468
15471
15475
15478
15479
15480
15481
15485
15486
15491
15495
15500
15501
15502
15505
15507
15509
15514
15518
15519
15520
15522
15524
15525
15528
15529
15530
15533
15537
15545
15546
15549
15552
15555
15556
15557
15559
15564
15568
15571
15576
15579
15581
15583
15590
15593
15595
15596
15597
15600
15601
15603
15605
15608
15610
15611
15614
15615
15619
15624
15626
15627
15629
15632
15634
15640
15643
15644
15645
15647
15648
15650
15651
15655
15660
15663
15666
15668
15669
15674
15680
15691
15706
15709
15714
15722
15731
15735
15737
15739
15740
15745
15746
15750
15754
15755
15756
15759
15760
15761
15764
15765
15777
15782
15783
15789
15797
15798
15810
15812
15825
15833
15834
15837
15839
15842
15844
15847
15850
15854
15859
15864
15865
15869
15870
15871
15876
15877
15880
15881
15882
15885
15887
15894
15895
15896
15904
15908
15911
15914
15916
15919
15920
15924
15925
15927
15928
15929
15930
15931
15932
15935
15936
15943
15947
15951
15956
15959
15966
15971
15979
15981
15983
16000
16001
16006
16008
16010
16012
16014
16018
16019
16026
16035
16036
16037
16041
16042
16043
16046
16047
16049
16054
16056
16060
16062
16063
16067
16071
16077
16082
16083
16085
16087
16089
16090
16096
16098
16099
16104
16108
16109
16112
16113
16115
16116
16117
16118
16123
16125
16131
16133
16146
16151
16152
16153
16154
16156
16157
16160
16162
16167
16170
16173
16177
16178
16180
16181
16182
16185
16190
16193
16194
16195
16196
16199
16201
16206
16208
16211
16215
16220
16227
16240
16241
16243
16244
16245
16254
16265
16269
16277
16279
16281
16286
16287
16288
16292
16294
16296
16299
16300
16301
16310
16311
16312
16314
16318
16320
16323
16324
16325
16329
16332
16339
16342
16343
16344
16346
16350
16352
16355
16356
16357
16360
16366
16372
16373
16377
16378
16379
16386
16387
16389
16394
16397
16399
16405
16407
16408
16409
16411
16412
16417
16421
16423
16424
16425
16427
16429
16431
16433
16434
16436
16439
16443
16446
16449
16450
16451
16453
16454
16458
16459
16466
16472
16474
16476
16478
16481
16482
16487
16488
16492
16494
16496
16498
16499
16501
16503
16504
16505
16506
16510
16513
16514
16515
16516
16517
16519
16520
16523
16524
16525
16527
16530
16535
16536
16537
16538
16542
16543
16546
16550
16551
16554
16556
16557
16560
16562
16563
16564
16566
16568
16569
16570
16571
16572
16573
16574
16576
16578
16579
16583
16584
16585
16596
16600
16605
16607
16608
16609
16610
16611
16613
16615
16624
16625
16626
16628
16629
16637
16638
16639
16643
16645
16646
16655
16659
16662
16663
16665
16666
16668
16671
16676
16678
16685
16686
16687
16693
16698
16699
16700
16701
16704
16706
16707
16712
16716
16717
16720
16734
16740
16749
16751
16758
16761
16763
16765
16767
16768
16772
16775
16789
16792
16804
16805
16807
16808
16812
16814
16816
16818
16820
16823
16826
16827
16829
16830
16831
16832
16846
16874
16916
16949
16950
16957
16962
17060
17066
17073
17096
17097
17116
17118
17119
17122
17125
17126
17132
17134
17136
17141
17144
17152
17153
17159
17162
17167
17169
17178
17181
17204
17213
17248
17249
17250
17251
17252
17253
17254
17255
17256
17257
17258
17259
17261
17262
17263
17264
17265
17266
17267
17268
17269
17271
17272
17273
17274
17275
17276
17278
17281
17282
17283
17285
17286
17287
17288
17289
17290
17291
17293
17294
17295
17296
17298
17299
17300
17301
17302
17303
17305
17306
17307
17308
17309
17310
17311
17313
17314
17320
17321
17324
17326
17332
17335
17341
17353
17357
17362
17384
17405
17406
17414
17416
17418
17424
17425
17426
17427
17430
17431
17433
17441
17442
17446
17454
17455
17459
17462
17471
17472
17476
17478
17480
17481
17483
17487
17490
17493
17497
17499
17504
17505
17510
17515
17518
17519
17533
17538
17539
17541
17544
17545
17546
17548
17554
17558
17559
17561
17566
17568
17570
17572
17573
17575
17576
17577
17581
17588
17596
17616
17628
17629
17631
17632
17640
17641
17643
17654
17661
17664
17666
17668
17674
17678
17702
17707
17720
17734
17735
17747
17748
17757
17759
17760
17763
17768
17769
17779
17787
17794
17798
17800
17805
17806
17812
17813
17820
17821
17822
17823
17824
17826
17829
17838
17852
17853
17856
17857
17858
17862
17870
17876
17877
17878
17885
17887
17890
17891
17893
17895
17897
17902
17905
17915
17929
17930
17931
17934
17937
17945
17949
17950
17953
17959
17964
17968
17969
17972
17975
17988
18002
18008
18010
18017
18041
18051
18052
18054
18055
18057
18058
18059
18060
18061
18062
18063
18064
18065
18066
18067
18068
18071
18077
18079
18080
18081
18083
18085
18087
18088
18089
18090
18092
18093
18094
18095
18096
18098
18099
18100
18101
18102
18104
18105
18106
18107
18108
18109
18110
18111
18112
18113
18114
18115
18116
18117
18118
18119
18120
18121
18122
18123
18124
18125
18126
18127
18128
18129
18130
18131
18132
18133
18134
18135
18136
18137
18138
18139
18140
18141
18142
18143
18144
18145
18146
18149
18152
18153
18156
18157
18158
18161
18165
18167
18169
18170
18171
18173
18174
18175
18176
18177
18178
18179
18180
18181
18182
18183
18184
18185
18186
18187
18189
18191
18194
18196
18197
18198
18199
18200
18201
18204
18205
18206
18207
18208
18210
18211
18212
18213
18214
18215
18216
18217
18218
18219
18220
18221
18222
18223
18224
18225
18226
18227
18228
18229
18230
18232
18235
18237
18238
18239
18240
18241
18242
18243
18244
18247
18248
18250
18251
18253
18255
18257
18260
18261
18262
18263
18266
18268
18269
18270
18275
18277
18278
18282
18285
18287
18289
18293
18295
18296
18297
18298
18299
18301
18302
18303
18304
18305
18306
18307
18308
18309
18311
18312
18314
18315
18318
18319
18322
18323
18327
18328
18332
18333
18337
18338
18341
18342
18343
18344
18345
18349
18350
18351
18355
18356
18366
18367
18368
18374
18376
18377
18378
18380
18381
18382
18385
18388
18389
18390
18391
18392
18394
18395
18396
18397
18403
18405
18410
18419
18421
18423
18425
18431
18433
18444
18447
18449
18451
18453
18454
18462
18463
18464
18465
18466
18469
18471
18472
18483
18487
18489
18490
18491
18493
18494
18496
18498
18499
18503
18510
18515
18517
18518
18519
18520
18525
18526
18528
18529
18533
18536
18537
18542
18543
18550
18556
18558
18563
18566
18567
18579
18581
18592
18593
18595
18597
18606
18609
18610
18613
18615
18616
18624
18625
18630
18632
18633
18635
18637
18639
18640
18643
18644
18648
18649
18650
18652
18653
18654
18657
18660
18661
18666
18671
18674
18675
18679
18683
18684
18685
18688
18689
18691
18695
18696
18699
18700
18705
18707
18708
18713
18718
18719
18721
18723
18725
18726
18729
18730
18735
18736
18737
18742
18744
18747
18749
18750
18752
18753
18755
18757
18758
18759
18761
18764
18765
18766
18769
18772
18775
18777
18780
18782
18783
18784
18786
18788
18789
18791
18793
18794
18797
18799
18801
18808
18809
18811
18812
18816
18819
18820
18822
18826
18827
18828
18830
18831
18832
18834
18836
18839
18840
18843
18844
18848
18850
18851
18854
18857
18861
18866
18868
18869
18871
18874
18877
18879
18880
18881
18886
18889
18890
18897
18898
18899
18901
18904
18906
18907
18908
18909
18913
18917
18921
18927
18940
18943
18946
18949
18964
18967
18968
18971
18974
18978
18979
18981
18982
18983
18985
18988
18989
18990
18991
18994
18996
18997
18998
19002
19005
19009
19013
19014
19015
19029
19032
19034
19035
19036
19083
19088
19094
19100
19110
19111
19113
19115
19116
19118
19122
19125
19130
19131
19133
19134
19138
19157
19163
19166
19167
19169
19178
19179
19182
19188
19196
19198
19204
19208
19213
19222
19225
19227
19228
19230
19232
19236
19237
19241
19243
19262
19272
19282
19286
19287
19291
19313
19316
19324
19333
19371
19372
19395
19396
19409
19412
19416
19418
19420
19427
19439
19447
19452
19486
19489
19493
19498
19503
19507
19509
19521
19545
19551
19562
19577
19578
19581
19585
19593
19635
19643
19647
19664
19714
19716
19733
19741
19748
19762
19777
19785
19789
19793
19795
19814
19841
19848
19854
19903
19928
19929
