1
7
8
9
15
17
31
39
48
51
54
60
67
68
82
87
91
97
101
103
111
112
114
119
125
126
128
130
134
138
145
152
159
179
181
183
185
194
198
203
204
207
217
224
226
227
228
229
230
237
239
240
253
265
270
277
278
284
287
288
297
304
305
313
319
322
344
347
349
351
352
360
368
387
388
389
427
431
432
436
437
438
441
445
449
450
454
466
471
483
501
505
506
513
532
533
537
538
539
541
546
552
554
555
569
571
572
576
596
601
602
612
628
636
651
652
658
663
665
666
672
673
681
688
701
706
721
724
734
736
737
746
755
768
770
771
775
782
795
796
804
805
807
808
810
818
819
820
832
837
843
844
845
846
856
868
869
870
880
883
887
888
891
892
894
895
897
898
918
927
936
944
947
973
978
982
984
1024
1030
1038
1041
1043
1055
1057
1061
1077
1088
1102
1113
1117
1129
1156
1158
1174
1179
1200
1202
1210
1238
1242
1243
1244
1251
1255
1265
1275
1286
1287
1322
1327
1331
1332
1348
1349
1353
1410
1443
1461
1465
1470
1479
1480
1482
1485
1495
1505
1507
1543
1544
1560
1576
1577
1578
1580
1581
1596
1622
1623
1625
1627
1633
1640
1641
1648
1651
1655
1687
1709
1723
1731
1736
1744
1748
1758
1761
1788
1792
1795
1809
1822
1835
1852
1894
1895
1902
1903
1923
1925
1929
1947
1952
1956
1957
1971
1982
2009
2027
2033
2034
2041
2052
2057
2064
2068
2070
2074
2076
2090
2098
2099
2101
2105
2130
2136
2154
2209
2225
2238
2268
2281
2282
2306
2309
2327
2328
2336
2364
2367
2369
2386
2393
2434
2450
2455
2457
2499
2508
2511
2516
2519
2520
2521
2523
2528
2553
2564
2582
2583
2590
2593
2595
2604
2608
2615
2627
2628
2634
2660
2661
2664
2666
2669
2676
2678
2688
2717
2722
2731
2733
2749
2765
2771
2775
2780
2784
2786
2787
2790
2793
2813
2822
2832
2838
2840
2856
2863
2868
2871
2877
2878
2885
2893
2901
2902
2913
2918
2945
2950
2954
2957
2958
2960
2962
2965
2969
2970
2971
2977
2987
2988
2994
3007
3010
3033
3053
3058
3069
3078
3097
3122
3126
3156
3165
3174
3184
3214
3216
3218
3228
3248
3256
3257
3261
3265
3268
3270
3271
3281
3296
3301
3311
3313
3331
3334
3346
3354
3369
3370
3372
3375
3404
3426
3450
3452
3454
3456
3457
3458
3460
3461
3462
3463
3470
3477
3479
3480
3481
3483
3504
3507
3511
3525
3529
3546
3549
3564
3576
3593
3594
3595
3596
3604
3607
3612
3614
3619
3623
3624
3630
3632
3639
3651
3658
3660
3664
3667
3669
3683
3717
3737
3741
3744
3746
3749
3757
3764
3766
3767
3769
3770
3771
3772
3777
3815
3825
3826
3827
3828
3829
3831
3832
3836
3896
3897
3898
3899
3900
3901
3921
3924
3927
3929
3931
3952
3953
3956
3961
3965
3968
3996
4005
4006
4008
4012
4023
4034
4036
4082
4089
4095
4098
4108
4125
4134
4136
4148
4153
4164
4165
4172
4173
4180
4181
4182
4183
4184
4188
4189
4215
4217
4241
4242
4243
4253
4265
4316
4347
4350
4352
4366
4381
4382
4383
4384
4390
4391
4399
4405
4430
4444
4445
4460
4470
4474
4486
4496
4512
4539
4540
4543
4545
4595
4618
4685
4690
4699
4702
4726
4787
4788
4816
4823
4840
4866
4876
4898
4928
4957
4961
4979
4984
4994
5034
5036
5051
5067
5081
5102
5114
5160
5176
5190
5193
5198
5205
5235
5244
5247
5254
5272
5280
5282
5294
5326
5330
5331
5350
5369
5382
5396
5400
5419
5476
5482
5504
5514
5521
5550
5551
5557
5560
5564
5566
5577
5592
5596
5618
5623
5630
5631
5641
5658
5722
5730
5736
5745
5750
5811
5815
5833
5884
5920
5931
5949
5952
5966
5968
5987
5999
6021
6038
6039
6057
6066
6083
6093
6094
6104
6120
6157
6218
6219
6230
6289
6294
6321
6331
6333
6338
6350
6351
6353
6363
6366
6367
6371
6420
6446
6457
6461
6466
6531
6532
6580
6664
6683
6691
6728
6735
6740
6778
6793
6796
6808
6836
6850
6869
6906
6927
6935
6938
6939
6985
6986
7005
7018
7037
7040
7056
7060
7093
7112
7124
7130
7148
7155
7201
7211
7224
7246
7253
7302
7378
7382
7401
7444
7461
7480
7487
7496
7532
7533
7540
7551
7552
7573
7574
7578
7586
7609
7610
7611
7612
7641
7657
7722
7727
7730
7749
7779
7785
7787
7815
7819
7833
7835
7841
7854
7858
7863
7906
7971
7993
8003
8009
8030
8053
8074
8164
8222
8278
8335
8352
8353
8355
8356
8357
8358
8359
8360
8361
8362
8363
8364
8365
8374
8400
8401
8410
8455
8471
8472
8522
8568
8580
8629
8638
8733
8739
8760
8814
8827
8828
8895
8905
8917
8970
8973
8997
9007
9049
9054
9066
9072
9079
9085
9090
9109
9137
9138
9202
9207
9208
9257
9325
9326
9352
9353
9366
9417
9445
9461
9526
9551
9556
9571
9575
9582
9606
9607
9622
9670
9694
9695
9698
9757
9759
9804
9805
9817
9832
9835
9884
9911
9915
9920
9953
9960
10032
10063
10064
10181
10204
10219
10234
10241
10305
10352
10406
10413
10434
10438
10499
10638
10692
10800
10833
10881
10912
10949
10961
11062
11064
11101
11157
11338
11395
11404
11425
11426
11454
11500
11526
11955
11994
11998
12139
12140
12230
12231
12263
12275
12515
12518
12538
12544
12664
12702
12948
12987
13059
13117
13171
13239
13267
13314
13491
13651
13663
13667
13703
13796
13840
14003
14304
14312
14594
14610
14652
14653
14664
14744
14783
14784
14793
14827
14939
14952
14996
15014
15272
15639
15683
15735
15949
16062
16085
16405
16492
16524
16590
17559
17858
18379
18490
18526
19285
