3
7
9
10
17
22
23
24
29
39
50
55
60
64
66
67
71
82
83
86
87
88
101
108
112
123
125
129
130
133
150
152
163
168
170
177
181
182
193
210
230
236
247
260
262
265
268
280
282
297
313
321
322
323
325
344
345
352
358
377
379
381
394
402
405
427
428
431
432
436
438
439
441
442
454
455
457
463
464
474
483
493
494
501
504
505
506
513
525
548
552
555
556
558
567
569
582
583
589
590
592
596
612
619
622
625
640
652
662
673
675
678
680
690
697
698
718
721
722
725
728
759
765
768
774
782
792
795
799
801
803
807
815
824
835
836
840
857
875
881
885
911
918
920
929
944
946
952
968
973
974
983
991
996
1002
1009
1024
1062
1069
1071
1077
1079
1084
1099
1111
1127
1129
1139
1143
1158
1159
1162
1178
1200
1201
1206
1242
1245
1250
1272
1279
1293
1294
1312
1321
1329
1331
1344
1378
1379
1387
1400
1402
1416
1444
1451
1455
1464
1473
1479
1485
1503
1507
1508
1515
1562
1563
1566
1572
1576
1584
1595
1596
1600
1629
1645
1678
1679
1683
1693
1695
1705
1712
1722
1726
1757
1768
1773
1774
1795
1808
1811
1828
1835
1853
1880
1892
1901
1909
1937
1947
1969
2012
2029
2039
2041
2048
2068
2101
2109
2114
2115
2133
2134
2157
2160
2167
2169
2175
2176
2204
2205
2266
2276
2288
2316
2323
2327
2330
2341
2364
2368
2370
2372
2376
2381
2422
2429
2444
2448
2450
2460
2484
2493
2518
2521
2523
2524
2528
2533
2539
2546
2559
2571
2582
2601
2608
2610
2615
2622
2625
2628
2635
2636
2637
2641
2646
2651
2652
2666
2669
2670
2679
2683
2684
2687
2697
2700
2702
2706
2708
2723
2724
2725
2737
2738
2747
2766
2775
2778
2783
2792
2796
2798
2803
2819
2825
2828
2829
2830
2832
2848
2852
2856
2879
2885
2893
2907
2916
2927
2952
2954
2971
2973
2976
2977
2994
2999
3003
3013
3020
3029
3031
3033
3050
3051
3060
3075
3082
3085
3087
3096
3100
3105
3130
3132
3133
3146
3153
3166
3170
3184
3187
3206
3223
3228
3232
3239
3248
3261
3264
3265
3275
3293
3301
3302
3314
3325
3328
3336
3340
3350
3361
3369
3372
3398
3405
3412
3422
3423
3433
3441
3453
3454
3456
3459
3461
3463
3472
3487
3489
3495
3498
3504
3520
3525
3529
3532
3542
3543
3556
3562
3567
3573
3578
3601
3603
3604
3609
3624
3675
3683
3696
3703
3704
3711
3731
3732
3737
3752
3753
3756
3757
3759
3767
3769
3777
3782
3785
3816
3820
3834
3845
3863
3864
3865
3868
3870
3882
3886
3887
3892
3894
3901
3909
3911
3915
3945
3967
3968
3982
3993
3999
4006
4017
4024
4026
4032
4033
4048
4066
4090
4096
4108
4117
4118
4119
4122
4131
4134
4157
4179
4218
4229
4238
4242
4250
4253
4278
4294
4297
4302
4303
4311
4357
4359
4384
4389
4430
4478
4481
4483
4555
4559
4562
4566
4595
4596
4632
4651
4660
4677
4679
4684
4704
4710
4714
4719
4727
4733
4735
4753
4755
4766
4774
4808
4811
4816
4846
4863
4883
4896
4909
4917
4918
4920
4931
4979
4998
5006
5041
5070
5082
5099
5112
5122
5124
5160
5175
5186
5247
5268
5270
5273
5279
5287
5331
5340
5356
5366
5369
5374
5389
5416
5458
5475
5488
5489
5494
5503
5562
5592
5601
5645
5651
5652
5653
5654
5666
5676
5700
5702
5706
5718
5721
5741
5755
5760
5764
5779
5780
5793
5804
5813
5836
5850
5858
5869
5880
5884
5885
5888
5911
5919
5923
5953
5961
5966
5970
6011
6039
6040
6054
6064
6080
6093
6096
6121
6126
6131
6144
6160
6185
6198
6233
6241
6247
6292
6299
6329
6344
6351
6353
6355
6372
6389
6393
6404
6410
6411
6412
6416
6420
6427
6433
6435
6443
6457
6462
6472
6480
6491
6496
6510
6513
6514
6576
6580
6603
6629
6733
6753
6772
6784
6801
6807
6824
6855
6866
6881
6889
6900
6914
6927
6937
6955
6965
6972
6973
6988
7018
7020
7022
7044
7064
7068
7083
7112
7126
7127
7132
7176
7192
7203
7208
7209
7211
7213
7232
7235
7245
7256
7257
7267
7272
7279
7285
7297
7310
7317
7326
7341
7358
7403
7405
7406
7442
7449
7451
7509
7532
7557
7573
7588
7592
7607
7619
7626
7636
7638
7641
7647
7652
7654
7657
7662
7677
7709
7729
7759
7761
7779
7787
7799
7814
7822
7834
7835
7836
7847
7857
7899
7913
7935
7946
7956
7964
7982
8009
8016
8017
8064
8065
8071
8074
8083
8104
8118
8129
8146
8150
8159
8161
8194
8215
8227
8228
8233
8270
8276
8306
8327
8334
8346
8354
8371
8373
8408
8409
8418
8424
8428
8438
8454
8472
8488
8493
8568
8577
8606
8613
8614
8660
8666
8699
8705
8724
8732
8733
8737
8746
8769
8781
8784
8800
8827
8828
8829
8837
8847
8854
8856
8861
8882
8915
8917
8999
9006
9008
9062
9073
9077
9094
9095
9102
9135
9149
9172
9198
9229
9263
9271
9272
9278
9281
9283
9284
9288
9299
9325
9326
9337
9346
9355
9476
9477
9495
9497
9499
9507
9509
9521
9554
9560
9561
9568
9569
9571
9625
9627
9662
9682
9717
9721
9750
9797
9802
9828
9884
9886
9944
9990
9994
10023
10038
10044
10050
10081
10091
10096
10132
10137
10155
10166
10175
10179
10193
10218
10245
10268
10290
10381
10408
10413
10437
10450
10489
10501
10543
10558
10613
10708
10728
10751
10789
10800
10806
10815
10838
10905
10950
10961
10987
11050
11064
11068
11070
11079
11082
11086
11131
11141
11157
11218
11244
11270
11351
11400
11403
11405
11413
11455
11483
11561
11571
11577
11634
11716
11805
11940
11959
11971
11982
12013
12027
12038
12060
12062
12112
12134
12137
12139
12141
12146
12190
12194
12315
12358
12359
12367
12411
12521
12523
12539
12555
12613
12657
12676
12679
12707
12716
12723
12810
12828
12870
12905
12946
12950
12966
13012
13068
13128
13190
13209
13246
13247
13282
13322
13405
13455
13520
13578
13584
13628
13637
13685
13689
13757
13776
13808
13848
13858
13869
13875
13928
13942
13983
13985
13997
14014
14015
14037
14117
14133
14151
14257
14272
14337
14363
14364
14427
14447
14500
14642
14648
14659
14664
14682
14703
14714
14718
14720
14776
14794
14889
14956
14982
15009
15015
15054
15065
15086
15117
15153
15163
15171
15191
15220
15246
15249
15338
15375
15463
15486
15488
15627
15650
15777
15871
16011
16089
16112
16153
16276
16350
16357
16377
16429
16450
16478
16504
16546
16568
16586
16656
16808
16878
17134
17144
17252
17255
17260
17281
17290
17294
17295
17322
17356
17369
17490
17535
17559
17800
17820
17934
17947
18013
18075
18082
18088
18096
18104
18112
18114
18115
18116
18119
18120
18123
18129
18138
18152
18179
18180
18191
18198
18201
18207
18212
18294
18350
18355
18490
18503
18518
18581
18669
18690
18706
18755
18813
18866
18881
18892
18897
19498
19528
19867
