8
23
26
36
39
54
58
67
68
77
78
81
88
89
101
107
108
110
111
119
128
130
131
137
146
147
149
157
170
181
188
193
201
206
207
217
224
230
237
239
240
242
254
274
278
282
285
287
288
295
303
344
370
371
385
424
425
426
427
431
438
450
454
457
458
459
463
468
469
470
471
509
542
553
555
581
593
604
632
661
663
664
731
749
751
753
779
782
798
805
815
850
857
864
867
877
884
887
892
920
944
973
992
1013
1031
1062
1063
1077
1108
1145
1156
1161
1181
1213
1215
1242
1256
1286
1331
1348
1378
1404
1419
1436
1495
1521
1616
1622
1667
1670
1710
1739
1771
1792
1795
1841
1846
1847
1939
1947
1961
1977
2019
2070
2124
2133
2276
2363
2364
2365
2379
2464
2493
2494
2511
2521
2548
2556
2561
2582
2586
2587
2590
2593
2595
2596
2622
2623
2624
2626
2644
2646
2661
2662
2669
2716
2746
2747
2811
2828
2840
2844
2846
2852
2854
2885
2894
2931
2975
2977
3049
3050
3062
3096
3113
3115
3116
3119
3123
3132
3169
3170
3232
3240
3248
3250
3253
3264
3309
3311
3331
3384
3404
3413
3433
3450
3482
3483
3486
3498
3506
3509
3525
3526
3530
3548
3553
3566
3571
3573
3574
3576
3579
3580
3581
3590
3596
3601
3603
3607
3609
3610
3611
3614
3624
3683
3687
3689
3695
3700
3709
3734
3756
3759
3764
3767
3786
3819
3820
3821
3822
3823
3825
3833
3834
3843
3844
3845
3851
3860
3861
3931
4012
4023
4027
4073
4096
4101
4111
4118
4133
4141
4145
4156
4157
4159
4187
4188
4191
4200
4220
4266
4267
4270
4313
4316
4389
4420
4430
4481
4491
4555
4583
4690
4691
4702
4710
4744
4765
4766
4787
4803
4809
4868
4869
4873
4878
4882
4895
4994
5030
5042
5144
5191
5196
5205
5224
5273
5325
5326
5330
5356
5369
5382
5490
5513
5589
5614
5632
5662
5763
5768
5869
5971
6009
6031
6039
6093
6134
6230
6300
6329
6331
6345
6371
6389
6395
6401
6413
6432
6453
6457
6461
6500
6522
6548
6549
6561
6592
6612
6619
6668
6673
6713
6818
6910
6970
6980
7005
7087
7132
7198
7254
7352
7375
7532
7588
7604
7610
7620
7624
7641
7707
7712
7713
7737
7746
7756
7780
7785
7828
7832
7834
7837
7839
7852
7859
7912
7955
7994
8009
8049
8074
8117
8119
8131
8153
8161
8233
8239
8259
8281
8307
8314
8335
8354
8403
8472
8579
8600
8603
8607
8616
8617
8642
8648
8736
8740
8789
8818
8847
8917
8926
8973
8995
9006
9008
9066
9142
9179
9239
9325
9476
9524
9736
9816
9847
10063
10091
10118
10181
10659
10806
10892
11126
11154
11529
11587
11851
12003
12140
12247
12648
12810
12833
13059
13066
13152
13227
13464
13562
13604
13673
13674
14205
14272
14664
16117
16118
16162
16201
16590
17144
17249
17250
17251
17252
17253
17254
17255
17256
17257
17259
17260
17264
17266
17267
17268
17269
17271
17274
17275
17276
17278
17280
17281
17282
17283
17285
17287
17288
17289
17290
17292
17293
17295
17296
17297
17299
17300
17303
17304
17305
17306
17307
17308
17309
17310
18974
19031
