3
5
7
9
17
23
26
31
36
39
41
44
45
47
51
54
55
58
60
66
67
68
69
70
74
82
87
95
97
101
103
109
112
113
124
125
132
136
143
157
162
166
168
170
176
178
179
189
193
194
197
200
203
204
207
210
215
217
218
230
232
237
238
239
243
247
258
262
268
272
278
285
307
310
320
321
322
346
369
370
381
387
388
395
396
402
403
404
412
418
423
424
426
427
428
431
432
434
438
439
441
450
451
452
463
476
482
488
500
504
510
512
513
519
529
537
538
546
553
555
563
564
569
572
576
579
580
585
589
590
593
597
599
601
614
616
619
622
625
635
636
641
650
658
660
664
665
667
674
680
683
685
691
692
694
701
707
708
711
717
720
721
724
727
735
736
738
739
743
745
751
753
754
758
761
779
782
789
792
794
795
804
805
806
810
815
821
824
832
850
855
856
858
863
864
867
884
889
895
901
920
921
929
938
940
944
950
956
958
963
969
973
977
987
1002
1006
1013
1015
1019
1020
1022
1036
1037
1040
1055
1067
1073
1074
1076
1077
1079
1080
1083
1084
1095
1098
1103
1122
1129
1133
1146
1149
1150
1155
1156
1158
1165
1167
1172
1180
1181
1184
1190
1198
1213
1223
1225
1235
1237
1245
1248
1250
1259
1260
1261
1271
1272
1276
1277
1279
1280
1312
1323
1325
1331
1334
1349
1354
1359
1362
1363
1400
1404
1443
1451
1463
1465
1472
1479
1483
1503
1508
1512
1514
1520
1524
1527
1551
1554
1561
1566
1570
1572
1589
1596
1606
1610
1616
1622
1642
1647
1652
1655
1656
1665
1669
1679
1685
1692
1693
1696
1699
1705
1709
1712
1726
1739
1740
1744
1746
1749
1764
1771
1773
1774
1788
1792
1798
1808
1809
1810
1819
1828
1834
1835
1852
1867
1881
1902
1907
1912
1922
1937
1947
1960
1965
1969
1972
1973
1980
1991
2004
2016
2019
2036
2037
2041
2050
2052
2068
2073
2076
2079
2090
2098
2099
2100
2109
2124
2129
2133
2134
2144
2155
2158
2167
2176
2197
2200
2201
2220
2221
2225
2227
2229
2238
2240
2242
2246
2249
2251
2260
2264
2300
2311
2330
2343
2344
2352
2354
2359
2371
2377
2401
2407
2408
2416
2418
2422
2432
2436
2462
2464
2492
2501
2504
2508
2518
2521
2523
2533
2538
2543
2546
2559
2581
2582
2609
2622
2623
2635
2643
2645
2647
2648
2657
2660
2662
2669
2674
2677
2679
2682
2686
2687
2692
2693
2694
2702
2703
2704
2715
2717
2726
2732
2738
2747
2755
2759
2761
2762
2763
2770
2774
2775
2777
2778
2783
2790
2792
2798
2799
2807
2821
2824
2826
2828
2840
2843
2850
2852
2861
2862
2866
2868
2869
2885
2892
2907
2912
2915
2922
2932
2933
2944
2952
2953
2954
2962
2965
2971
2976
2980
2994
2997
3003
3010
3031
3033
3036
3037
3040
3046
3049
3050
3058
3094
3095
3099
3100
3102
3110
3112
3113
3115
3116
3118
3124
3125
3131
3133
3140
3146
3152
3155
3156
3173
3174
3182
3184
3185
3190
3205
3209
3217
3218
3223
3232
3242
3249
3250
3253
3255
3257
3259
3264
3265
3278
3279
3286
3289
3301
3309
3313
3316
3322
3324
3330
3331
3340
3341
3343
3344
3345
3359
3378
3383
3394
3398
3401
3402
3404
3405
3407
3415
3433
3434
3438
3440
3443
3450
3455
3457
3461
3462
3463
3466
3470
3484
3488
3495
3503
3505
3506
3509
3512
3515
3525
3534
3538
3549
3550
3552
3553
3554
3566
3568
3572
3573
3582
3584
3590
3597
3599
3606
3609
3610
3615
3623
3624
3632
3634
3635
3637
3642
3644
3646
3647
3648
3661
3662
3679
3680
3682
3683
3692
3697
3698
3699
3701
3702
3703
3705
3708
3712
3716
3729
3733
3746
3748
3753
3755
3757
3759
3763
3764
3766
3776
3779
3782
3790
3801
3811
3813
3814
3815
3821
3827
3830
3834
3838
3841
3855
3860
3865
3866
3868
3871
3881
3887
3892
3896
3897
3899
3912
3913
3943
3946
3960
3961
3962
3963
3968
3969
3979
3982
3984
4000
4001
4006
4009
4010
4013
4015
4023
4033
4034
4049
4059
4066
4067
4071
4094
4096
4098
4104
4111
4113
4118
4119
4120
4125
4148
4152
4153
4154
4156
4157
4159
4160
4165
4172
4173
4176
4179
4186
4193
4196
4197
4215
4217
4225
4229
4231
4235
4250
4253
4264
4265
4270
4275
4290
4292
4293
4309
4313
4323
4330
4353
4382
4389
4390
4403
4408
4438
4444
4446
4455
4458
4474
4476
4477
4480
4484
4490
4493
4495
4510
4514
4531
4536
4539
4545
4555
4560
4566
4568
4572
4576
4577
4581
4588
4591
4597
4603
4611
4623
4624
4625
4632
4633
4635
4637
4640
4651
4660
4674
4683
4690
4691
4694
4703
4710
4715
4734
4742
4765
4766
4767
4769
4774
4790
4791
4799
4805
4810
4812
4829
4861
4869
4876
4880
4883
4886
4912
4927
4931
4941
4952
4955
4969
4971
4974
4982
4993
4997
5008
5032
5036
5055
5076
5084
5090
5102
5119
5124
5126
5134
5135
5153
5154
5160
5169
5172
5179
5193
5220
5235
5240
5243
5247
5251
5253
5255
5264
5268
5273
5282
5309
5315
5326
5331
5333
5360
5365
5380
5382
5387
5399
5400
5421
5422
5423
5457
5462
5473
5480
5494
5503
5511
5515
5521
5536
5550
5551
5557
5559
5563
5564
5574
5575
5586
5588
5589
5593
5601
5605
5618
5628
5631
5638
5646
5651
5654
5669
5672
5682
5684
5705
5719
5724
5726
5736
5737
5745
5754
5765
5773
5778
5779
5795
5798
5820
5822
5835
5838
5840
5853
5855
5859
5868
5871
5873
5874
5882
5896
5908
5914
5918
5923
5930
5952
5959
5961
5974
5999
6022
6023
6028
6031
6033
6036
6037
6039
6041
6044
6052
6053
6064
6073
6079
6085
6088
6089
6092
6093
6096
6112
6114
6125
6126
6145
6157
6159
6162
6179
6202
6204
6205
6209
6213
6214
6221
6230
6236
6241
6253
6254
6267
6292
6303
6306
6314
6321
6322
6336
6344
6357
6365
6367
6371
6373
6378
6381
6389
6411
6418
6420
6458
6464
6485
6489
6490
6531
6548
6564
6586
6588
6593
6602
6612
6615
6628
6640
6646
6670
6671
6672
6687
6689
6691
6706
6713
6718
6719
6729
6731
6735
6737
6751
6754
6757
6780
6791
6792
6798
6800
6807
6813
6836
6863
6893
6895
6901
6915
6918
6922
6926
6935
6945
6957
6966
6970
6984
6994
7005
7009
7037
7038
7039
7041
7044
7046
7052
7060
7064
7069
7072
7126
7133
7140
7143
7148
7176
7177
7178
7179
7199
7203
7211
7222
7224
7230
7232
7235
7240
7242
7243
7247
7273
7279
7282
7285
7292
7296
7299
7302
7308
7312
7315
7321
7322
7326
7366
7377
7379
7385
7398
7399
7406
7409
7422
7437
7439
7442
7454
7460
7462
7470
7478
7490
7491
7512
7514
7515
7517
7519
7535
7557
7558
7562
7570
7571
7574
7578
7581
7588
7604
7614
7615
7621
7627
7630
7641
7644
7654
7657
7661
7671
7672
7679
7700
7702
7707
7717
7727
7730
7732
7736
7739
7748
7754
7761
7762
7770
7787
7794
7795
7824
7825
7835
7852
7854
7856
7858
7870
7874
7883
7886
7898
7909
7916
7925
7932
7934
7939
7946
7959
7960
7971
7972
7984
7991
7998
8003
8010
8016
8039
8049
8065
8066
8071
8074
8078
8080
8106
8126
8137
8143
8161
8165
8170
8175
8225
8227
8229
8236
8243
8249
8251
8271
8297
8314
8319
8343
8346
8347
8360
8366
8368
8369
8379
8400
8458
8461
8463
8467
8468
8471
8472
8481
8486
8488
8514
8536
8578
8580
8594
8612
8616
8654
8660
8676
8684
8699
8705
8732
8733
8736
8737
8739
8758
8761
8775
8785
8790
8798
8816
8817
8823
8827
8828
8856
8860
8879
8886
8901
8902
8914
8917
8920
8933
8944
8945
8947
8949
8964
8973
9006
9008
9011
9013
9035
9045
9062
9063
9066
9078
9081
9091
9096
9099
9106
9109
9155
9163
9175
9179
9184
9185
9194
9216
9220
9238
9248
9255
9261
9265
9268
9272
9273
9282
9283
9299
9316
9325
9334
9340
9377
9389
9428
9430
9445
9465
9476
9477
9484
9498
9503
9521
9529
9530
9549
9554
9568
9601
9605
9613
9621
9639
9652
9655
9657
9693
9699
9709
9715
9721
9728
9747
9759
9766
9770
9783
9788
9798
9800
9802
9831
9833
9886
9906
9911
9931
9941
9975
9981
10018
10029
10050
10061
10063
10064
10065
10074
10114
10124
10129
10131
10132
10151
10154
10155
10156
10180
10181
10218
10219
10244
10245
10249
10277
10297
10308
10315
10317
10381
10399
10414
10426
10434
10439
10445
10446
10450
10488
10494
10499
10501
10509
10519
10523
10544
10551
10556
10558
10572
10578
10595
10626
10654
10670
10672
10695
10702
10710
10731
10733
10748
10764
10774
10779
10781
10782
10783
10786
10791
10799
10805
10807
10831
10849
10889
10892
10944
10950
10982
10987
11019
11029
11031
11075
11089
11093
11132
11144
11159
11160
11166
11181
11210
11212
11218
11271
11292
11293
11320
11328
11343
11383
11387
11403
11420
11421
11439
11485
11500
11502
11540
11541
11554
11561
11566
11609
11619
11621
11632
11670
11697
11704
11762
11790
11826
11831
11836
11851
11874
11899
11940
11964
11994
11998
11999
12025
12079
12080
12100
12104
12123
12124
12136
12140
12141
12147
12161
12175
12195
12209
12211
12216
12225
12242
12247
12261
12320
12335
12344
12355
12405
12406
12418
12440
12458
12507
12531
12534
12538
12539
12555
12568
12585
12586
12587
12630
12648
12653
12665
12687
12705
12730
12804
12833
12856
12881
12945
12950
12963
12971
12995
13034
13061
13113
13131
13134
13161
13163
13200
13203
13224
13227
13245
13260
13267
13278
13288
13325
13356
13403
13455
13469
13472
13488
13494
13503
13518
13519
13520
13529
13530
13538
13581
13588
13599
13651
13687
13691
13792
13807
13821
13825
13850
13856
13858
13899
13912
13927
13942
13947
13977
13980
14042
14105
14117
14121
14124
14145
14193
14257
14261
14312
14344
14400
14410
14411
14451
14474
14535
14581
14619
14642
14650
14664
14685
14754
14765
14804
14807
14812
14832
14847
14867
14901
14905
14914
14927
14982
15007
15014
15024
15031
15056
15066
15072
15098
15153
15159
15191
15232
15257
15277
15278
15284
15286
15288
15294
15370
15384
15397
15500
15515
15518
15519
15535
15557
15558
15651
15664
15665
15691
15696
15702
15722
15737
15754
15867
15904
15906
15919
15935
15981
16108
16148
16170
16201
16225
16320
16357
16408
16449
16499
16568
16572
16591
16609
16635
16674
16678
16768
16805
16808
16818
16949
17097
17134
17141
17152
17269
17286
17288
17311
17313
17320
17405
17428
17479
17486
17493
17508
17514
17575
17640
17720
17787
17801
17820
17821
17877
17921
17928
17930
17945
17955
17968
17972
18058
18062
18065
18071
18096
18105
18106
18107
18111
18115
18120
18127
18133
18134
18137
18141
18143
18146
18178
18181
18201
18214
18218
18219
18238
18246
18294
18304
18319
18345
18357
18448
18481
18504
18517
18532
18557
18581
18722
18732
18737
18739
18890
18992
18996
19007
19211
