87
101
119
126
136
178
189
206
207
209
308
352
366
386
427
454
474
491
503
504
506
549
553
567
603
604
650
652
673
725
736
781
782
805
850
853
919
975
976
1029
1067
1071
1077
1085
1129
1215
1245
1253
1312
1328
1331
1456
1562
1596
1610
1629
1655
1791
1792
1809
1819
1982
2041
2064
2098
2132
2368
2385
2397
2407
2448
2472
2501
2518
2548
2555
2558
2610
2623
2650
2653
2657
2733
2746
2759
2793
2816
2844
2863
2907
2945
2950
2973
2982
2988
3003
3071
3094
3144
3167
3176
3259
3308
3324
3327
3334
3336
3361
3398
3403
3412
3454
3504
3541
3553
3600
3601
3604
3605
3646
3683
3698
3707
3721
3756
3769
3782
3791
3830
3865
3915
3945
3985
3997
4008
4013
4018
4019
4020
4042
4053
4057
4074
4134
4238
4275
4298
4323
4324
4359
4368
4389
4425
4519
4560
4564
4632
4715
4741
4766
4790
4878
4912
4957
5030
5036
5040
5176
5184
5197
5223
5277
5340
5363
5369
5382
5400
5456
5550
5648
5686
5736
5745
5801
5806
5834
5836
5861
5880
5891
5930
5949
6034
6093
6125
6290
6376
6393
6761
6850
6886
6978
7010
7066
7068
7362
7547
7586
7588
7765
7830
7831
7868
7886
7913
7946
8016
8051
8064
8074
8149
8161
8243
8251
8330
8346
8348
8349
8400
8462
8481
8635
8705
8733
8800
8806
8809
8827
8892
8917
8944
8947
9066
9089
9099
9150
9177
9208
9211
9217
9338
9384
9403
9447
9623
9670
9728
10008
10046
10091
10193
10356
10516
10599
10656
10757
10779
10846
10872
10874
10917
10962
11036
11127
11383
11406
11554
11574
11716
11813
12000
12111
12140
12643
12659
12761
12788
12898
12948
13160
13567
13679
14200
14332
14452
14536
14720
14766
14955
15278
15340
15939
16062
16108
16412
16504
16554
16597
17153
17255
17258
17536
18178
18181
18214
18222
18224
18230
18412
18451
