0
1
2
3
4
7
8
9
10
11
12
15
16
17
18
20
21
22
23
24
26
27
28
29
30
31
35
36
38
39
41
42
46
47
48
49
51
54
55
56
57
58
60
62
63
65
67
68
69
70
71
72
74
75
76
77
78
79
82
83
84
86
87
88
89
90
92
93
94
97
98
99
101
102
103
104
106
107
108
109
110
111
112
113
114
115
116
117
118
119
120
121
122
123
124
125
126
127
128
129
130
131
133
134
135
136
137
138
140
142
143
145
146
147
148
149
151
152
153
154
155
156
157
158
159
163
167
168
169
170
171
172
173
174
175
176
177
178
179
180
181
182
183
185
186
187
188
189
191
193
194
195
196
198
199
200
201
203
204
205
206
207
208
209
210
211
212
213
214
215
216
217
219
221
222
224
226
227
228
229
230
236
237
239
240
241
242
244
247
248
253
255
256
258
260
262
263
264
265
266
268
270
271
272
273
275
276
277
278
279
281
284
285
286
287
288
289
290
292
293
294
295
296
297
298
300
301
302
303
304
305
306
307
308
310
313
318
319
320
321
322
325
326
327
328
331
333
334
336
339
340
341
342
344
345
346
347
349
351
352
353
354
356
357
358
359
360
361
362
363
366
368
369
370
371
375
376
377
378
379
380
384
386
387
388
389
391
393
394
401
402
403
407
408
409
410
415
416
417
418
419
420
423
424
425
426
427
428
430
431
432
433
436
438
439
440
441
442
444
445
446
448
449
450
451
453
454
456
457
459
460
463
464
466
468
470
471
472
473
474
475
477
479
480
481
482
483
484
488
491
492
493
494
495
497
501
503
504
505
508
509
510
511
512
513
516
517
518
519
521
522
525
526
527
530
532
535
536
537
538
539
540
541
542
543
546
548
549
550
551
552
553
554
555
556
557
558
559
563
564
565
567
568
569
570
571
573
574
576
579
580
581
582
583
585
587
589
590
591
592
593
594
595
596
597
598
599
600
601
604
606
607
608
609
610
611
612
613
615
617
619
620
622
624
625
626
628
631
632
633
634
635
637
638
639
640
643
645
646
648
650
651
652
653
654
656
658
659
660
662
663
664
665
666
670
671
672
673
674
679
680
681
682
683
684
685
687
688
689
692
693
694
695
696
697
700
701
706
707
708
709
710
711
713
714
717
718
719
720
721
724
725
726
727
728
729
730
733
734
735
736
737
738
739
740
741
743
744
745
746
748
749
750
751
752
753
754
755
756
757
759
760
762
763
768
769
770
771
772
773
774
775
777
778
779
780
781
782
783
785
787
788
795
796
797
798
799
801
803
804
805
806
807
809
810
811
813
814
815
817
818
819
820
822
823
824
825
826
827
829
830
832
836
837
839
841
843
844
845
846
847
848
849
850
852
853
854
855
856
857
858
859
860
863
864
867
868
869
870
871
872
873
874
875
877
878
880
881
882
883
884
885
886
887
888
889
891
892
894
895
897
898
900
901
902
903
904
905
906
908
909
912
913
917
918
919
920
921
925
926
927
928
929
930
931
932
933
934
935
938
940
941
943
944
945
946
947
949
950
952
953
954
955
956
957
958
961
963
964
965
967
969
971
972
973
976
977
978
980
981
982
983
986
987
990
991
992
996
999
1004
1005
1006
1008
1009
1011
1013
1014
1016
1018
1023
1024
1025
1027
1029
1030
1031
1033
1034
1036
1038
1040
1041
1042
1043
1044
1045
1050
1051
1056
1060
1061
1062
1063
1064
1065
1066
1067
1069
1070
1071
1074
1076
1077
1082
1083
1084
1085
1086
1089
1090
1091
1092
1094
1097
1098
1099
1101
1103
1104
1105
1106
1108
1109
1113
1120
1122
1123
1124
1126
1127
1129
1132
1133
1134
1137
1138
1139
1142
1143
1144
1145
1146
1147
1149
1153
1155
1156
1158
1159
1161
1162
1163
1166
1167
1168
1169
1171
1172
1179
1180
1181
1184
1186
1189
1190
1191
1198
1199
1201
1202
1206
1207
1209
1210
1213
1215
1218
1219
1220
1223
1225
1227
1230
1232
1234
1235
1237
1240
1242
1244
1245
1249
1250
1251
1253
1256
1258
1264
1265
1267
1268
1269
1270
1271
1272
1275
1279
1280
1283
1287
1290
1291
1293
1297
1302
1307
1312
1314
1315
1321
1323
1325
1327
1328
1329
1331
1338
1343
1344
1345
1347
1348
1349
1350
1353
1354
1358
1362
1365
1369
1372
1375
1378
1380
1387
1389
1392
1398
1399
1400
1402
1404
1406
1407
1410
1412
1415
1418
1419
1424
1426
1427
1429
1430
1432
1433
1435
1436
1443
1446
1447
1448
1451
1454
1455
1456
1457
1458
1459
1462
1463
1464
1465
1469
1470
1471
1472
1473
1474
1477
1479
1480
1481
1484
1485
1487
1492
1495
1497
1498
1503
1504
1507
1509
1510
1513
1514
1516
1521
1524
1526
1527
1532
1536
1541
1543
1544
1545
1548
1552
1557
1560
1561
1563
1564
1566
1567
1571
1572
1576
1579
1580
1583
1585
1587
1589
1590
1592
1595
1596
1598
1599
1600
1603
1606
1610
1613
1616
1619
1620
1622
1625
1627
1628
1629
1630
1632
1633
1635
1637
1638
1640
1642
1643
1644
1646
1647
1651
1653
1655
1659
1661
1663
1667
1668
1669
1670
1671
1674
1677
1678
1680
1683
1688
1690
1691
1692
1693
1695
1699
1704
1705
1706
1710
1712
1713
1716
1719
1720
1723
1726
1728
1729
1731
1732
1733
1736
1737
1738
1739
1742
1744
1746
1747
1748
1750
1756
1757
1758
1760
1761
1762
1763
1764
1766
1768
1769
1770
1771
1772
1773
1774
1788
1789
1791
1792
1795
1798
1801
1802
1804
1805
1808
1809
1810
1811
1815
1819
1820
1822
1826
1830
1835
1840
1841
1850
1852
1853
1856
1857
1867
1868
1869
1870
1874
1875
1877
1880
1884
1887
1894
1895
1896
1900
1901
1902
1903
1905
1909
1913
1915
1917
1918
1920
1922
1925
1927
1929
1930
1931
1935
1937
1939
1941
1943
1945
1947
1948
1949
1950
1951
1956
1957
1960
1961
1969
1971
1972
1974
1977
1979
1980
1982
1984
1985
1986
1988
1991
1994
1995
1996
1999
2003
2008
2009
2010
2012
2015
2016
2019
2022
2024
2027
2028
2030
2032
2033
2034
2035
2036
2037
2038
2041
2042
2043
2046
2047
2048
2050
2052
2057
2064
2068
2070
2073
2075
2076
2077
2079
2080
2081
2082
2083
2084
2086
2088
2089
2090
2092
2095
2096
2098
2099
2100
2101
2103
2104
2109
2112
2120
2124
2128
2129
2130
2131
2132
2133
2134
2136
2140
2141
2144
2149
2150
2151
2152
2154
2157
2162
2167
2168
2169
2174
2176
2177
2183
2189
2192
2194
2196
2197
2199
2202
2205
2209
2212
2215
2219
2223
2225
2229
2232
2233
2237
2238
2240
2242
2246
2248
2249
2251
2253
2254
2255
2256
2257
2259
2260
2264
2265
2266
2269
2272
2273
2276
2278
2281
2282
2284
2290
2292
2293
2294
2296
2301
2308
2311
2315
2319
2322
2323
2327
2328
2330
2331
2333
2334
2338
2341
2344
2348
2354
2355
2358
2359
2364
2365
2366
2367
2368
2369
2370
2371
2372
2376
2377
2379
2385
2386
2387
2388
2393
2394
2396
2398
2402
2403
2407
2408
2412
2418
2421
2422
2424
2425
2429
2430
2432
2434
2436
2437
2438
2440
2444
2446
2448
2450
2451
2452
2453
2455
2460
2462
2463
2464
2468
2472
2473
2477
2481
2486
2489
2491
2492
2493
2494
2495
2498
2499
2501
2502
2504
2507
2508
2509
2511
2513
2515
2516
2517
2518
2521
2523
2524
2525
2526
2528
2529
2531
2532
2535
2536
2537
2538
2539
2542
2543
2544
2545
2546
2547
2548
2549
2551
2552
2554
2556
2558
2559
2563
2566
2567
2568
2571
2572
2574
2576
2581
2582
2583
2585
2586
2587
2588
2590
2591
2592
2593
2594
2595
2598
2599
2600
2601
2602
2603
2604
2605
2606
2608
2609
2610
2613
2614
2615
2616
2619
2621
2622
2623
2624
2625
2626
2627
2628
2629
2633
2634
2636
2639
2640
2641
2642
2643
2644
2645
2646
2647
2648
2649
2650
2651
2652
2653
2656
2657
2658
2659
2660
2661
2662
2663
2664
2666
2667
2669
2670
2671
2673
2674
2675
2676
2677
2678
2679
2680
2681
2682
2683
2685
2687
2689
2690
2691
2692
2693
2694
2696
2698
2700
2702
2703
2707
2708
2709
2711
2713
2714
2715
2717
2718
2719
2720
2721
2722
2723
2724
2725
2727
2728
2729
2731
2732
2733
2734
2735
2737
2738
2739
2742
2743
2744
2746
2747
2748
2749
2750
2753
2754
2755
2756
2757
2758
2759
2760
2761
2763
2765
2766
2767
2769
2770
2771
2772
2773
2774
2775
2777
2778
2779
2780
2781
2782
2783
2784
2786
2787
2790
2792
2793
2795
2796
2797
2801
2802
2803
2806
2807
2808
2809
2810
2811
2813
2815
2816
2818
2819
2822
2823
2824
2825
2826
2827
2830
2832
2833
2835
2836
2837
2838
2839
2840
2843
2844
2845
2846
2847
2848
2850
2851
2852
2853
2854
2855
2856
2857
2859
2860
2861
2863
2864
2865
2868
2869
2871
2873
2874
2875
2876
2877
2878
2879
2882
2885
2890
2891
2893
2894
2896
2897
2898
2899
2900
2901
2902
2904
2905
2906
2907
2908
2910
2913
2914
2915
2916
2918
2920
2921
2926
2927
2933
2936
2937
2939
2940
2941
2942
2943
2945
2946
2947
2950
2952
2953
2954
2955
2957
2958
2960
2961
2962
2963
2964
2965
2967
2969
2970
2971
2973
2974
2976
2977
2978
2979
2982
2983
2984
2985
2986
2987
2988
2989
2992
2993
2994
2995
2997
2998
2999
3000
3003
3004
3006
3007
3008
3009
3010
3011
3013
3016
3021
3022
3024
3025
3027
3029
3030
3032
3033
3034
3035
3037
3040
3046
3049
3050
3051
3052
3053
3057
3058
3059
3060
3061
3062
3064
3065
3067
3069
3073
3075
3076
3077
3078
3083
3084
3086
3087
3088
3089
3090
3091
3092
3094
3095
3097
3099
3100
3101
3105
3107
3108
3110
3111
3115
3116
3121
3122
3123
3124
3126
3128
3130
3131
3132
3133
3134
3135
3139
3140
3142
3143
3144
3145
3146
3150
3151
3152
3153
3154
3156
3157
3158
3160
3161
3162
3163
3165
3166
3167
3168
3169
3170
3171
3172
3174
3176
3177
3179
3183
3184
3185
3186
3187
3188
3189
3190
3191
3192
3193
3197
3198
3199
3200
3202
3204
3205
3206
3207
3209
3210
3211
3212
3214
3215
3216
3217
3218
3219
3222
3223
3225
3227
3228
3232
3233
3235
3237
3242
3244
3245
3248
3250
3252
3253
3254
3255
3256
3257
3258
3261
3262
3264
3265
3268
3270
3271
3274
3275
3276
3277
3279
3281
3284
3285
3287
3289
3291
3292
3293
3296
3298
3301
3304
3305
3309
3310
3311
3312
3313
3314
3315
3316
3318
3319
3320
3321
3322
3324
3325
3328
3330
3331
3334
3336
3340
3341
3344
3346
3347
3348
3349
3350
3352
3354
3356
3358
3359
3360
3361
3363
3365
3368
3369
3370
3371
3372
3375
3376
3379
3380
3382
3383
3384
3385
3386
3388
3389
3390
3391
3395
3396
3398
3399
3401
3402
3403
3404
3408
3410
3412
3413
3416
3417
3418
3420
3421
3423
3426
3428
3429
3434
3435
3436
3439
3440
3441
3442
3443
3446
3450
3451
3452
3453
3454
3455
3456
3457
3458
3459
3460
3461
3462
3463
3464
3465
3466
3467
3468
3470
3473
3475
3476
3477
3478
3479
3480
3483
3484
3485
3487
3489
3493
3494
3496
3497
3498
3503
3504
3506
3507
3509
3511
3512
3514
3515
3516
3517
3522
3523
3524
3525
3526
3527
3529
3532
3533
3534
3536
3538
3539
3540
3543
3544
3545
3546
3548
3549
3550
3552
3553
3554
3556
3557
3558
3559
3560
3564
3565
3566
3567
3568
3569
3571
3572
3573
3574
3576
3577
3578
3579
3580
3581
3582
3583
3584
3585
3586
3589
3590
3591
3592
3593
3594
3595
3596
3597
3598
3599
3601
3602
3603
3604
3605
3606
3607
3608
3609
3610
3612
3613
3614
3616
3619
3620
3622
3623
3624
3625
3626
3628
3629
3630
3632
3633
3635
3638
3640
3641
3642
3644
3645
3646
3647
3648
3650
3651
3652
3656
3658
3660
3662
3663
3664
3666
3667
3668
3669
3672
3673
3676
3677
3679
3681
3682
3683
3687
3688
3689
3690
3691
3692
3693
3694
3695
3696
3697
3698
3699
3702
3703
3704
3705
3706
3707
3708
3709
3711
3712
3713
3714
3715
3716
3717
3718
3719
3720
3722
3725
3727
3729
3731
3732
3734
3735
3737
3738
3739
3740
3741
3742
3745
3746
3747
3748
3749
3751
3752
3753
3755
3756
3757
3758
3759
3760
3761
3762
3764
3766
3767
3769
3770
3771
3772
3773
3774
3778
3779
3780
3782
3783
3786
3789
3790
3791
3795
3799
3800
3801
3802
3803
3806
3809
3811
3813
3815
3817
3818
3821
3822
3824
3825
3826
3827
3828
3829
3830
3831
3833
3834
3835
3838
3839
3841
3842
3843
3847
3848
3852
3854
3856
3860
3863
3864
3865
3866
3867
3868
3869
3870
3871
3874
3880
3881
3882
3886
3887
3896
3897
3898
3899
3900
3901
3902
3905
3906
3907
3910
3911
3912
3913
3916
3917
3918
3919
3921
3922
3923
3924
3925
3926
3927
3929
3930
3931
3932
3935
3936
3937
3938
3939
3940
3941
3942
3943
3944
3945
3946
3947
3952
3953
3954
3955
3958
3961
3962
3963
3965
3967
3968
3975
3982
3983
3984
3988
3993
3994
3996
3997
3999
4000
4001
4005
4006
4008
4009
4010
4012
4013
4017
4018
4019
4020
4022
4023
4024
4027
4030
4032
4033
4034
4035
4036
4038
4039
4040
4046
4048
4049
4052
4053
4054
4055
4056
4057
4064
4065
4070
4071
4073
4074
4075
4076
4077
4078
4079
4080
4082
4084
4085
4086
4087
4089
4090
4096
4098
4101
4103
4104
4105
4107
4108
4109
4110
4111
4112
4116
4117
4118
4119
4120
4122
4125
4127
4129
4131
4132
4134
4136
4137
4139
4140
4141
4142
4143
4147
4148
4153
4154
4155
4156
4157
4159
4160
4161
4164
4165
4169
4170
4171
4172
4173
4175
4176
4178
4179
4180
4183
4184
4185
4188
4189
4191
4192
4194
4195
4197
4199
4200
4201
4203
4205
4206
4211
4212
4215
4217
4218
4219
4220
4222
4224
4225
4228
4230
4231
4232
4234
4237
4238
4240
4242
4244
4250
4251
4255
4256
4257
4258
4264
4265
4266
4267
4270
4271
4273
4274
4275
4276
4277
4278
4279
4280
4283
4285
4291
4293
4294
4295
4298
4299
4300
4301
4308
4309
4310
4311
4312
4313
4316
4321
4322
4323
4324
4325
4330
4332
4334
4336
4338
4340
4347
4348
4351
4352
4353
4356
4358
4359
4362
4364
4365
4366
4367
4369
4370
4371
4374
4378
4379
4380
4381
4382
4383
4384
4385
4387
4388
4389
4390
4391
4392
4393
4396
4398
4399
4402
4404
4405
4408
4410
4412
4413
4419
4420
4424
4425
4426
4427
4430
4434
4437
4438
4439
4441
4443
4444
4445
4446
4447
4451
4453
4455
4456
4457
4458
4460
4462
4467
4469
4470
4473
4474
4475
4477
4478
4479
4481
4482
4483
4485
4486
4487
4489
4490
4491
4492
4493
4494
4495
4496
4498
4499
4502
4506
4509
4511
4512
4514
4517
4518
4527
4528
4533
4535
4536
4539
4543
4544
4545
4546
4548
4549
4550
4559
4560
4561
4562
4566
4567
4569
4571
4572
4573
4574
4575
4576
4577
4581
4585
4593
4594
4595
4596
4597
4600
4601
4603
4604
4607
4609
4611
4614
4615
4618
4619
4625
4630
4632
4634
4635
4636
4641
4643
4644
4645
4646
4647
4651
4652
4655
4660
4663
4664
4666
4668
4670
4674
4675
4677
4678
4679
4684
4685
4688
4689
4690
4691
4693
4694
4699
4702
4703
4704
4705
4706
4707
4708
4709
4717
4720
4723
4724
4726
4727
4728
4732
4734
4742
4745
4746
4748
4754
4755
4756
4758
4759
4760
4763
4765
4766
4767
4768
4769
4770
4774
4776
4779
4781
4787
4788
4790
4794
4798
4801
4802
4803
4804
4805
4806
4809
4811
4812
4813
4814
4815
4816
4817
4821
4823
4825
4827
4830
4831
4833
4837
4838
4839
4840
4841
4843
4846
4847
4849
4851
4853
4856
4857
4861
4866
4868
4869
4871
4872
4874
4875
4876
4878
4879
4880
4881
4882
4883
4888
4889
4890
4894
4896
4898
4900
4903
4906
4907
4909
4910
4911
4912
4913
4915
4917
4918
4919
4920
4926
4927
4928
4931
4932
4935
4940
4941
4942
4943
4944
4946
4951
4953
4955
4957
4959
4960
4962
4967
4968
4972
4973
4975
4979
4980
4981
4984
4987
4992
4993
4994
4996
4997
4998
5007
5009
5011
5012
5014
5015
5016
5029
5030
5034
5036
5037
5038
5040
5041
5042
5043
5044
5045
5046
5048
5051
5052
5060
5061
5063
5064
5065
5067
5069
5070
5072
5074
5075
5078
5081
5082
5083
5084
5086
5088
5097
5099
5101
5102
5105
5106
5108
5109
5110
5111
5112
5114
5116
5118
5119
5120
5121
5124
5126
5130
5131
5133
5145
5147
5148
5149
5152
5153
5157
5158
5159
5160
5163
5164
5167
5168
5169
5170
5176
5177
5179
5182
5186
5188
5189
5190
5193
5196
5198
5199
5205
5214
5220
5222
5223
5226
5227
5229
5230
5231
5233
5234
5235
5236
5240
5241
5242
5243
5247
5248
5250
5251
5252
5254
5258
5261
5264
5265
5266
5268
5270
5272
5273
5280
5282
5285
5286
5287
5291
5292
5293
5294
5295
5297
5300
5302
5303
5306
5307
5309
5316
5319
5321
5323
5325
5326
5327
5328
5330
5331
5333
5334
5335
5336
5338
5352
5354
5356
5359
5360
5361
5364
5365
5369
5370
5373
5374
5376
5377
5379
5380
5381
5382
5387
5388
5390
5393
5394
5395
5396
5399
5400
5401
5408
5409
5413
5415
5417
5418
5419
5421
5425
5428
5429
5431
5432
5436
5437
5438
5441
5443
5447
5449
5450
5453
5458
5460
5461
5463
5464
5465
5466
5470
5471
5472
5475
5476
5477
5478
5479
5481
5484
5485
5486
5489
5490
5491
5493
5494
5496
5497
5499
5500
5502
5503
5504
5505
5506
5507
5508
5511
5512
5513
5514
5515
5519
5520
5521
5522
5524
5526
5528
5531
5532
5534
5535
5536
5540
5544
5545
5546
5547
5549
5550
5551
5552
5553
5554
5557
5560
5563
5564
5565
5566
5567
5571
5572
5573
5574
5575
5576
5577
5579
5580
5581
5583
5585
5587
5588
5589
5591
5592
5593
5596
5598
5599
5600
5601
5603
5605
5606
5610
5611
5612
5615
5618
5620
5621
5624
5625
5627
5629
5631
5632
5633
5634
5636
5638
5639
5640
5641
5642
5645
5648
5649
5650
5653
5654
5655
5656
5657
5658
5660
5662
5664
5673
5674
5675
5678
5679
5680
5681
5686
5688
5691
5692
5697
5700
5703
5704
5706
5708
5710
5712
5718
5719
5721
5722
5724
5726
5727
5728
5729
5730
5731
5732
5734
5736
5737
5738
5739
5743
5744
5745
5747
5748
5750
5751
5754
5755
5759
5760
5763
5764
5765
5768
5772
5773
5774
5776
5778
5779
5783
5784
5789
5790
5791
5792
5798
5799
5803
5804
5810
5811
5812
5813
5815
5816
5817
5825
5827
5828
5829
5833
5834
5836
5840
5842
5847
5848
5850
5853
5855
5856
5858
5859
5861
5867
5868
5869
5873
5875
5876
5880
5881
5882
5883
5884
5885
5886
5887
5888
5889
5891
5895
5896
5898
5903
5904
5908
5911
5912
5913
5917
5922
5923
5926
5927
5928
5930
5931
5933
5934
5936
5937
5942
5943
5945
5946
5947
5948
5949
5950
5952
5953
5954
5955
5956
5958
5959
5960
5961
5962
5966
5967
5968
5974
5977
5979
5980
5985
5987
5989
5991
5992
5993
5996
5997
5998
5999
6000
6006
6007
6009
6011
6015
6016
6017
6018
6019
6020
6022
6026
6027
6031
6033
6037
6038
6039
6040
6043
6044
6045
6048
6049
6050
6053
6056
6057
6060
6061
6062
6064
6067
6068
6069
6076
6077
6080
6081
6082
6086
6087
6089
6091
6093
6094
6098
6102
6103
6104
6106
6112
6113
6120
6121
6126
6127
6133
6134
6137
6138
6139
6140
6142
6143
6144
6145
6149
6150
6151
6157
6158
6159
6161
6162
6169
6170
6171
6172
6181
6182
6183
6184
6185
6186
6194
6195
6196
6204
6205
6206
6211
6212
6213
6214
6218
6219
6220
6221
6223
6225
6233
6234
6241
6242
6243
6245
6246
6250
6251
6252
6253
6254
6256
6261
6262
6263
6264
6265
6267
6268
6272
6273
6274
6275
6276
6277
6279
6282
6283
6285
6289
6291
6294
6295
6297
6298
6303
6304
6306
6308
6309
6310
6314
6317
6321
6323
6329
6331
6332
6337
6341
6342
6348
6349
6352
6353
6358
6361
6363
6365
6366
6367
6368
6371
6372
6377
6381
6383
6389
6390
6391
6392
6393
6397
6398
6400
6401
6410
6412
6413
6414
6415
6416
6418
6420
6421
6425
6426
6427
6432
6433
6435
6444
6447
6450
6455
6457
6458
6460
6461
6462
6463
6465
6466
6468
6469
6472
6479
6480
6481
6485
6488
6489
6491
6492
6493
6495
6496
6504
6507
6508
6513
6522
6523
6530
6531
6532
6536
6537
6540
6542
6544
6545
6546
6548
6549
6553
6555
6556
6559
6560
6561
6564
6565
6569
6574
6576
6579
6580
6581
6583
6584
6585
6586
6587
6588
6589
6591
6592
6594
6597
6600
6602
6604
6607
6609
6612
6613
6621
6624
6625
6626
6627
6628
6629
6631
6633
6634
6641
6643
6644
6645
6646
6649
6653
6654
6656
6658
6660
6661
6664
6671
6672
6673
6676
6679
6680
6683
6687
6689
6690
6696
6698
6701
6702
6703
6704
6705
6711
6712
6713
6714
6715
6718
6719
6720
6722
6723
6725
6726
6728
6729
6730
6731
6733
6734
6741
6742
6744
6747
6757
6761
6762
6765
6767
6771
6772
6773
6778
6779
6784
6787
6791
6792
6796
6799
6800
6801
6805
6807
6808
6809
6811
6812
6813
6814
6817
6818
6821
6833
6834
6835
6836
6839
6841
6844
6856
6857
6859
6863
6865
6868
6869
6871
6872
6877
6880
6881
6883
6884
6885
6889
6890
6891
6892
6893
6894
6903
6904
6906
6907
6910
6913
6914
6915
6918
6923
6924
6926
6927
6929
6932
6933
6934
6935
6936
6937
6938
6943
6944
6945
6948
6954
6955
6956
6957
6960
6962
6965
6967
6968
6970
6973
6977
6982
6989
6990
6991
6996
6998
7002
7004
7005
7008
7009
7010
7012
7016
7018
7020
7024
7030
7034
7035
7037
7038
7040
7044
7046
7047
7048
7049
7055
7060
7061
7064
7065
7068
7069
7072
7074
7075
7079
7080
7083
7085
7086
7089
7090
7091
7095
7097
7100
7111
7112
7116
7117
7125
7126
7127
7130
7131
7132
7133
7134
7135
7136
7137
7142
7148
7152
7153
7154
7155
7158
7161
7164
7166
7169
7173
7174
7175
7176
7177
7178
7185
7188
7193
7199
7201
7202
7203
7204
7205
7209
7210
7211
7220
7221
7222
7223
7224
7225
7226
7231
7232
7233
7234
7235
7236
7237
7241
7242
7243
7244
7245
7246
7248
7251
7254
7256
7257
7258
7260
7264
7268
7273
7279
7282
7284
7285
7286
7289
7290
7291
7293
7296
7298
7299
7300
7301
7302
7306
7314
7316
7317
7318
7322
7323
7324
7326
7335
7337
7340
7343
7349
7353
7358
7359
7360
7362
7366
7370
7371
7376
7378
7379
7382
7384
7385
7397
7400
7401
7402
7403
7406
7409
7418
7420
7424
7425
7427
7428
7430
7432
7439
7440
7444
7451
7454
7455
7457
7459
7461
7462
7463
7465
7466
7470
7472
7473
7475
7476
7477
7478
7480
7481
7483
7486
7487
7488
7489
7490
7491
7494
7496
7498
7503
7506
7507
7508
7512
7513
7514
7517
7519
7521
7528
7531
7532
7533
7538
7540
7543
7544
7547
7550
7551
7552
7554
7557
7558
7562
7564
7566
7567
7569
7571
7572
7573
7574
7576
7577
7578
7582
7583
7584
7588
7592
7593
7594
7595
7596
7598
7604
7606
7608
7609
7610
7611
7612
7614
7616
7618
7620
7624
7625
7626
7627
7629
7630
7631
7633
7634
7635
7636
7637
7638
7639
7640
7641
7643
7645
7649
7650
7651
7652
7654
7657
7661
7664
7666
7667
7672
7673
7674
7676
7677
7680
7683
7686
7689
7691
7694
7695
7696
7699
7700
7701
7702
7704
7705
7706
7707
7708
7709
7710
7712
7713
7714
7716
7718
7720
7722
7724
7725
7727
7728
7730
7732
7734
7735
7736
7739
7740
7742
7745
7746
7748
7749
7750
7752
7756
7757
7759
7760
7761
7764
7766
7767
7768
7769
7770
7774
7775
7776
7778
7779
7780
7782
7784
7787
7790
7791
7793
7794
7795
7797
7799
7803
7807
7810
7811
7812
7814
7815
7816
7818
7819
7820
7821
7825
7826
7827
7828
7829
7830
7832
7834
7835
7836
7837
7839
7841
7843
7845
7846
7849
7851
7852
7853
7854
7856
7858
7863
7865
7868
7869
7870
7872
7873
7874
7877
7878
7879
7880
7887
7888
7891
7892
7894
7896
7898
7899
7900
7903
7906
7907
7908
7909
7912
7913
7916
7921
7923
7925
7927
7930
7932
7933
7940
7944
7946
7947
7948
7950
7952
7955
7956
7960
7961
7962
7964
7966
7969
7971
7972
7976
7980
7981
7983
7985
7987
7993
7996
8000
8002
8004
8005
8007
8008
8010
8011
8012
8015
8017
8021
8033
8035
8038
8039
8040
8041
8042
8047
8049
8051
8052
8053
8054
8056
8057
8058
8060
8062
8063
8064
8065
8066
8067
8069
8070
8071
8072
8073
8074
8075
8077
8078
8080
8081
8083
8084
8086
8087
8088
8091
8092
8093
8099
8100
8102
8107
8110
8113
8115
8116
8118
8119
8124
8125
8126
8127
8129
8131
8135
8136
8137
8143
8145
8146
8147
8150
8154
8157
8159
8161
8162
8164
8174
8175
8183
8186
8189
8192
8194
8195
8198
8199
8200
8202
8204
8206
8211
8215
8218
8223
8229
8233
8236
8237
8239
8242
8244
8245
8247
8249
8259
8267
8268
8269
8270
8271
8272
8273
8274
8275
8276
8277
8278
8279
8281
8282
8283
8289
8291
8302
8304
8306
8307
8310
8312
8314
8316
8317
8319
8320
8326
8333
8335
8338
8343
8345
8347
8350
8352
8353
8354
8355
8356
8357
8358
8359
8360
8361
8362
8363
8364
8365
8366
8367
8368
8369
8371
8373
8374
8377
8379
8385
8386
8388
8390
8393
8394
8395
8397
8400
8401
8403
8404
8405
8406
8407
8412
8413
8417
8421
8423
8424
8426
8429
8431
8432
8433
8435
8437
8440
8441
8443
8448
8450
8451
8452
8453
8455
8458
8460
8461
8466
8467
8468
8469
8471
8472
8473
8480
8481
8485
8486
8488
8489
8491
8492
8493
8494
8497
8498
8499
8501
8505
8506
8508
8511
8516
8518
8521
8528
8529
8532
8544
8545
8549
8550
8559
8561
8564
8567
8568
8569
8571
8574
8576
8577
8578
8579
8580
8582
8583
8584
8587
8590
8591
8596
8599
8603
8605
8606
8608
8611
8612
8613
8614
8635
8640
8643
8646
8648
8651
8652
8657
8660
8667
8670
8673
8676
8679
8682
8687
8690
8699
8702
8711
8714
8732
8733
8736
8737
8739
8742
8744
8745
8746
8748
8754
8755
8760
8761
8764
8769
8775
8780
8781
8783
8784
8785
8786
8787
8789
8790
8791
8792
8796
8801
8802
8804
8806
8808
8811
8814
8816
8818
8820
8824
8825
8826
8827
8828
8829
8830
8834
8837
8840
8841
8842
8846
8847
8848
8849
8852
8855
8856
8857
8858
8859
8865
8868
8869
8871
8873
8876
8877
8882
8884
8885
8889
8890
8895
8896
8897
8903
8905
8909
8910
8917
8920
8921
8922
8923
8924
8927
8928
8930
8938
8939
8944
8945
8947
8951
8954
8955
8958
8961
8965
8968
8970
8972
8973
8974
8976
8980
8981
8988
8989
8997
9002
9003
9004
9005
9006
9007
9008
9009
9011
9012
9013
9014
9015
9018
9019
9021
9025
9031
9035
9036
9038
9039
9040
9044
9045
9049
9052
9054
9056
9058
9060
9061
9064
9066
9069
9072
9076
9077
9078
9079
9080
9081
9083
9085
9086
9089
9090
9091
9092
9094
9095
9096
9099
9104
9105
9108
9109
9111
9112
9120
9121
9124
9125
9126
9127
9128
9129
9131
9135
9137
9138
9139
9140
9141
9142
9143
9146
9148
9150
9151
9154
9155
9157
9158
9170
9172
9173
9174
9177
9178
9179
9180
9188
9190
9191
9194
9196
9197
9199
9202
9203
9204
9207
9208
9210
9222
9224
9225
9227
9228
9229
9231
9232
9233
9236
9239
9240
9241
9245
9246
9249
9253
9255
9257
9259
9263
9271
9272
9274
9275
9282
9286
9287
9288
9295
9298
9307
9310
9312
9315
9316
9317
9318
9325
9326
9334
9335
9337
9338
9340
9348
9350
9351
9352
9353
9365
9369
9374
9378
9380
9385
9392
9396
9399
9401
9404
9417
9418
9423
9429
9435
9438
9439
9441
9442
9443
9445
9446
9447
9448
9450
9459
9461
9471
9473
9476
9477
9478
9479
9481
9485
9487
9488
9489
9490
9491
9494
9496
9498
9499
9500
9501
9507
9510
9512
9517
9519
9521
9525
9526
9527
9529
9531
9541
9543
9545
9548
9549
9550
9551
9552
9553
9556
9558
9559
9560
9563
9565
9567
9568
9569
9570
9571
9572
9573
9574
9575
9576
9578
9579
9581
9585
9588
9590
9592
9593
9594
9595
9597
9600
9607
9610
9613
9616
9618
9620
9621
9622
9623
9625
9626
9627
9629
9630
9637
9639
9645
9650
9652
9653
9656
9660
9662
9663
9665
9666
9667
9670
9671
9672
9674
9676
9679
9681
9682
9683
9684
9686
9687
9691
9693
9694
9695
9698
9699
9702
9703
9708
9709
9712
9713
9714
9715
9720
9721
9730
9735
9744
9748
9749
9751
9752
9753
9757
9758
9759
9766
9776
9779
9787
9788
9794
9798
9801
9802
9805
9808
9809
9810
9812
9815
9816
9817
9818
9820
9824
9829
9830
9832
9833
9834
9835
9836
9839
9840
9841
9844
9846
9847
9850
9857
9859
9861
9868
9870
9872
9884
9886
9888
9899
9900
9902
9907
9908
9909
9915
9916
9919
9920
9921
9922
9934
9940
9949
9953
9960
9970
9973
9980
9987
9988
9989
9990
9993
9994
9995
10010
10017
10019
10023
10024
10029
10031
10032
10033
10034
10037
10040
10044
10048
10050
10052
10061
10062
10063
10064
10065
10066
10067
10073
10074
10079
10085
10088
10089
10091
10094
10099
10118
10123
10125
10127
10131
10132
10139
10144
10147
10151
10161
10164
10173
10180
10181
10188
10189
10190
10191
10192
10193
10195
10201
10202
10205
10208
10210
10215
10222
10227
10230
10232
10234
10240
10241
10242
10243
10244
10252
10257
10258
10264
10266
10270
10274
10275
10276
10279
10283
10287
10290
10293
10299
10301
10303
10306
10307
10311
10316
10317
10324
10326
10332
10333
10334
10337
10339
10342
10344
10345
10346
10348
10349
10351
10352
10353
10354
10355
10358
10359
10363
10365
10382
10384
10387
10389
10390
10392
10395
10398
10400
10404
10413
10420
10431
10435
10443
10446
10447
10458
10468
10469
10470
10473
10479
10482
10483
10485
10486
10491
10494
10495
10501
10503
10509
10513
10514
10518
10523
10533
10537
10542
10543
10546
10548
10550
10561
10562
10565
10567
10570
10571
10575
10576
10583
10585
10588
10591
10593
10595
10605
10607
10609
10610
10613
10615
10625
10627
10628
10630
10631
10633
10639
10640
10641
10644
10649
10652
10654
10655
10658
10664
10673
10675
10681
10682
10686
10688
10691
10693
10695
10698
10699
10701
10704
10710
10716
10717
10724
10727
10728
10730
10731
10734
10735
10737
10741
10742
10743
10751
10753
10754
10755
10758
10759
10761
10762
10763
10764
10769
10771
10773
10775
10777
10779
10780
10781
10784
10785
10786
10788
10792
10793
10795
10796
10798
10801
10803
10804
10806
10808
10814
10815
10816
10823
10824
10827
10828
10829
10836
10838
10839
10847
10853
10855
10856
10857
10860
10864
10865
10868
10869
10872
10881
10889
10892
10897
10898
10901
10903
10909
10912
10913
10914
10915
10916
10917
10918
10920
10921
10933
10936
10937
10939
10940
10941
10942
10945
10947
10950
10951
10956
10958
10964
10965
10966
10969
10978
10988
10995
11000
11008
11009
11010
11011
11014
11015
11017
11022
11025
11029
11036
11040
11041
11050
11060
11061
11064
11065
11066
11067
11072
11074
11081
11086
11087
11092
11101
11102
11103
11106
11111
11116
11120
11123
11125
11126
11127
11141
11143
11144
11147
11148
11153
11154
11157
11159
11160
11164
11165
11169
11170
11182
11194
11195
11204
11206
11208
11210
11218
11243
11248
11249
11250
11251
11256
11257
11267
11281
11284
11287
11299
11306
11307
11314
11322
11323
11331
11334
11339
11345
11351
11352
11367
11376
11377
11379
11387
11394
11395
11398
11401
11404
11409
11410
11412
11417
11418
11425
11426
11427
11428
11430
11432
11439
11444
11450
11454
11455
11456
11460
11464
11469
11490
11494
11496
11497
11500
11502
11507
11508
11509
11512
11520
11524
11526
11528
11529
11533
11536
11540
11541
11543
11546
11549
11552
11553
11558
11561
11563
11564
11565
11566
11568
11569
11570
11571
11572
11573
11574
11578
11587
11589
11590
11597
11601
11605
11610
11612
11619
11621
11630
11632
11636
11639
11640
11641
11643
11678
11679
11685
11690
11700
11704
11706
11734
11742
11747
11751
11782
11792
11798
11799
11800
11808
11817
11837
11842
11851
11856
11863
11873
11883
11886
11890
11896
11904
11906
11908
11911
11914
11922
11923
11927
11928
11944
11951
11952
11957
11961
11963
11978
11980
11983
11994
12002
12003
12008
12038
12042
12044
12048
12052
12057
12060
12062
12068
12077
12079
12080
12083
12084
12086
12090
12100
12104
12111
12117
12118
12123
12129
12135
12136
12139
12140
12142
12146
12147
12148
12153
12154
12157
12158
12161
12162
12164
12165
12167
12170
12172
12173
12177
12181
12182
12190
12194
12196
12199
12203
12206
12209
12210
12213
12214
12219
12225
12229
12230
12231
12234
12236
12239
12240
12241
12242
12243
12246
12247
12251
12253
12254
12260
12263
12271
12273
12280
12287
12290
12291
12296
12314
12315
12316
12321
12322
12325
12328
12332
12341
12344
12345
12346
12355
12356
12358
12366
12374
12376
12384
12385
12386
12390
12395
12399
12406
12413
12434
12435
12449
12459
12461
12470
12490
12514
12517
12530
12531
12533
12538
12541
12542
12548
12568
12571
12578
12579
12584
12585
12586
12587
12591
12593
12600
12621
12622
12624
12636
12641
12649
12650
12651
12653
12654
12657
12664
12665
12666
12667
12668
12669
12670
12671
12672
12673
12674
12675
12676
12677
12678
12679
12680
12681
12682
12683
12684
12685
12686
12687
12688
12689
12690
12691
12692
12693
12694
12695
12696
12697
12698
12699
12702
12705
12707
12723
12726
12727
12728
12733
12736
12737
12743
12748
12753
12759
12761
12774
12781
12787
12788
12798
12800
12804
12806
12810
12817
12820
12832
12833
12839
12840
12843
12850
12855
12868
12870
12873
12876
12877
12898
12907
12910
12914
12917
12919
12921
12947
12960
12965
12970
12972
12977
12986
12992
12996
12998
12999
13001
13011
13019
13024
13026
13028
13037
13039
13057
13059
13061
13066
13068
13074
13101
13103
13104
13106
13108
13117
13119
13125
13129
13141
13143
13153
13155
13158
13170
13171
13181
13193
13195
13202
13205
13209
13224
13227
13229
13233
13239
13242
13244
13265
13267
13268
13281
13291
13293
13306
13308
13313
13317
13318
13326
13331
13337
13339
13349
13351
13366
13368
13390
13398
13402
13419
13421
13426
13431
13434
13448
13450
13453
13455
13462
13493
13496
13500
13503
13511
13512
13514
13517
13525
13527
13538
13545
13554
13562
13564
13567
13572
13576
13577
13578
13581
13585
13590
13596
13599
13600
13601
13611
13612
13629
13630
13647
13650
13658
13659
13663
13668
13688
13691
13701
13703
13706
13708
13713
13717
13718
13725
13726
13734
13735
13739
13741
13742
13754
13762
13773
13776
13777
13783
13789
13791
13792
13793
13796
13804
13812
13813
13821
13824
13854
13870
13879
13891
13892
13893
13897
13899
13909
13910
13913
13927
13938
13941
13942
13943
13981
13984
13997
14000
14021
14023
14044
14047
14052
14079
14117
14123
14132
14133
14138
14143
14148
14151
14159
14174
14182
14186
14192
14201
14202
14203
14204
14205
14245
14254
14260
14272
14280
14281
14282
14284
14304
14312
14313
14315
14335
14337
14342
14351
14354
14361
14362
14383
14396
14400
14410
14413
14427
14460
14468
14474
14483
14484
14490
14494
14499
14501
14503
14522
14526
14527
14529
14533
14538
14539
14541
14543
14552
14556
14557
14566
14573
14581
14582
14587
14589
14594
14596
14600
14610
14615
14618
14634
14645
14646
14653
14654
14657
14658
14659
14662
14663
14664
14665
14666
14671
14676
14677
14678
14700
14702
14705
14714
14717
14718
14720
14726
14727
14747
14765
14766
14768
14776
14780
14792
14803
14808
14832
14841
14854
14858
14868
14872
14874
14878
14883
14884
14889
14893
14901
14915
14929
14933
14942
14968
14973
14974
14977
14983
14990
15000
15005
15020
15031
15045
15047
15051
15066
15067
15072
15082
15085
15086
15089
15097
15108
15117
15124
15135
15140
15141
15153
15172
15180
15187
15191
15216
15218
15219
15226
15234
15236
15238
15239
15243
15249
15257
15262
15276
15278
15287
15295
15298
15303
15321
15322
15323
15329
15344
15350
15351
15369
15371
15377
15384
15388
15403
15415
15424
15428
15430
15443
15444
15455
15462
15483
15492
15514
15515
15516
15517
15518
15530
15539
15540
15548
15557
15558
15576
15580
15591
15593
15610
15621
15627
15632
15639
15640
15642
15657
15663
15668
15670
15671
15672
15673
15674
15675
15676
15677
15678
15679
15680
15681
15682
15683
15684
15709
15714
15739
15741
15742
15764
15765
15766
15777
15782
15825
15847
15851
15854
15881
15885
15894
15901
15903
15906
15913
15914
15915
15916
15917
15918
15919
15920
15921
15922
15929
15939
15954
15956
15966
15988
16008
16012
16019
16041
16042
16043
16056
16057
16060
16062
16063
16078
16085
16089
16112
16115
16117
16118
16141
16147
16151
16152
16153
16156
16170
16185
16193
16201
16206
16227
16241
16257
16259
16264
16276
16333
16344
16351
16356
16357
16362
16386
16395
16402
16405
16408
16410
16421
16427
16434
16437
16439
16450
16474
16482
16488
16494
16496
16498
16504
16517
16523
16524
16525
16539
16542
16561
16562
16567
16570
16580
16583
16596
16605
16607
16609
16612
16626
16630
16633
16636
16656
16659
16662
16704
16705
16724
16733
16739
16740
16743
16751
16754
16769
16791
16792
16795
16796
16804
16814
16828
16830
16832
16840
16841
16842
16843
16844
16845
16846
16847
16848
16849
16850
16851
16852
16853
16854
16855
16856
16857
16858
16859
16860
16861
16862
16863
16864
16865
16866
16867
16868
16869
16870
16871
16872
16873
16874
16875
16876
16877
16878
16879
16880
16881
16882
16883
16884
16885
16886
16887
16888
16889
16890
16891
16892
16893
16894
16895
16896
16897
16898
16899
16900
16901
16902
16903
16904
16905
16906
16907
16908
16909
16910
16911
16912
16913
16914
16915
16916
16917
16918
16919
16920
16921
16922
16923
16924
16925
16926
16927
16928
16929
16930
16931
16932
16933
16934
16935
16936
16937
16938
16939
16940
16941
16942
16943
16944
16945
16946
16947
16948
16949
16950
16951
16952
16953
16954
16955
16956
16957
16958
16959
16960
16961
16962
16963
16964
16965
16966
16967
16968
16969
16970
16971
16972
16973
16974
16975
16976
16977
16978
16979
16980
16981
16982
16983
16984
16985
16986
16987
16988
16989
16990
16991
16992
16993
16994
16995
16996
16997
16998
16999
17000
17001
17002
17003
17004
17005
17006
17007
17008
17009
17010
17011
17012
17013
17014
17015
17016
17017
17018
17019
17020
17021
17022
17023
17024
17025
17026
17027
17028
17029
17030
17031
17032
17033
17034
17035
17036
17037
17038
17039
17040
17041
17042
17043
17044
17045
17046
17047
17048
17049
17050
17051
17052
17053
17054
17055
17056
17057
17058
17059
17060
17061
17062
17063
17064
17065
17066
17067
17068
17069
17070
17071
17072
17073
17074
17075
17076
17077
17078
17079
17080
17081
17082
17083
17084
17085
17097
17122
17133
17134
17144
17155
17256
17257
17267
17271
17272
17275
17276
17278
17282
17285
17286
17300
17306
17307
17313
17320
17321
17366
17425
17430
17440
17467
17471
17490
17493
17515
17518
17558
17559
17575
17576
17581
17598
17628
17629
17630
17631
17632
17633
17661
17787
17801
17820
17821
17824
17858
17887
17931
17934
17945
17968
17972
17988
18013
18052
18071
18104
18105
18106
18107
18108
18109
18110
18111
18112
18113
18114
18115
18116
18117
18118
18119
18120
18121
18122
18123
18124
18125
18126
18127
18128
18129
18130
18131
18132
18133
18134
18135
18136
18137
18138
18139
18140
18141
18142
18143
18144
18145
18146
18156
18165
18181
18182
18189
18196
18210
18211
18212
18213
18214
18215
18216
18217
18218
18219
18220
18221
18222
18223
18224
18225
18226
18227
18228
18229
18230
18275
18328
18351
18396
18416
18423
18514
18518
18526
18552
18553
18556
18563
18933
19036
19191
19198
19225
19226
19227
19228
19229
19230
19292
19296
19384
19441
