9
26
72
101
119
121
123
130
162
168
177
179
207
215
321
341
388
480
484
488
516
521
553
587
630
631
701
721
736
752
835
883
948
952
983
1004
1156
1190
1199
1238
1243
1312
1480
1572
1576
1694
1774
1811
1876
1939
1947
2009
2076
2114
2190
2293
2365
2434
2453
2482
2549
2581
2622
2649
2688
2726
2775
2780
2795
2805
2807
2860
2868
2905
2945
3029
3051
3058
3091
3106
3128
3142
3194
3206
3232
3253
3263
3264
3375
3377
3383
3405
3459
3470
3487
3539
3581
3632
3639
3644
3647
3689
3709
3737
3756
3777
3801
3834
3866
3868
3947
3955
4014
4043
4128
4153
4179
4269
4323
4364
4630
4671
4710
4723
4760
4812
4917
4920
4938
4988
4997
5222
5224
5235
5290
5301
5351
5361
5428
5432
5508
5517
5529
5546
5596
5640
5728
5751
5840
5884
5975
6023
6053
6143
6213
6272
6278
6304
6306
6373
6403
6440
6599
6602
6612
6777
6791
6836
6859
7044
7089
7141
7211
7290
7439
7444
7461
7480
7532
7550
7555
7620
7683
7717
7790
7807
7917
7946
8007
8069
8074
8143
8161
8170
8414
8463
8599
8605
8613
8655
8820
8902
8917
8982
8992
9008
9066
9203
9251
9271
9421
9476
9499
9560
9802
9847
9900
9980
9994
10063
10218
10237
10309
10561
10562
10664
10815
10892
10960
10964
11041
11157
11182
11358
11417
11422
11508
11522
11873
12199
12247
12358
12439
12622
12677
12965
13088
13419
13496
13517
13544
13599
13877
14337
14383
14590
14665
14860
15005
15287
15318
15603
15767
15927
16113
16296
16545
16763
17097
17263
17438
17813
18167
18329
18592
18921
