7
8
15
17
18
19
24
39
41
42
47
50
53
54
58
60
62
68
70
73
77
81
89
91
92
94
99
100
101
103
106
107
110
115
123
125
126
128
140
141
142
145
146
147
149
150
157
163
173
178
180
183
186
191
206
207
215
217
219
228
229
236
237
240
241
247
254
259
262
264
270
275
287
288
295
296
300
303
308
312
313
317
321
322
329
335
340
347
349
350
353
363
366
387
389
394
399
419
423
426
427
428
431
432
435
439
442
445
449
451
452
454
458
464
471
473
475
477
510
513
514
519
521
525
526
548
553
554
555
565
567
572
595
596
604
611
623
625
636
637
645
650
653
658
664
670
673
682
685
700
702
703
707
708
721
734
735
736
737
739
750
753
754
758
763
773
780
781
785
787
789
800
801
805
806
811
817
825
827
830
831
837
839
845
848
850
856
859
860
864
868
876
882
883
884
888
918
920
921
944
950
955
967
974
976
982
991
994
1011
1013
1025
1028
1029
1030
1034
1038
1040
1043
1055
1062
1074
1077
1082
1085
1086
1097
1103
1104
1105
1109
1122
1123
1147
1156
1158
1161
1162
1179
1181
1188
1189
1191
1200
1213
1220
1245
1246
1258
1265
1269
1277
1286
1292
1312
1316
1328
1329
1345
1350
1354
1356
1365
1370
1384
1389
1393
1403
1410
1435
1443
1447
1450
1451
1457
1463
1466
1468
1474
1479
1485
1497
1524
1536
1541
1544
1549
1554
1567
1570
1576
1581
1592
1596
1610
1622
1629
1633
1641
1644
1647
1657
1660
1668
1673
1679
1688
1693
1697
1705
1729
1731
1739
1744
1755
1760
1772
1774
1789
1792
1798
1808
1810
1821
1853
1857
1860
1870
1871
1909
1925
1931
1939
1943
1947
1956
1959
1967
1972
1977
1982
1989
1991
2004
2009
2015
2016
2021
2027
2028
2029
2036
2037
2041
2043
2044
2048
2049
2052
2060
2070
2076
2088
2096
2099
2110
2113
2124
2146
2150
2159
2165
2167
2168
2176
2209
2238
2246
2252
2254
2268
2284
2290
2292
2293
2294
2300
2303
2311
2320
2321
2337
2338
2354
2359
2363
2364
2368
2376
2393
2398
2418
2425
2432
2436
2446
2464
2469
2505
2516
2518
2519
2521
2523
2526
2530
2543
2544
2548
2552
2556
2558
2559
2568
2582
2583
2587
2602
2603
2610
2615
2623
2640
2643
2644
2645
2646
2647
2648
2649
2656
2657
2662
2663
2665
2667
2669
2670
2671
2676
2678
2679
2691
2697
2703
2710
2724
2728
2734
2742
2747
2754
2759
2762
2771
2775
2779
2781
2784
2788
2792
2799
2802
2807
2816
2830
2832
2833
2837
2840
2843
2844
2848
2876
2879
2885
2893
2903
2907
2918
2931
2933
2939
2941
2949
2950
2954
2970
2971
2976
2988
2997
3004
3007
3009
3010
3028
3029
3033
3050
3068
3078
3083
3088
3089
3092
3096
3097
3098
3116
3123
3126
3130
3139
3144
3151
3153
3156
3157
3161
3165
3168
3169
3185
3187
3198
3205
3213
3215
3228
3232
3242
3244
3248
3264
3275
3279
3287
3308
3315
3317
3322
3330
3331
3336
3337
3340
3341
3343
3354
3357
3359
3376
3383
3384
3388
3398
3403
3431
3437
3450
3461
3462
3463
3466
3474
3476
3477
3483
3487
3490
3492
3504
3515
3516
3517
3519
3523
3524
3527
3529
3531
3536
3539
3545
3547
3549
3551
3553
3554
3556
3557
3562
3565
3567
3568
3573
3580
3581
3582
3583
3595
3597
3598
3604
3607
3610
3612
3620
3623
3624
3628
3632
3648
3651
3658
3683
3689
3699
3701
3703
3708
3709
3713
3718
3727
3734
3744
3746
3752
3756
3757
3759
3760
3763
3764
3766
3767
3772
3785
3789
3792
3801
3804
3820
3822
3829
3844
3845
3855
3866
3868
3879
3886
3891
3897
3901
3911
3921
3927
3946
3949
3961
3963
3969
3970
3981
3983
4001
4006
4008
4022
4023
4032
4033
4036
4038
4044
4071
4077
4079
4087
4101
4103
4111
4112
4118
4119
4120
4128
4129
4131
4145
4146
4147
4153
4158
4160
4165
4175
4179
4184
4215
4217
4229
4230
4243
4245
4250
4252
4253
4262
4274
4293
4303
4311
4319
4323
4331
4340
4347
4349
4370
4373
4375
4389
4407
4415
4418
4421
4425
4427
4438
4441
4445
4454
4456
4470
4481
4491
4502
4506
4508
4513
4527
4542
4544
4546
4549
4553
4555
4559
4562
4569
4582
4584
4599
4603
4616
4618
4635
4636
4649
4661
4663
4664
4673
4677
4679
4691
4695
4701
4708
4710
4716
4725
4726
4734
4751
4753
4765
4766
4770
4776
4787
4788
4790
4802
4814
4816
4817
4821
4830
4833
4839
4843
4846
4861
4862
4864
4868
4869
4870
4871
4887
4894
4900
4903
4909
4912
4913
4916
4946
4971
4979
4996
5011
5036
5051
5063
5072
5074
5075
5082
5084
5134
5145
5146
5153
5158
5184
5198
5215
5222
5244
5254
5261
5273
5275
5290
5301
5309
5326
5341
5345
5352
5356
5369
5376
5382
5388
5424
5425
5436
5441
5449
5458
5460
5466
5476
5477
5479
5481
5491
5493
5504
5513
5516
5521
5523
5528
5536
5544
5550
5551
5560
5564
5565
5571
5577
5590
5621
5625
5631
5639
5640
5647
5649
5651
5668
5681
5685
5697
5706
5709
5712
5716
5747
5748
5751
5755
5758
5759
5763
5766
5773
5776
5778
5780
5792
5793
5804
5806
5817
5829
5834
5836
5837
5840
5867
5876
5882
5923
5929
5931
5947
5950
5952
5966
5981
5996
5997
5999
6000
6019
6031
6039
6057
6076
6085
6089
6093
6103
6108
6122
6134
6140
6158
6216
6219
6233
6253
6254
6270
6286
6291
6293
6321
6344
6350
6351
6353
6360
6371
6373
6391
6392
6401
6410
6414
6416
6419
6424
6447
6462
6464
6466
6480
6488
6500
6509
6522
6531
6544
6556
6561
6564
6565
6584
6626
6653
6675
6687
6690
6698
6713
6729
6761
6765
6772
6790
6792
6800
6807
6840
6857
6859
6869
6870
6880
6884
6885
6897
6898
6906
6922
6924
6926
6936
6948
6954
6956
6964
6965
7002
7004
7005
7036
7042
7049
7052
7065
7067
7074
7077
7078
7086
7102
7108
7123
7125
7132
7148
7164
7176
7178
7208
7209
7215
7223
7226
7235
7238
7242
7254
7256
7276
7282
7358
7360
7363
7366
7385
7391
7393
7406
7409
7427
7461
7470
7483
7501
7503
7504
7517
7532
7535
7544
7554
7557
7562
7563
7573
7578
7583
7589
7592
7593
7599
7608
7626
7630
7637
7641
7648
7654
7661
7676
7684
7694
7695
7700
7701
7707
7719
7727
7729
7730
7735
7746
7758
7759
7761
7762
7776
7781
7787
7807
7820
7822
7825
7828
7829
7856
7857
7862
7867
7874
7877
7878
7880
7887
7891
7893
7894
7910
7915
7917
7918
7934
7940
7946
7954
7961
7964
7971
7972
7980
7993
8006
8014
8051
8062
8065
8074
8078
8086
8087
8093
8100
8104
8107
8120
8144
8161
8170
8180
8194
8195
8209
8215
8228
8229
8230
8234
8252
8276
8282
8291
8295
8314
8317
8320
8330
8343
8348
8349
8354
8357
8364
8369
8395
8407
8428
8431
8434
8472
8481
8486
8500
8514
8522
8568
8576
8578
8580
8590
8591
8594
8603
8607
8619
8655
8667
8705
8706
8714
8723
8732
8733
8771
8775
8785
8787
8797
8799
8822
8835
8843
8849
8860
8862
8865
8874
8896
8917
8926
8929
8943
8944
8949
8965
8970
8973
8982
8983
9005
9008
9049
9053
9063
9066
9080
9090
9096
9097
9109
9113
9148
9149
9193
9198
9199
9204
9207
9208
9212
9236
9239
9250
9265
9269
9277
9278
9280
9281
9283
9284
9291
9295
9314
9330
9339
9352
9383
9394
9398
9415
9416
9417
9421
9429
9435
9438
9449
9476
9479
9481
9484
9520
9527
9548
9551
9555
9562
9567
9568
9607
9609
9632
9644
9649
9654
9669
9684
9695
9717
9722
9731
9750
9755
9761
9791
9798
9813
9821
9823
9829
9833
9847
9860
9886
9896
9902
9903
9964
9994
10029
10044
10048
10063
10065
10154
10157
10171
10195
10235
10237
10245
10269
10288
10322
10323
10336
10358
10361
10365
10388
10428
10434
10445
10447
10474
10480
10490
10513
10560
10562
10600
10667
10672
10692
10722
10723
10728
10733
10743
10761
10773
10774
10782
10784
10785
10791
10830
10834
10847
10879
10892
10893
10900
10927
10942
10945
11082
11087
11090
11125
11126
11134
11140
11145
11146
11157
11166
11182
11194
11259
11285
11323
11379
11404
11405
11414
11500
11533
11545
11582
11619
11634
11639
11640
11648
11660
11714
11723
11724
11780
11826
11939
11941
11980
12007
12046
12062
12069
12079
12104
12123
12140
12150
12178
12179
12193
12195
12199
12210
12243
12246
12247
12288
12296
12297
12325
12328
12358
12359
12373
12385
12387
12415
12445
12506
12515
12521
12562
12676
12683
12687
12710
12716
12798
12876
12891
12892
13012
13017
13035
13133
13137
13151
13227
13253
13275
13291
13304
13313
13314
13324
13382
13418
13441
13517
13527
13562
13609
13650
13663
13681
13684
13688
13746
13793
13848
13869
13904
13917
13926
13964
13989
14000
14003
14014
14042
14133
14168
14337
14344
14383
14400
14404
14490
14585
14614
14638
14646
14655
14659
14720
14723
14752
14764
14777
14783
14785
14793
14812
14829
14831
14838
14904
14945
14957
14983
15007
15015
15095
15110
15135
15159
15195
15277
15310
15340
15435
15436
15455
15478
15507
15533
15540
15599
15666
15668
15709
15767
15783
15854
15914
15970
15991
16035
16085
16089
16099
16112
16153
16173
16181
16185
16201
16227
16377
16394
16489
16499
16500
16504
16516
16529
16542
16568
16609
16713
16792
16805
17122
17221
17254
17292
17310
17423
17539
17548
17575
17661
17795
17816
17820
17890
17942
17974
17988
18057
18062
18065
18068
18071
18077
18082
18104
18113
18115
18124
18130
18133
18135
18151
18161
18182
18198
18209
18210
18211
18212
18213
18215
18224
18230
18326
18379
18413
18469
18481
18487
18518
18520
18605
18607
18615
18629
18765
18927
18935
18984
19131
19133
19140
19150
19356
19554
19673
