7
11
16
23
54
58
60
64
67
68
69
83
97
106
119
130
137
138
155
181
207
210
232
237
262
297
303
323
370
377
379
381
399
402
427
459
482
495
513
555
559
569
619
628
638
640
673
678
698
737
753
755
759
762
765
790
793
796
806
864
872
878
879
884
923
954
980
992
1001
1024
1025
1043
1077
1085
1123
1141
1165
1169
1209
1242
1362
1399
1468
1485
1503
1507
1627
1633
1644
1713
1772
1795
1811
1812
1872
1920
1972
1996
2027
2038
2055
2099
2124
2148
2157
2165
2168
2276
2300
2366
2403
2450
2453
2463
2477
2539
2567
2582
2595
2644
2680
2681
2682
2702
2714
2717
2747
2758
2759
2792
2828
2848
2852
2864
2899
2902
2930
2945
2950
2965
2989
3015
3031
3044
3065
3084
3127
3169
3232
3250
3267
3270
3295
3298
3317
3340
3346
3347
3378
3412
3453
3461
3462
3473
3476
3489
3509
3525
3533
3556
3565
3570
3573
3591
3604
3655
3675
3686
3697
3702
3714
3729
3730
3731
3767
3818
3823
3836
3886
3887
3898
3912
3922
3923
4012
4030
4059
4087
4090
4111
4121
4146
4170
4182
4184
4217
4228
4234
4340
4389
4453
4470
4495
4546
4549
4566
4630
4709
4724
4816
4841
4912
4914
4943
4976
4979
4988
5011
5040
5056
5065
5075
5099
5134
5148
5177
5191
5227
5275
5291
5316
5359
5464
5470
5473
5476
5489
5519
5521
5546
5710
5730
5734
5760
5764
5804
5860
5987
5995
6052
6073
6093
6103
6123
6149
6161
6217
6233
6249
6272
6291
6373
6399
6415
6704
6807
6834
6844
6886
6965
7046
7093
7103
7126
7135
7136
7141
7222
7229
7450
7451
7469
7513
7538
7588
7605
7624
7641
7761
7770
7774
7819
7852
7886
7933
7980
7999
8007
8078
8087
8120
8354
8365
8368
8463
8481
8635
8648
8770
8808
8835
8847
8882
8917
8923
9066
9086
9109
9110
9239
9244
9248
9250
9366
9384
9535
9545
9557
9629
9681
9694
9711
9717
9752
9768
9800
9878
9949
9953
10032
10096
10181
10218
10359
10375
10664
10670
10771
10782
10788
10799
10853
10881
11021
11115
11170
11356
11371
11464
11619
11781
11928
12149
12234
12252
12253
12271
12738
12907
12914
13041
13061
13295
13360
13368
13415
13617
13687
13980
14038
14065
14654
14714
14780
14829
14890
15071
15135
15179
15229
15552
15627
15650
15865
15911
15981
16101
16152
16784
17153
17253
17255
17265
17325
18106
18108
18109
18131
18142
18143
18181
18187
18192
18203
18728
18839
18968
19225
