0
5
7
8
9
13
14
17
20
23
24
26
28
29
35
39
41
48
52
54
55
56
58
62
63
67
73
74
75
77
83
86
87
88
90
93
97
98
99
100
101
106
107
108
109
112
118
119
123
124
125
127
128
129
130
131
134
136
138
141
142
143
147
151
156
157
170
172
175
183
188
200
203
205
206
207
208
209
210
215
220
221
222
224
229
230
233
236
241
242
243
252
254
260
267
268
277
278
279
280
285
287
288
289
293
296
297
299
300
303
304
305
307
308
313
314
320
321
322
323
329
341
342
344
347
349
350
351
352
354
370
379
383
403
419
421
423
424
425
426
427
428
430
431
432
436
438
439
441
445
454
463
464
481
482
484
494
501
504
511
513
516
520
528
532
535
536
537
538
540
541
542
546
548
553
554
555
558
559
563
569
576
579
592
596
597
599
607
616
628
636
645
656
658
663
664
665
666
670
673
674
675
680
684
692
706
710
719
720
721
730
734
736
737
739
744
749
751
752
758
759
760
768
770
771
772
775
780
782
786
789
790
792
795
796
798
799
801
802
804
805
806
810
829
830
839
843
848
856
857
867
868
869
870
871
879
880
888
891
894
895
898
911
913
917
918
920
921
930
934
943
950
964
971
973
978
981
996
1020
1024
1025
1030
1035
1041
1043
1055
1068
1070
1075
1076
1077
1082
1083
1084
1085
1086
1105
1106
1126
1143
1150
1156
1158
1159
1171
1179
1181
1184
1186
1190
1191
1209
1213
1214
1223
1227
1231
1234
1245
1249
1250
1275
1279
1327
1331
1350
1378
1379
1400
1404
1445
1458
1465
1474
1475
1477
1480
1485
1487
1495
1498
1508
1516
1521
1538
1560
1567
1573
1579
1580
1587
1591
1595
1596
1599
1622
1629
1647
1653
1659
1664
1678
1688
1692
1699
1708
1716
1733
1760
1761
1762
1764
1770
1774
1781
1788
1792
1795
1798
1810
1820
1822
1826
1842
1870
1875
1879
1893
1896
1902
1903
1909
1918
1947
1950
1959
1972
1979
1980
1984
1986
1990
2004
2008
2009
2022
2033
2035
2036
2037
2043
2050
2062
2064
2068
2070
2077
2080
2086
2088
2089
2090
2092
2098
2100
2109
2115
2123
2124
2130
2135
2136
2157
2159
2166
2168
2184
2197
2199
2200
2208
2213
2216
2229
2232
2233
2240
2251
2254
2255
2256
2268
2282
2309
2316
2321
2328
2337
2343
2344
2354
2355
2359
2364
2366
2369
2386
2388
2398
2399
2407
2408
2425
2434
2440
2448
2450
2463
2464
2490
2501
2504
2511
2513
2517
2518
2521
2531
2533
2536
2544
2546
2551
2552
2559
2567
2568
2571
2582
2587
2590
2593
2607
2608
2609
2610
2615
2616
2617
2622
2623
2624
2625
2627
2628
2634
2643
2645
2651
2652
2666
2669
2676
2679
2681
2683
2684
2696
2707
2708
2722
2727
2733
2747
2755
2759
2766
2774
2775
2776
2790
2792
2793
2794
2800
2803
2809
2835
2836
2843
2844
2846
2851
2852
2853
2868
2884
2893
2896
2900
2903
2904
2907
2908
2910
2914
2939
2941
2943
2952
2960
2970
2976
2985
2988
2996
2999
3008
3013
3025
3034
3047
3049
3058
3073
3083
3084
3088
3094
3099
3105
3107
3115
3116
3119
3133
3140
3144
3145
3153
3156
3157
3160
3162
3166
3169
3172
3174
3193
3200
3204
3207
3211
3213
3214
3217
3224
3227
3232
3233
3237
3241
3250
3263
3265
3271
3285
3287
3288
3292
3293
3296
3298
3301
3309
3311
3325
3331
3334
3340
3350
3352
3354
3363
3374
3375
3388
3404
3413
3418
3424
3441
3450
3451
3454
3456
3457
3458
3465
3466
3468
3473
3474
3475
3476
3477
3479
3480
3483
3484
3495
3503
3504
3517
3522
3532
3535
3540
3544
3549
3550
3551
3552
3554
3556
3557
3564
3565
3568
3576
3583
3584
3590
3594
3596
3602
3604
3605
3607
3608
3609
3610
3612
3613
3614
3621
3623
3624
3625
3626
3627
3628
3629
3630
3638
3646
3648
3655
3658
3665
3670
3682
3683
3693
3696
3697
3698
3702
3703
3704
3705
3706
3707
3708
3709
3713
3714
3717
3718
3722
3729
3731
3737
3740
3742
3747
3749
3751
3758
3759
3760
3767
3776
3777
3780
3782
3783
3795
3798
3799
3800
3807
3812
3826
3827
3828
3829
3831
3833
3834
3844
3848
3921
3922
3923
3924
3926
3927
3929
3930
3931
3952
3953
3961
3962
3963
3965
3967
3983
3993
4005
4017
4019
4022
4023
4024
4027
4033
4034
4039
4053
4066
4071
4075
4082
4084
4101
4102
4112
4113
4115
4118
4119
4120
4131
4134
4135
4153
4165
4173
4179
4184
4185
4186
4194
4199
4200
4215
4216
4217
4220
4240
4250
4253
4264
4276
4278
4293
4298
4299
4300
4301
4303
4308
4311
4316
4334
4336
4338
4350
4351
4352
4354
4358
4359
4364
4365
4370
4371
4388
4389
4390
4396
4402
4420
4430
4437
4438
4441
4443
4445
4451
4455
4470
4474
4481
4490
4491
4497
4503
4543
4545
4549
4559
4561
4596
4600
4604
4605
4614
4618
4632
4633
4634
4641
4649
4651
4660
4670
4676
4677
4690
4691
4696
4699
4702
4708
4726
4727
4734
4755
4765
4766
4775
4792
4798
4801
4816
4817
4838
4841
4847
4866
4868
4869
4871
4880
4882
4884
4894
4896
4898
4909
4910
4912
4913
4914
4915
4919
4920
4926
4940
4943
4946
4969
4988
4996
4997
4998
5011
5014
5019
5035
5040
5042
5051
5063
5082
5084
5102
5112
5116
5124
5125
5163
5167
5186
5190
5192
5196
5200
5220
5243
5265
5266
5280
5293
5298
5311
5317
5326
5351
5352
5370
5380
5382
5390
5396
5399
5419
5421
5425
5428
5432
5438
5449
5456
5460
5476
5488
5496
5499
5500
5513
5522
5526
5531
5546
5549
5550
5566
5567
5573
5577
5579
5580
5581
5585
5587
5591
5592
5594
5596
5598
5601
5602
5623
5638
5645
5648
5651
5652
5660
5675
5679
5684
5688
5700
5724
5725
5736
5740
5743
5750
5759
5768
5773
5778
5780
5783
5784
5793
5801
5804
5817
5823
5824
5828
5836
5837
5838
5842
5843
5848
5850
5853
5866
5868
5870
5872
5873
5875
5876
5877
5883
5884
5903
5904
5905
5916
5927
5933
5943
5952
5953
5959
5966
5985
5991
5993
6004
6026
6038
6039
6040
6049
6050
6053
6056
6060
6061
6063
6069
6076
6082
6089
6091
6092
6093
6103
6104
6114
6120
6122
6131
6140
6150
6154
6157
6158
6159
6162
6170
6185
6186
6187
6204
6205
6218
6219
6230
6235
6241
6243
6250
6251
6252
6261
6263
6272
6274
6276
6277
6291
6293
6301
6317
6321
6322
6357
6363
6365
6366
6367
6368
6371
6372
6373
6375
6383
6389
6391
6393
6399
6400
6418
6420
6423
6424
6455
6463
6466
6467
6468
6472
6479
6491
6492
6497
6505
6509
6511
6514
6516
6530
6544
6545
6546
6551
6556
6559
6560
6564
6571
6575
6587
6592
6612
6620
6645
6651
6661
6675
6676
6694
6696
6705
6711
6719
6725
6728
6738
6744
6755
6756
6757
6762
6767
6772
6787
6793
6800
6801
6802
6807
6809
6812
6813
6814
6817
6825
6833
6844
6859
6862
6867
6874
6881
6883
6885
6886
6890
6891
6892
6900
6903
6904
6905
6926
6935
6937
6938
6954
6955
6960
6965
6968
6977
7004
7037
7040
7055
7081
7086
7091
7112
7117
7118
7131
7148
7149
7152
7176
7177
7178
7179
7208
7209
7210
7247
7249
7250
7253
7273
7275
7285
7290
7323
7326
7332
7344
7345
7366
7376
7380
7382
7397
7401
7403
7409
7412
7422
7428
7453
7454
7461
7463
7466
7472
7475
7491
7494
7499
7508
7513
7517
7519
7532
7533
7539
7545
7547
7550
7557
7562
7569
7570
7571
7572
7578
7583
7588
7592
7599
7609
7612
7614
7626
7630
7635
7640
7641
7650
7651
7652
7666
7677
7686
7687
7696
7702
7704
7713
7722
7724
7727
7730
7733
7740
7756
7761
7770
7774
7777
7780
7784
7791
7795
7818
7819
7821
7824
7828
7832
7839
7856
7871
7888
7898
7903
7904
7906
7908
7911
7915
7917
7921
7925
7946
7947
7950
7956
7958
7964
7970
7981
7983
7984
8006
8008
8010
8011
8021
8065
8074
8077
8078
8088
8099
8118
8129
8131
8134
8145
8158
8188
8194
8224
8227
8228
8229
8234
8236
8243
8246
8249
8251
8253
8276
8292
8307
8317
8318
8320
8327
8330
8338
8342
8345
8346
8347
8348
8349
8366
8368
8373
8380
8405
8425
8426
8429
8455
8457
8462
8472
8480
8497
8508
8533
8565
8567
8568
8572
8577
8578
8587
8599
8606
8609
8614
8616
8629
8631
8647
8651
8652
8674
8684
8687
8688
8705
8732
8733
8742
8774
8775
8784
8786
8787
8791
8794
8802
8808
8811
8842
8849
8850
8856
8857
8868
8890
8905
8906
8917
8951
8965
8974
8977
9007
9008
9013
9021
9036
9045
9049
9054
9058
9059
9066
9072
9079
9085
9090
9092
9094
9095
9096
9099
9124
9126
9143
9157
9169
9171
9178
9183
9199
9237
9239
9240
9245
9252
9257
9258
9295
9334
9378
9383
9384
9385
9392
9414
9432
9443
9445
9489
9493
9499
9527
9530
9543
9550
9576
9581
9588
9625
9630
9631
9639
9650
9671
9675
9681
9691
9693
9694
9699
9709
9717
9721
9728
9749
9751
9752
9767
9771
9776
9798
9802
9815
9816
9833
9847
9860
9867
9872
9897
9899
9919
9975
9990
10009
10036
10044
10062
10063
10066
10068
10073
10079
10110
10156
10161
10218
10222
10223
10227
10237
10257
10266
10268
10345
10355
10395
10400
10412
10426
10468
10480
10485
10542
10557
10565
10571
10576
10577
10610
10616
10627
10670
10691
10695
10699
10717
10728
10751
10753
10777
10784
10796
10802
10804
10805
10806
10814
10815
10821
10869
10881
10914
10938
10941
10942
10948
10957
10964
11000
11008
11015
11036
11044
11060
11063
11065
11082
11088
11090
11121
11160
11173
11194
11210
11218
11243
11270
11305
11314
11352
11400
11401
11402
11403
11404
11405
11406
11413
11414
11418
11423
11425
11426
11427
11439
11460
11472
11512
11529
11545
11574
11577
11590
11597
11605
11632
11640
11643
11644
11656
11675
11679
11747
11810
11818
11837
11855
11856
11873
11886
11923
11928
11930
12042
12055
12066
12083
12123
12135
12136
12142
12148
12150
12170
12172
12173
12182
12203
12206
12210
12220
12229
12234
12239
12243
12279
12280
12288
12392
12406
12499
12533
12538
12539
12554
12558
12585
12591
12674
12676
12677
12679
12680
12682
12686
12689
12692
12716
12742
12747
12752
12762
12788
12806
12881
12905
12914
12919
12921
12940
12950
12960
12986
12994
13038
13100
13109
13113
13130
13131
13139
13181
13209
13220
13239
13300
13326
13333
13394
13448
13455
13462
13516
13575
13577
13581
13615
13650
13658
13665
13684
13685
13687
13688
13689
13690
13691
13739
13789
13870
13875
13897
14000
14002
14058
14263
14319
14362
14393
14396
14468
14552
14557
14589
14651
14663
14664
14725
14786
14798
14878
14897
14921
14934
14973
14980
15005
15011
15040
15076
15089
15097
15172
15205
15226
15234
15238
15243
15287
15298
15329
15340
15370
15463
15514
15515
15517
15518
15680
15723
15740
15742
15747
15782
15851
15881
16035
16062
16089
16152
16153
16156
16206
16276
16344
16357
16402
16403
16405
16412
16494
16504
16517
16530
16542
16570
16586
16596
16656
16705
16739
16775
16829
17133
17559
17575
17801
18263
18275
18328
18374
18526
18553
18556
19007
19157
19245
19370
