12
51
60
63
82
122
130
170
178
207
217
272
312
403
431
435
453
454
458
470
477
493
504
519
553
628
645
654
665
690
725
734
736
752
780
782
787
790
796
815
824
844
905
924
943
976
980
984
1002
1065
1071
1077
1086
1102
1103
1113
1139
1143
1158
1179
1216
1331
1338
1419
1471
1474
1498
1527
1541
1552
1581
1625
1662
1670
1679
1683
1788
1811
1923
1947
1948
1957
1972
1980
1982
2022
2038
2098
2129
2140
2168
2260
2321
2350
2363
2364
2369
2424
2453
2473
2508
2528
2582
2603
2610
2613
2666
2678
2726
2727
2765
2777
2809
2869
2900
2941
3033
3061
3077
3092
3100
3126
3138
3145
3169
3171
3211
3212
3232
3256
3270
3316
3319
3320
3331
3353
3359
3382
3389
3401
3426
3443
3463
3551
3565
3566
3574
3624
3651
3687
3698
3752
3757
3766
3791
4009
4013
4024
4067
4071
4129
4179
4220
4238
4290
4326
4334
4352
4353
4389
4502
4509
4604
4705
4756
4765
4782
4830
4836
4866
4882
4907
4913
4969
5005
5019
5040
5072
5084
5126
5138
5160
5205
5254
5298
5316
5399
5408
5470
5533
5601
5603
5621
5623
5697
5708
5730
5747
5749
5794
5985
6011
6042
6063
6085
6088
6091
6093
6141
6144
6241
6251
6299
6301
6455
6556
6599
6694
6761
6779
6844
6883
6906
6977
7064
7068
7108
7130
7136
7154
7182
7223
7232
7236
7273
7303
7359
7382
7422
7487
7550
7557
7614
7630
7638
7680
7725
7765
7791
7835
7857
7894
7913
7920
7946
8039
8051
8064
8066
8071
8081
8170
8228
8239
8243
8268
8309
8314
8354
8364
8428
8472
8603
8629
8684
8705
8732
8827
8837
8896
8992
9011
9061
9110
9194
9264
9297
9390
9445
9447
9452
9476
9540
9560
9569
9672
9693
9717
9911
9939
10161
10227
10240
10245
10264
10268
10314
10419
10785
10815
10871
10941
11008
11047
11073
11132
11165
11244
11256
11351
11352
11387
11512
11516
11619
11725
11886
12070
12182
12264
12282
12419
12711
12718
12781
12833
12914
13289
13317
13574
13673
13885
14000
14263
14272
14566
14659
14727
14829
15040
15278
15525
15557
15643
15663
15881
16056
16075
16154
16241
16356
16524
16705
17134
17288
17307
17356
17419
17857
17878
17929
17965
18060
18101
18118
18136
18138
18142
18186
18263
18283
18298
19011
