3
7
15
17
29
36
39
57
60
67
74
77
83
88
92
101
107
114
122
126
147
152
176
177
181
183
194
211
235
251
287
295
307
313
322
324
339
348
356
357
362
381
405
427
431
438
442
443
455
463
465
468
474
484
493
494
503
504
505
511
513
519
553
586
592
600
625
631
652
662
670
671
693
702
703
733
734
736
737
739
751
759
764
774
780
782
801
804
805
822
826
848
864
878
889
891
904
920
928
929
932
947
958
973
974
983
1029
1043
1049
1051
1077
1086
1097
1098
1118
1156
1163
1179
1196
1207
1209
1232
1272
1285
1286
1292
1316
1323
1348
1354
1362
1373
1379
1392
1410
1436
1464
1472
1516
1566
1579
1583
1589
1590
1596
1622
1629
1648
1655
1678
1679
1680
1692
1705
1726
1757
1758
1772
1792
1795
1835
1853
1867
1887
1895
1932
1940
1942
1947
1961
1970
1982
2008
2037
2039
2046
2067
2073
2076
2085
2124
2154
2155
2168
2194
2197
2222
2223
2232
2239
2271
2276
2281
2284
2341
2368
2372
2408
2422
2436
2455
2494
2539
2556
2561
2566
2571
2582
2595
2610
2611
2615
2643
2644
2645
2649
2658
2678
2685
2717
2725
2726
2732
2733
2743
2747
2754
2755
2796
2807
2814
2819
2826
2830
2833
2848
2850
2853
2864
2868
2879
2890
2903
2907
2932
2949
2971
2987
3001
3021
3033
3042
3051
3052
3069
3078
3084
3091
3094
3095
3126
3131
3152
3156
3157
3163
3167
3187
3194
3216
3224
3232
3235
3242
3250
3264
3265
3271
3275
3313
3319
3323
3330
3345
3348
3350
3361
3369
3379
3386
3387
3399
3403
3412
3422
3465
3466
3507
3509
3529
3543
3546
3556
3560
3573
3578
3580
3583
3604
3620
3623
3624
3637
3639
3641
3648
3665
3667
3683
3685
3695
3698
3701
3703
3704
3707
3714
3718
3737
3756
3757
3776
3802
3815
3834
3843
3844
3846
3850
3868
3889
3894
3897
3900
3919
3923
3930
3968
3982
4006
4012
4013
4020
4022
4049
4056
4071
4077
4115
4147
4157
4170
4186
4190
4194
4198
4215
4220
4238
4241
4258
4270
4274
4298
4323
4352
4392
4418
4420
4424
4426
4428
4435
4439
4469
4482
4486
4490
4495
4534
4543
4544
4549
4555
4566
4591
4611
4618
4624
4635
4657
4663
4710
4713
4716
4734
4757
4759
4765
4769
4771
4791
4797
4799
4803
4804
4809
4815
4832
4839
4840
4851
4869
4881
4887
4927
4940
4959
4973
5019
5064
5068
5074
5101
5114
5176
5231
5235
5253
5254
5268
5273
5326
5382
5397
5408
5438
5477
5478
5491
5496
5513
5526
5532
5559
5575
5591
5602
5625
5630
5636
5651
5668
5676
5706
5722
5763
5767
5771
5778
5779
5790
5794
5806
5810
5811
5813
5851
5855
5861
5867
5869
5873
5880
5893
5934
5949
5982
6021
6027
6033
6036
6052
6056
6074
6093
6113
6126
6138
6213
6221
6232
6274
6289
6297
6299
6321
6324
6343
6357
6373
6393
6419
6424
6461
6480
6493
6561
6587
6621
6627
6657
6683
6687
6689
6695
6703
6731
6736
6759
6761
6762
6767
6771
6787
6796
6799
6812
6837
6844
6870
6886
6911
6957
6973
6977
6979
6984
7041
7064
7093
7104
7131
7133
7136
7144
7165
7176
7203
7223
7230
7261
7268
7303
7311
7325
7340
7366
7384
7426
7430
7461
7480
7496
7508
7517
7529
7558
7559
7561
7569
7577
7578
7583
7588
7641
7645
7654
7696
7707
7736
7749
7759
7770
7774
7780
7783
7804
7816
7856
7864
7865
7878
7901
7913
7915
7938
7970
7971
7987
7991
7998
8000
8006
8009
8049
8064
8066
8074
8102
8113
8131
8133
8158
8160
8170
8181
8248
8249
8287
8314
8358
8365
8370
8400
8449
8450
8466
8471
8472
8483
8502
8512
8579
8603
8612
8613
8691
8800
8805
8811
8816
8834
8858
8864
8866
8893
8903
8917
8923
8965
8970
8980
9024
9048
9066
9096
9103
9106
9141
9204
9270
9273
9306
9315
9352
9379
9384
9417
9460
9476
9499
9521
9523
9530
9532
9534
9556
9581
9594
9661
9666
9715
9757
9815
9826
9833
9868
9903
9904
9906
9919
9946
9963
9990
9995
10008
10015
10044
10050
10154
10218
10259
10295
10485
10528
10538
10543
10553
10557
10594
10612
10644
10764
10780
10783
10792
10799
10869
10881
10935
11058
11159
11194
11211
11212
11218
11299
11354
11379
11414
11439
11500
11508
11541
11577
11611
11632
11640
11782
11881
11941
12060
12100
12111
12112
12133
12139
12179
12180
12274
12275
12284
12325
12403
12483
12550
12554
12666
12676
12705
12743
12859
12966
12979
12998
13013
13014
13089
13100
13106
13224
13241
13288
13390
13419
13520
13554
13584
13586
13691
13817
13821
13854
13857
13907
13917
13975
13977
14084
14117
14133
14170
14173
14309
14384
14449
14521
14651
14664
14858
14880
14908
14921
14973
15028
15106
15109
15153
15155
15179
15273
15361
15362
15436
15581
15627
15631
15668
15737
15904
15911
15936
15981
16000
16041
16063
16089
16125
16133
16170
16206
16299
16494
16504
16524
16528
17262
17273
17302
17417
17581
17820
17881
17887
17928
18055
18064
18068
18071
18100
18101
18107
18113
18115
18121
18128
18137
18140
18174
18181
18204
18216
18227
18313
18339
18349
18351
18356
18378
18512
18557
18600
18620
18901
19036
19601
19854
