1
4
7
8
9
17
21
22
23
24
28
29
30
36
39
41
42
48
54
55
56
57
58
59
60
62
67
68
70
71
72
73
74
76
77
78
79
82
84
85
86
87
88
89
90
93
94
96
99
100
101
102
103
107
108
109
110
111
112
117
118
119
122
123
124
127
128
130
131
136
137
138
141
142
146
147
149
152
153
154
155
157
162
163
166
168
170
173
174
175
176
179
181
182
183
186
187
190
193
194
195
198
200
201
204
205
206
207
208
209
210
211
213
216
217
219
222
224
226
227
229
230
233
237
239
240
241
242
247
254
255
258
260
262
263
270
275
278
279
281
282
285
287
288
289
290
294
295
296
297
300
301
302
303
304
305
310
314
320
321
322
323
336
344
345
346
347
349
352
354
358
360
366
370
371
372
373
374
375
376
377
378
380
383
384
385
387
389
406
407
408
410
413
417
419
420
421
423
424
425
426
427
428
431
432
436
438
439
440
441
442
445
448
451
454
457
458
459
460
463
464
468
470
471
479
480
489
492
493
494
500
501
503
504
505
513
514
515
530
532
533
538
542
550
551
552
554
555
558
559
564
569
570
571
573
574
581
582
587
590
591
592
594
596
598
599
601
607
611
613
628
634
639
641
642
644
646
648
660
662
663
664
665
667
673
678
679
680
681
685
687
689
696
709
715
718
721
725
728
731
734
735
736
737
738
739
741
743
745
746
749
750
751
752
753
754
757
760
763
765
769
770
774
777
778
779
790
794
804
805
806
810
815
818
819
824
825
837
839
843
844
845
846
849
853
854
855
856
857
858
862
863
864
867
869
870
871
872
880
884
888
889
898
908
909
912
913
918
919
920
924
927
928
931
941
944
948
951
954
963
965
969
971
973
978
985
992
994
996
998
1006
1009
1013
1018
1020
1023
1024
1025
1033
1041
1042
1043
1051
1055
1062
1063
1066
1067
1069
1070
1074
1076
1077
1091
1092
1104
1105
1106
1108
1109
1120
1122
1129
1132
1133
1137
1144
1145
1146
1149
1150
1156
1158
1161
1162
1165
1166
1167
1179
1180
1181
1190
1191
1196
1199
1200
1201
1202
1209
1213
1215
1220
1227
1234
1235
1240
1242
1244
1249
1251
1258
1265
1267
1268
1279
1292
1293
1305
1312
1314
1315
1321
1323
1324
1327
1328
1338
1348
1349
1354
1363
1369
1372
1373
1378
1384
1399
1400
1402
1404
1406
1409
1410
1415
1418
1419
1424
1429
1436
1446
1450
1455
1469
1470
1471
1472
1473
1475
1479
1485
1495
1497
1498
1508
1509
1510
1513
1515
1516
1528
1541
1543
1544
1545
1548
1552
1553
1555
1559
1571
1572
1576
1580
1581
1582
1587
1595
1596
1599
1600
1604
1610
1611
1619
1625
1628
1629
1640
1642
1646
1655
1659
1661
1667
1670
1674
1677
1679
1680
1685
1688
1692
1693
1710
1711
1713
1714
1726
1728
1729
1732
1733
1736
1739
1744
1746
1750
1759
1769
1771
1772
1774
1786
1788
1789
1792
1795
1802
1804
1805
1808
1809
1819
1820
1826
1832
1835
1836
1841
1845
1859
1867
1868
1869
1877
1884
1887
1892
1894
1900
1902
1906
1909
1920
1939
1947
1948
1957
1969
1976
1977
1982
1990
1991
1996
2003
2005
2009
2017
2019
2027
2028
2030
2032
2036
2046
2050
2052
2057
2061
2063
2064
2083
2085
2088
2096
2101
2109
2124
2130
2132
2139
2141
2143
2144
2150
2159
2162
2167
2170
2194
2204
2209
2223
2229
2238
2240
2246
2248
2256
2260
2261
2269
2271
2273
2278
2279
2284
2293
2296
2299
2301
2305
2308
2315
2327
2333
2337
2341
2344
2358
2359
2364
2365
2366
2367
2369
2372
2376
2379
2385
2386
2393
2394
2403
2407
2408
2412
2422
2429
2432
2434
2444
2448
2450
2453
2456
2460
2463
2473
2486
2491
2492
2493
2494
2498
2499
2501
2502
2506
2507
2511
2513
2516
2517
2518
2521
2523
2524
2525
2527
2529
2531
2535
2538
2539
2543
2544
2546
2549
2551
2552
2556
2558
2559
2560
2561
2563
2566
2567
2568
2569
2571
2572
2574
2575
2576
2582
2583
2586
2587
2590
2592
2593
2595
2600
2601
2602
2603
2604
2605
2606
2608
2613
2614
2615
2622
2624
2625
2628
2633
2634
2641
2643
2644
2645
2646
2647
2648
2649
2650
2651
2652
2660
2662
2664
2666
2669
2673
2674
2678
2679
2680
2681
2682
2683
2685
2686
2692
2693
2696
2702
2708
2713
2717
2721
2725
2732
2734
2742
2747
2750
2754
2758
2761
2763
2766
2771
2774
2775
2777
2778
2780
2781
2783
2787
2792
2793
2796
2804
2808
2810
2811
2815
2816
2824
2826
2832
2836
2840
2848
2852
2854
2855
2857
2859
2864
2865
2869
2871
2877
2878
2879
2885
2888
2893
2894
2897
2898
2901
2902
2903
2912
2913
2931
2933
2935
2936
2939
2941
2943
2945
2950
2953
2957
2959
2960
2963
2965
2970
2973
2976
2979
2981
2983
2987
2989
2993
2994
2998
3000
3007
3011
3016
3033
3037
3046
3049
3050
3058
3061
3065
3069
3073
3075
3077
3078
3086
3088
3094
3095
3099
3100
3107
3109
3110
3111
3115
3116
3121
3123
3124
3126
3132
3133
3135
3139
3150
3152
3153
3156
3161
3162
3169
3170
3174
3176
3179
3183
3184
3185
3186
3193
3201
3205
3209
3212
3214
3217
3218
3222
3228
3232
3239
3242
3250
3257
3265
3270
3271
3272
3275
3279
3285
3287
3289
3292
3296
3298
3308
3312
3316
3319
3320
3323
3324
3328
3330
3334
3336
3337
3340
3341
3344
3347
3348
3350
3359
3361
3368
3369
3370
3371
3376
3383
3384
3397
3402
3404
3412
3416
3446
3452
3453
3457
3459
3461
3462
3463
3466
3467
3470
3473
3474
3475
3476
3479
3482
3483
3484
3489
3490
3500
3502
3504
3512
3522
3525
3526
3527
3529
3530
3532
3536
3539
3545
3546
3549
3551
3552
3553
3554
3557
3559
3560
3563
3565
3566
3567
3568
3571
3573
3574
3576
3578
3579
3580
3581
3582
3583
3584
3589
3590
3591
3592
3593
3595
3596
3598
3599
3600
3601
3602
3603
3604
3605
3607
3608
3609
3610
3611
3612
3613
3614
3616
3622
3623
3624
3630
3632
3633
3634
3641
3644
3646
3647
3650
3651
3660
3665
3667
3679
3680
3681
3682
3683
3687
3688
3689
3691
3697
3700
3702
3707
3712
3713
3716
3717
3718
3721
3723
3729
3731
3734
3735
3737
3740
3743
3745
3746
3753
3756
3757
3758
3759
3760
3761
3762
3767
3773
3778
3783
3786
3789
3791
3800
3802
3803
3804
3806
3810
3812
3814
3815
3817
3818
3819
3820
3821
3822
3823
3826
3827
3830
3831
3833
3834
3840
3844
3845
3848
3851
3852
3853
3854
3856
3857
3859
3860
3863
3864
3865
3866
3867
3868
3869
3870
3880
3881
3897
3898
3899
3900
3901
3902
3910
3921
3923
3924
3926
3927
3931
3932
3952
3953
3955
3961
3963
3968
3978
3980
3983
4001
4008
4011
4012
4017
4018
4023
4024
4027
4033
4034
4035
4036
4039
4056
4061
4067
4070
4073
4074
4075
4082
4084
4085
4089
4090
4096
4104
4105
4108
4111
4116
4117
4118
4119
4120
4129
4137
4141
4142
4143
4145
4146
4148
4153
4156
4157
4159
4160
4161
4171
4175
4179
4184
4185
4188
4191
4192
4195
4197
4199
4200
4215
4216
4220
4225
4226
4229
4230
4240
4242
4254
4258
4266
4269
4270
4276
4278
4293
4294
4295
4297
4298
4299
4300
4303
4308
4309
4311
4312
4313
4315
4316
4324
4331
4332
4340
4347
4348
4351
4352
4358
4359
4360
4362
4365
4366
4368
4369
4379
4381
4382
4383
4384
4389
4390
4391
4396
4398
4401
4403
4405
4408
4412
4413
4415
4430
4437
4438
4441
4445
4451
4453
4454
4462
4468
4470
4473
4474
4475
4477
4478
4483
4486
4487
4491
4492
4494
4502
4506
4514
4523
4528
4539
4543
4545
4546
4549
4553
4555
4556
4559
4561
4566
4575
4581
4592
4593
4594
4595
4596
4600
4601
4605
4618
4619
4622
4623
4625
4626
4632
4633
4635
4641
4643
4644
4647
4652
4655
4677
4684
4685
4689
4693
4694
4702
4704
4705
4706
4708
4709
4710
4717
4724
4726
4727
4732
4734
4744
4748
4757
4758
4759
4763
4765
4767
4775
4780
4781
4787
4788
4790
4803
4804
4806
4809
4810
4812
4813
4815
4817
4827
4828
4830
4831
4833
4835
4837
4839
4840
4841
4843
4844
4846
4847
4850
4851
4857
4859
4860
4865
4866
4868
4869
4870
4871
4872
4875
4876
4878
4879
4881
4883
4884
4886
4887
4888
4890
4891
4894
4898
4903
4909
4910
4911
4915
4918
4926
4927
4928
4932
4936
4937
4943
4953
4961
4968
4979
4993
4996
5011
5014
5024
5030
5034
5035
5036
5037
5041
5045
5061
5063
5067
5071
5087
5088
5102
5109
5110
5114
5120
5123
5131
5133
5147
5152
5153
5169
5170
5176
5179
5182
5186
5193
5199
5204
5227
5241
5243
5247
5248
5251
5252
5254
5261
5282
5298
5326
5331
5338
5354
5356
5358
5361
5366
5369
5373
5382
5393
5400
5401
5417
5418
5428
5429
5437
5438
5441
5443
5449
5450
5454
5458
5461
5465
5466
5471
5476
5477
5481
5484
5488
5491
5497
5500
5503
5504
5505
5506
5511
5513
5515
5521
5524
5526
5528
5529
5536
5540
5544
5545
5546
5549
5550
5556
5557
5560
5566
5567
5571
5572
5573
5579
5580
5581
5583
5594
5600
5601
5602
5625
5628
5629
5632
5634
5642
5654
5659
5675
5679
5688
5697
5700
5701
5706
5709
5710
5719
5724
5728
5730
5732
5734
5743
5745
5758
5759
5763
5768
5773
5783
5789
5794
5797
5798
5805
5807
5814
5828
5833
5834
5838
5840
5842
5845
5846
5850
5867
5869
5872
5875
5883
5884
5888
5898
5901
5903
5904
5906
5911
5912
5914
5918
5928
5930
5931
5933
5942
5948
5958
5966
5972
5973
5974
5976
5977
5980
5982
5983
5985
5987
5988
5992
5993
5996
6005
6009
6015
6016
6018
6026
6031
6038
6039
6040
6043
6044
6045
6050
6060
6061
6064
6067
6069
6072
6073
6074
6076
6077
6080
6086
6091
6093
6102
6104
6113
6123
6124
6128
6131
6133
6143
6148
6150
6157
6159
6161
6170
6171
6184
6185
6186
6194
6203
6206
6217
6219
6220
6223
6225
6230
6234
6241
6248
6254
6255
6267
6272
6276
6280
6287
6291
6297
6301
6303
6304
6305
6310
6317
6329
6331
6335
6349
6363
6366
6367
6368
6372
6389
6391
6393
6399
6400
6409
6410
6413
6420
6421
6427
6432
6435
6444
6446
6455
6457
6458
6461
6464
6468
6469
6472
6479
6487
6491
6492
6493
6497
6498
6504
6522
6530
6531
6543
6544
6545
6546
6548
6549
6551
6556
6560
6565
6566
6567
6570
6571
6589
6591
6592
6593
6597
6616
6629
6644
6652
6661
6668
6671
6673
6681
6683
6684
6693
6698
6705
6706
6711
6713
6718
6725
6738
6741
6742
6743
6752
6761
6762
6765
6767
6769
6784
6791
6792
6796
6799
6800
6801
6807
6812
6814
6818
6825
6827
6834
6836
6844
6860
6869
6880
6881
6883
6889
6890
6891
6903
6910
6914
6915
6918
6926
6927
6936
6937
6945
6948
6954
6955
6956
6958
6965
6970
6982
6998
7005
7007
7008
7010
7016
7023
7037
7040
7055
7065
7067
7077
7080
7081
7089
7099
7100
7105
7109
7126
7129
7130
7131
7132
7148
7152
7154
7155
7157
7164
7176
7189
7190
7198
7202
7203
7209
7210
7211
7215
7220
7226
7232
7233
7247
7249
7250
7254
7260
7264
7274
7275
7276
7279
7290
7298
7300
7304
7309
7319
7322
7323
7326
7334
7342
7353
7360
7370
7375
7379
7397
7410
7411
7428
7431
7442
7451
7454
7470
7475
7477
7480
7488
7489
7490
7491
7492
7499
7503
7508
7509
7513
7514
7532
7538
7543
7544
7550
7551
7552
7554
7562
7567
7571
7572
7577
7578
7579
7592
7593
7594
7595
7596
7599
7604
7608
7610
7611
7616
7620
7621
7624
7625
7626
7627
7629
7631
7633
7638
7639
7640
7641
7643
7650
7651
7652
7657
7667
7684
7686
7691
7722
7724
7725
7730
7732
7736
7739
7742
7745
7748
7749
7752
7755
7760
7766
7770
7776
7781
7787
7791
7794
7797
7799
7803
7804
7812
7824
7827
7835
7837
7839
7846
7852
7856
7865
7874
7877
7880
7887
7888
7915
7921
7923
7940
7946
7955
7956
7962
7971
7980
8017
8022
8034
8039
8041
8049
8053
8056
8064
8065
8066
8074
8075
8080
8086
8087
8088
8091
8092
8102
8105
8116
8117
8127
8131
8135
8136
8146
8168
8169
8170
8174
8194
8204
8223
8233
8237
8239
8249
8252
8267
8269
8270
8271
8272
8273
8274
8275
8276
8277
8281
8292
8300
8307
8314
8333
8335
8340
8343
8354
8366
8370
8373
8374
8390
8397
8400
8404
8409
8421
8432
8433
8435
8440
8441
8443
8450
8453
8455
8461
8462
8466
8471
8472
8473
8480
8498
8508
8513
8515
8516
8521
8549
8550
8554
8568
8577
8578
8589
8596
8598
8599
8603
8606
8609
8613
8614
8615
8618
8643
8651
8660
8705
8732
8733
8742
8744
8745
8754
8760
8773
8780
8787
8789
8790
8792
8811
8816
8818
8825
8826
8828
8829
8830
8847
8852
8856
8859
8864
8865
8866
8869
8877
8902
8914
8917
8920
8921
8922
8923
8924
8927
8928
8930
8945
8951
8965
8968
8970
8973
8978
8988
8989
9004
9009
9013
9015
9031
9035
9039
9040
9062
9064
9066
9072
9073
9076
9086
9099
9121
9142
9143
9146
9148
9150
9154
9173
9178
9194
9207
9254
9263
9271
9274
9281
9287
9288
9312
9317
9320
9326
9337
9338
9351
9352
9360
9367
9369
9371
9382
9392
9417
9423
9426
9429
9441
9446
9459
9465
9469
9494
9500
9521
9526
9529
9550
9554
9556
9564
9567
9571
9575
9580
9587
9588
9600
9607
9625
9639
9640
9649
9676
9685
9695
9709
9723
9753
9758
9759
9764
9766
9776
9788
9798
9829
9833
9846
9854
9872
9909
9920
9921
9926
9946
9957
9976
10034
10050
10059
10061
10063
10064
10066
10067
10068
10079
10124
10127
10144
10154
10163
10164
10175
10180
10181
10189
10190
10193
10237
10245
10258
10279
10283
10320
10412
10423
10428
10435
10439
10447
10471
10486
10489
10503
10509
10570
10579
10588
10591
10605
10640
10644
10664
10691
10699
10742
10743
10751
10755
10761
10767
10774
10778
10786
10803
10806
10816
10823
10839
10853
10873
10889
10892
10912
10938
10962
10971
10974
10978
10987
10990
11000
11014
11023
11029
11035
11046
11052
11053
11064
11065
11070
11071
11072
11089
11095
11116
11118
11123
11134
11157
11181
11206
11211
11238
11284
11307
11322
11339
11345
11371
11384
11394
11399
11425
11426
11444
11451
11512
11524
11528
11529
11578
11584
11632
11640
11641
11648
11706
11721
11730
11747
11756
11836
11844
11863
11884
11886
11890
11922
11939
11945
11957
11959
11981
12002
12006
12038
12044
12057
12069
12095
12111
12112
12115
12135
12139
12172
12184
12211
12231
12243
12248
12263
12287
12321
12358
12361
12366
12426
12466
12483
12501
12510
12521
12533
12539
12550
12568
12591
12594
12605
12645
12654
12666
12675
12681
12687
12692
12701
12730
12733
12738
12741
12742
12759
12765
12787
12804
12858
12893
12894
12897
12898
12899
12904
12906
12915
12917
12919
12921
12948
12954
12960
12982
13011
13019
13025
13039
13040
13041
13042
13043
13044
13045
13046
13047
13048
13049
13050
13051
13052
13053
13054
13055
13056
13057
13058
13059
13060
13061
13062
13063
13064
13065
13066
13067
13068
13069
13070
13071
13072
13073
13074
13075
13076
13077
13078
13079
13080
13081
13082
13083
13097
13100
13109
13141
13150
13224
13229
13239
13244
13262
13263
13273
13289
13298
13314
13318
13334
13366
13398
13418
13442
13447
13455
13462
13586
13601
13616
13655
13692
13708
13762
13773
13777
13789
13793
13803
13804
13832
13835
13850
13910
13917
13938
13942
14001
14047
14132
14143
14148
14179
14200
14214
14280
14313
14332
14335
14393
14460
14468
14556
14561
14594
14634
14652
14658
14664
14666
14676
14677
14678
14694
14732
14745
14747
14752
14763
14768
14792
14801
14808
14831
14832
14881
14902
14907
14909
14916
14933
14968
14972
14983
14988
15040
15051
15095
15097
15117
15124
15164
15213
15236
15243
15257
15271
15350
15427
15430
15483
15596
15626
15632
15662
15663
15671
15672
15673
15674
15675
15676
15677
15678
15679
15680
15681
15682
15683
15684
15740
15865
15893
15956
16007
16057
16060
16063
16071
16195
16199
16325
16354
16356
16408
16440
16446
16458
16487
16494
16504
16509
16590
16596
16605
16628
16782
16814
16950
17245
17438
17454
17472
17967
18008
18043
18071
18134
18165
18189
18198
18274
18275
18328
18356
18357
18358
18374
18396
18410
18423
18482
18526
18553
18556
18592
19007
19150
19175
19178
19179
19180
19185
19186
19233
19281
19282
19296
