17
23
39
54
57
60
62
63
70
72
74
76
78
93
101
108
110
120
155
182
193
204
219
227
258
259
266
275
278
295
297
343
345
370
371
379
402
413
425
427
428
431
433
438
440
442
451
456
480
500
513
514
537
553
569
611
631
634
666
692
718
731
734
735
750
754
765
774
777
782
790
795
801
804
805
811
824
825
834
837
850
877
888
889
903
920
921
924
928
929
943
973
975
980
1002
1006
1018
1063
1070
1074
1075
1096
1122
1189
1191
1199
1206
1253
1258
1279
1314
1323
1328
1354
1362
1367
1402
1404
1406
1410
1429
1433
1434
1443
1472
1479
1494
1497
1527
1541
1566
1580
1596
1610
1625
1661
1679
1687
1693
1720
1726
1729
1749
1792
1808
1820
1850
1867
1869
1900
1947
1950
2004
2032
2033
2048
2052
2064
2081
2085
2141
2150
2154
2194
2246
2248
2316
2336
2341
2366
2403
2432
2444
2450
2460
2477
2491
2492
2498
2499
2501
2531
2546
2547
2551
2552
2553
2559
2571
2581
2582
2592
2600
2601
2602
2603
2604
2605
2606
2613
2614
2619
2626
2627
2642
2648
2671
2674
2677
2680
2682
2683
2685
2692
2702
2703
2732
2734
2737
2747
2749
2756
2759
2763
2766
2771
2792
2796
2805
2815
2832
2848
2854
2857
2859
2869
2872
2879
2893
2903
2912
2921
2931
2941
2953
2967
2970
3004
3035
3065
3111
3135
3139
3150
3156
3161
3183
3185
3186
3205
3228
3239
3262
3265
3270
3271
3308
3328
3330
3341
3347
3354
3368
3380
3383
3442
3459
3466
3480
3512
3526
3527
3532
3545
3553
3554
3560
3568
3573
3574
3578
3581
3582
3589
3599
3601
3604
3607
3609
3616
3632
3652
3667
3679
3683
3700
3702
3703
3704
3705
3706
3707
3708
3746
3753
3767
3769
3770
3778
3786
3791
3802
3803
3860
3880
3897
3898
3899
3900
3901
3923
3953
3954
4009
4159
4160
4169
4184
4190
4191
4223
4229
4266
4313
4340
4347
4439
4448
4478
4479
4506
4523
4545
4546
4555
4579
4582
4600
4617
4622
4623
4635
4639
4710
4768
4805
4806
4815
4821
4859
4883
4886
4887
4912
4927
4931
5041
5042
5061
5074
5087
5110
5121
5133
5148
5193
5196
5204
5235
5326
5366
5369
5382
5401
5408
5466
5471
5480
5515
5529
5536
5549
5596
5640
5751
5814
5829
5831
5837
5853
5867
5888
5891
5956
5977
6019
6027
6039
6093
6098
6111
6143
6185
6186
6218
6291
6297
6358
6372
6420
6439
6458
6496
6535
6549
6556
6597
6704
6705
6718
6721
6765
6791
6792
6810
6812
6813
6836
6869
6915
6918
7049
7089
7126
7132
7140
7203
7220
7232
7302
7406
7409
7451
7472
7512
7532
7579
7604
7633
7664
7684
7705
7715
7773
7804
7805
7807
7877
7894
7915
7940
7949
7964
7980
7993
8003
8015
8034
8036
8037
8041
8044
8045
8046
8047
8048
8102
8105
8120
8169
8170
8270
8291
8340
8343
8412
8421
8455
8456
8457
8471
8472
8481
8488
8495
8508
8511
8566
8599
8600
8603
8613
8680
8705
8732
8733
8741
8773
8803
8826
8864
8865
8866
8869
8875
8877
8894
8896
8898
8902
8920
8921
8922
8928
8949
9044
9054
9066
9081
9091
9135
9148
9150
9194
9195
9279
9348
9445
9469
9481
9498
9501
9505
9507
9521
9529
9538
9549
9554
9567
9568
9569
9571
9588
9593
9595
9600
9631
9653
9810
9888
9920
9927
9929
9931
9935
9937
9939
10023
10032
10082
10143
10154
10163
10180
10189
10190
10245
10447
10482
10543
10585
10751
10761
10800
10803
10806
10860
10949
11009
11046
11105
11116
11181
11339
11533
11587
11619
11655
11837
12047
12286
12385
12386
12470
12568
12599
12723
12735
12798
12954
13279
13365
13483
13567
13816
13881
14052
14087
14340
14561
14590
14594
15051
15066
15401
15627
15634
15777
15854
15870
16010
16356
16760
18071
