17
74
221
226
263
316
381
421
427
431
517
525
640
663
815
885
988
1035
1159
1250
1463
1679
1880
1897
1990
2043
2074
2088
2337
2379
2424
2548
2556
2582
2644
2811
2852
2919
2945
3056
3186
3285
3287
3337
3477
3554
3598
3642
3693
3756
3766
3898
3968
4079
4154
4157
4250
4356
4430
4441
4470
4635
4660
4704
4757
5123
5172
5422
5475
5491
5581
5796
5891
6217
6443
6467
6564
6571
6646
6713
6900
7152
7548
7847
8348
8732
8939
9101
9433
9525
9735
10099
10806
11275
11317
11408
11569
11847
12194
13248
13290
13647
13893
14070
14117
14152
14545
14561
16118
16373
16504
16830
17937
18349
19698
