7
9
23
26
35
39
54
56
62
101
119
124
129
130
131
136
142
147
170
205
206
207
210
222
242
252
254
278
279
287
293
320
322
344
347
350
379
383
403
424
427
432
436
438
441
445
463
464
513
553
555
559
563
569
576
597
599
607
628
663
664
665
674
675
692
721
734
736
737
739
752
768
782
802
856
857
867
869
891
895
918
996
1030
1055
1068
1070
1075
1158
1181
1184
1245
1474
1480
1498
1538
1560
1591
1664
1760
1761
1762
1770
1781
1788
1870
1902
1903
2022
2036
2068
2092
2254
2321
2337
2343
2364
2407
2434
2531
2546
2568
2582
2593
2608
2615
2622
2623
2684
2696
2727
2747
2793
2835
2843
2844
2846
2851
2943
3094
3107
3213
3250
3288
3296
3309
3311
3331
3354
3374
3404
3418
3466
3480
3483
3484
3517
3535
3551
3576
3623
3624
3625
3626
3630
3665
3697
3698
3709
3722
3729
3731
3742
3751
3776
3783
3798
3800
3827
3828
3921
3924
4023
4039
4084
4119
4134
4153
4165
4179
4215
4216
4278
4298
4299
4300
4301
4303
4334
4352
4354
4365
4371
4388
4437
4470
4543
4559
4561
4604
4605
4614
4632
4633
4649
4690
4691
4696
4699
4727
4765
4766
4792
4798
4817
4838
4847
4866
4868
4871
4882
4896
4898
4909
4910
4912
4915
5019
5035
5186
5220
5266
5298
5370
5419
5566
5577
5591
5594
5601
5623
5675
5688
5724
5743
5783
5793
5804
5850
5872
5884
5952
5985
5991
6004
6038
6050
6092
6093
6114
6159
6230
6276
6301
6366
6367
6375
6400
6466
6467
6491
6492
6497
6505
6509
6514
6544
6545
6546
6551
6571
6612
6645
6661
6696
6738
6757
6767
6802
6809
6813
6825
6844
6881
6954
6955
6965
7037
7148
7149
7247
7249
7250
7273
7290
7326
7344
7345
7397
7422
7454
7466
7475
7532
7533
7550
7569
7609
7626
7640
7641
8021
8077
8145
8194
8373
8425
8426
8567
8609
8616
8629
8651
8705
8794
8849
8974
9054
9169
9334
9694
9721
9816
9897
10063
10717
10751
10777
10784
10806
10869
10948
11418
11425
11529
11590
11644
11679
11818
12591
12686
12747
12881
12919
13100
13181
13326
13462
14468
14725
15005
15040
15097
15226
15518
15740
15851
16542
16596
16739
16829
18275
