3
7
8
9
10
11
16
17
19
23
24
26
29
30
34
36
37
38
39
40
41
48
49
50
52
53
54
55
56
58
60
61
62
63
65
67
68
70
71
72
74
77
78
80
82
83
85
86
87
88
89
90
91
92
93
94
97
98
99
101
103
107
108
110
111
115
117
118
119
120
122
123
125
126
127
128
130
131
132
133
134
136
138
140
142
143
146
147
152
153
155
156
157
159
162
166
167
168
170
172
173
175
176
178
180
181
182
183
187
190
193
194
196
197
198
200
201
203
205
206
207
208
209
210
211
212
213
215
216
217
221
222
224
226
229
230
232
235
236
237
239
240
247
248
254
255
258
259
262
264
268
270
271
272
274
275
278
279
280
283
285
287
288
289
295
297
298
299
300
302
303
304
307
308
309
313
317
320
321
322
323
325
333
337
338
339
340
341
343
344
345
347
349
350
351
353
355
357
358
360
362
363
370
371
373
374
375
377
378
379
387
389
393
394
402
403
405
409
410
411
414
419
424
425
427
428
429
431
432
433
434
437
438
439
442
445
448
450
451
453
454
456
457
459
463
469
470
471
473
474
475
477
479
480
481
482
490
492
493
495
501
502
503
504
505
508
513
514
518
519
522
523
525
526
527
529
533
535
537
538
539
540
541
542
543
546
550
553
554
555
558
564
567
573
579
581
582
585
587
588
590
593
594
596
598
599
601
602
604
607
608
609
610
611
612
615
619
620
622
625
629
631
632
635
637
638
640
642
649
650
651
652
655
658
661
663
665
666
667
668
670
672
673
679
681
683
684
685
687
689
690
692
693
695
696
703
707
708
709
710
713
714
717
720
721
725
726
727
733
734
736
737
738
739
742
743
746
749
750
751
752
754
758
759
760
763
765
767
768
770
773
774
780
782
783
787
792
793
795
796
798
799
801
802
805
806
807
809
810
811
815
816
817
818
819
820
824
825
826
827
836
837
838
839
844
845
846
847
850
851
854
856
857
860
863
867
874
875
876
877
878
881
882
884
887
888
892
895
898
899
901
902
906
908
913
917
918
921
922
924
927
928
932
936
944
946
948
949
950
953
955
956
958
961
963
968
969
973
974
980
983
984
987
991
992
993
994
995
999
1002
1004
1005
1011
1013
1015
1016
1017
1018
1019
1021
1024
1025
1029
1030
1031
1033
1034
1040
1041
1044
1055
1056
1062
1065
1068
1070
1071
1072
1074
1076
1077
1083
1085
1086
1088
1091
1094
1098
1104
1105
1106
1109
1112
1122
1123
1129
1132
1133
1139
1143
1145
1146
1148
1150
1156
1158
1159
1161
1162
1167
1172
1178
1180
1184
1189
1190
1191
1200
1201
1206
1209
1210
1212
1213
1217
1219
1220
1223
1231
1244
1245
1249
1250
1251
1253
1258
1259
1262
1270
1271
1272
1274
1276
1279
1285
1286
1292
1308
1312
1313
1315
1316
1320
1323
1326
1327
1328
1329
1331
1334
1338
1348
1350
1351
1356
1362
1365
1369
1370
1375
1378
1379
1381
1386
1387
1389
1393
1398
1400
1402
1403
1406
1408
1410
1411
1416
1419
1426
1429
1432
1433
1436
1440
1442
1443
1444
1447
1450
1451
1452
1457
1458
1463
1464
1465
1468
1470
1472
1473
1474
1480
1485
1487
1492
1495
1497
1503
1508
1513
1514
1518
1521
1522
1523
1524
1526
1527
1528
1529
1533
1545
1548
1549
1551
1552
1556
1558
1560
1562
1563
1566
1567
1568
1570
1572
1573
1576
1577
1580
1581
1583
1587
1589
1590
1598
1599
1600
1603
1606
1610
1616
1618
1620
1622
1624
1625
1629
1632
1641
1642
1644
1651
1654
1655
1659
1663
1667
1668
1669
1670
1673
1679
1683
1688
1691
1693
1697
1700
1701
1705
1706
1708
1709
1711
1712
1716
1719
1720
1726
1729
1732
1744
1745
1752
1758
1760
1764
1769
1770
1771
1773
1775
1778
1788
1789
1791
1792
1794
1795
1798
1803
1805
1808
1809
1810
1811
1818
1819
1820
1821
1822
1828
1830
1832
1835
1850
1852
1856
1859
1862
1867
1869
1870
1876
1877
1880
1886
1887
1889
1895
1896
1900
1902
1903
1904
1906
1907
1910
1918
1920
1921
1922
1925
1932
1935
1937
1939
1941
1945
1947
1950
1952
1955
1957
1959
1960
1961
1962
1966
1968
1969
1970
1972
1976
1977
1979
1982
1983
1986
1989
1990
1991
2003
2010
2011
2012
2013
2015
2017
2019
2020
2025
2027
2030
2033
2035
2036
2037
2038
2041
2044
2046
2047
2052
2062
2064
2067
2070
2073
2076
2085
2088
2097
2098
2103
2105
2109
2111
2114
2124
2128
2129
2130
2131
2132
2140
2141
2143
2146
2150
2154
2155
2156
2157
2158
2162
2165
2167
2168
2171
2174
2177
2178
2189
2190
2193
2194
2197
2199
2203
2205
2212
2218
2219
2222
2229
2232
2235
2238
2239
2242
2246
2247
2254
2255
2256
2258
2260
2269
2270
2273
2282
2288
2293
2296
2299
2300
2301
2308
2310
2318
2322
2327
2337
2338
2341
2344
2359
2360
2363
2364
2366
2368
2369
2370
2375
2376
2377
2387
2389
2392
2394
2400
2401
2402
2403
2404
2407
2408
2418
2419
2422
2424
2425
2426
2427
2432
2434
2435
2444
2448
2450
2453
2455
2460
2463
2464
2484
2487
2489
2491
2493
2494
2495
2498
2499
2501
2502
2506
2508
2511
2513
2516
2517
2518
2521
2525
2526
2528
2529
2531
2532
2536
2543
2545
2549
2551
2556
2557
2559
2562
2563
2566
2567
2568
2571
2575
2576
2581
2582
2583
2586
2587
2590
2592
2593
2594
2595
2598
2599
2601
2602
2604
2605
2606
2608
2609
2610
2611
2613
2615
2616
2619
2622
2623
2624
2625
2627
2628
2629
2634
2635
2636
2640
2641
2642
2644
2645
2646
2647
2648
2649
2650
2656
2657
2659
2660
2661
2662
2663
2664
2665
2666
2667
2669
2671
2672
2674
2676
2678
2680
2681
2682
2683
2684
2685
2686
2688
2689
2690
2691
2692
2696
2698
2699
2701
2702
2703
2706
2707
2710
2713
2715
2716
2719
2720
2721
2723
2724
2725
2726
2728
2729
2732
2738
2739
2742
2746
2747
2750
2754
2759
2763
2766
2767
2770
2771
2772
2774
2775
2777
2778
2779
2781
2784
2786
2787
2790
2792
2795
2802
2804
2806
2807
2809
2810
2811
2813
2814
2815
2817
2818
2821
2822
2823
2824
2825
2827
2829
2830
2832
2838
2839
2840
2843
2845
2846
2848
2850
2851
2852
2854
2855
2857
2861
2864
2865
2868
2869
2871
2872
2874
2875
2877
2879
2881
2882
2885
2888
2891
2892
2893
2894
2895
2896
2898
2901
2902
2903
2904
2906
2907
2912
2914
2920
2924
2927
2928
2931
2932
2933
2934
2937
2941
2942
2943
2944
2945
2948
2950
2951
2952
2953
2954
2958
2961
2962
2967
2970
2971
2973
2976
2978
2980
2982
2983
2988
2991
2992
2997
3002
3004
3007
3009
3010
3013
3016
3017
3020
3029
3030
3033
3037
3039
3044
3046
3049
3051
3053
3057
3058
3059
3060
3061
3064
3065
3069
3072
3073
3075
3076
3083
3084
3086
3088
3091
3092
3094
3095
3096
3097
3099
3100
3102
3105
3111
3115
3116
3117
3120
3121
3124
3125
3126
3127
3131
3132
3133
3134
3139
3140
3141
3146
3149
3150
3151
3152
3153
3155
3156
3157
3159
3163
3164
3168
3169
3170
3171
3173
3174
3176
3177
3183
3185
3186
3188
3193
3194
3196
3197
3205
3206
3207
3209
3210
3211
3214
3219
3223
3228
3230
3231
3232
3234
3235
3237
3242
3243
3246
3248
3250
3254
3256
3259
3262
3263
3264
3265
3267
3269
3270
3271
3275
3278
3281
3285
3286
3287
3288
3289
3290
3292
3296
3298
3301
3302
3303
3308
3309
3310
3311
3312
3313
3314
3315
3318
3320
3322
3324
3330
3331
3332
3334
3336
3341
3342
3343
3344
3345
3348
3350
3354
3357
3359
3361
3367
3369
3371
3372
3373
3376
3377
3380
3385
3387
3388
3390
3398
3400
3402
3403
3404
3406
3407
3413
3415
3416
3419
3420
3421
3422
3423
3424
3429
3430
3431
3432
3442
3445
3447
3450
3452
3453
3455
3457
3459
3461
3462
3463
3465
3466
3470
3471
3473
3474
3475
3476
3479
3480
3482
3483
3484
3485
3486
3487
3489
3491
3495
3496
3503
3504
3507
3509
3510
3511
3515
3521
3522
3523
3525
3526
3527
3529
3530
3532
3533
3534
3535
3540
3543
3544
3545
3547
3552
3553
3557
3559
3560
3562
3563
3565
3566
3568
3571
3573
3574
3577
3578
3580
3581
3582
3583
3585
3590
3591
3595
3596
3597
3598
3601
3602
3604
3605
3606
3607
3608
3609
3610
3611
3612
3613
3614
3615
3616
3618
3619
3620
3621
3623
3624
3630
3632
3637
3642
3644
3647
3648
3650
3651
3652
3655
3658
3660
3662
3666
3669
3672
3674
3676
3677
3682
3683
3684
3689
3690
3691
3698
3699
3701
3702
3703
3704
3705
3706
3707
3708
3711
3714
3715
3723
3729
3731
3732
3733
3734
3737
3738
3743
3746
3748
3752
3753
3755
3757
3758
3761
3763
3764
3766
3767
3769
3770
3772
3773
3776
3777
3779
3780
3785
3790
3791
3795
3798
3799
3800
3801
3802
3803
3806
3813
3815
3816
3817
3818
3821
3824
3825
3828
3829
3831
3834
3838
3839
3842
3845
3846
3849
3851
3852
3854
3855
3856
3857
3858
3860
3861
3864
3865
3866
3867
3869
3870
3871
3872
3873
3874
3880
3881
3882
3884
3887
3888
3889
3891
3892
3893
3894
3897
3898
3899
3900
3902
3913
3914
3919
3921
3922
3923
3924
3927
3929
3930
3932
3933
3938
3944
3945
3947
3948
3952
3957
3958
3961
3965
3968
3969
3971
3974
3979
3980
3982
3983
3984
3993
3997
4000
4001
4003
4005
4006
4008
4009
4010
4013
4016
4018
4020
4021
4022
4023
4024
4027
4033
4036
4039
4041
4042
4050
4051
4066
4067
4071
4073
4077
4082
4084
4087
4089
4090
4091
4096
4098
4101
4104
4106
4109
4110
4111
4113
4118
4119
4120
4122
4124
4127
4129
4131
4134
4137
4145
4147
4148
4149
4152
4153
4155
4159
4160
4165
4171
4179
4180
4183
4185
4186
4188
4190
4191
4192
4195
4205
4207
4215
4216
4218
4219
4220
4221
4226
4228
4229
4233
4235
4236
4237
4238
4241
4242
4244
4250
4253
4258
4259
4264
4267
4269
4271
4274
4276
4290
4291
4292
4293
4294
4298
4300
4301
4303
4308
4309
4313
4315
4316
4321
4324
4330
4331
4335
4340
4341
4347
4348
4353
4357
4358
4359
4360
4362
4364
4366
4367
4371
4374
4375
4378
4381
4383
4384
4388
4389
4390
4391
4392
4394
4398
4401
4405
4408
4409
4418
4422
4423
4425
4427
4434
4436
4438
4439
4441
4443
4448
4454
4456
4466
4470
4473
4474
4479
4484
4486
4490
4491
4495
4497
4502
4510
4528
4542
4543
4544
4546
4549
4555
4559
4560
4562
4565
4567
4568
4569
4571
4572
4574
4579
4582
4587
4588
4593
4595
4596
4597
4600
4603
4604
4607
4610
4618
4619
4628
4631
4632
4635
4637
4639
4642
4646
4648
4656
4657
4658
4660
4662
4674
4676
4677
4679
4685
4694
4696
4697
4701
4702
4703
4705
4707
4710
4713
4716
4719
4726
4727
4728
4735
4743
4745
4753
4755
4757
4763
4765
4766
4768
4774
4780
4781
4790
4791
4794
4795
4801
4802
4803
4804
4806
4809
4810
4814
4815
4816
4817
4819
4821
4826
4827
4831
4832
4833
4846
4851
4853
4860
4861
4862
4864
4865
4869
4871
4872
4873
4878
4881
4882
4883
4886
4887
4889
4894
4896
4900
4903
4907
4910
4912
4913
4914
4916
4917
4919
4920
4927
4931
4938
4940
4941
4942
4943
4944
4946
4952
4955
4960
4961
4962
4965
4969
4970
4979
4981
4986
4993
4994
4996
4997
4998
5001
5002
5005
5006
5022
5035
5036
5040
5041
5045
5047
5048
5049
5051
5052
5063
5064
5071
5072
5074
5079
5081
5082
5084
5087
5097
5099
5101
5102
5105
5110
5111
5113
5114
5116
5119
5121
5123
5124
5125
5126
5132
5133
5137
5141
5144
5148
5153
5158
5160
5161
5167
5170
5176
5179
5184
5188
5189
5190
5195
5199
5205
5214
5222
5230
5231
5233
5235
5242
5244
5245
5246
5247
5248
5255
5258
5261
5263
5264
5265
5268
5274
5280
5282
5285
5286
5288
5292
5293
5295
5299
5300
5310
5316
5323
5326
5329
5332
5338
5340
5342
5347
5350
5352
5356
5358
5360
5361
5364
5367
5369
5370
5373
5375
5376
5382
5388
5389
5390
5392
5397
5400
5402
5403
5405
5408
5409
5418
5421
5425
5428
5435
5437
5438
5442
5449
5450
5456
5458
5460
5461
5464
5465
5466
5471
5472
5474
5477
5478
5481
5482
5486
5491
5493
5497
5499
5504
5507
5511
5513
5515
5516
5517
5519
5521
5524
5529
5530
5532
5537
5544
5546
5549
5550
5551
5560
5564
5565
5566
5571
5572
5573
5579
5580
5581
5583
5587
5589
5590
5591
5592
5593
5597
5598
5599
5601
5603
5605
5606
5608
5612
5613
5614
5621
5623
5625
5630
5633
5638
5639
5645
5648
5649
5651
5652
5654
5655
5656
5660
5664
5666
5668
5675
5676
5679
5680
5681
5684
5686
5690
5692
5697
5699
5700
5705
5706
5710
5712
5719
5730
5731
5734
5738
5743
5746
5747
5751
5754
5764
5767
5768
5773
5774
5778
5779
5783
5790
5791
5792
5795
5797
5800
5804
5805
5806
5810
5811
5814
5816
5817
5820
5825
5828
5833
5836
5837
5840
5843
5847
5848
5850
5851
5854
5855
5856
5858
5861
5867
5868
5869
5876
5879
5880
5884
5888
5890
5894
5897
5898
5903
5906
5918
5920
5923
5927
5929
5931
5932
5933
5940
5946
5947
5948
5949
5952
5953
5955
5957
5961
5962
5966
5967
5968
5969
5971
5973
5981
5985
5987
5989
5993
5994
5995
6000
6003
6006
6013
6015
6022
6023
6028
6031
6035
6036
6039
6042
6045
6048
6050
6053
6056
6057
6058
6062
6064
6067
6073
6076
6080
6081
6085
6086
6090
6092
6093
6094
6103
6104
6106
6107
6108
6114
6117
6125
6133
6137
6138
6140
6142
6143
6145
6146
6147
6148
6149
6150
6154
6157
6161
6164
6166
6170
6172
6173
6179
6182
6183
6184
6185
6186
6200
6205
6206
6209
6211
6212
6213
6214
6215
6218
6219
6221
6222
6223
6230
6232
6235
6239
6240
6241
6242
6253
6254
6255
6261
6267
6270
6272
6273
6276
6282
6283
6286
6298
6306
6309
6314
6315
6321
6322
6324
6331
6339
6340
6349
6351
6353
6361
6369
6371
6372
6374
6376
6383
6389
6391
6392
6393
6396
6399
6401
6410
6411
6412
6413
6414
6415
6416
6418
6419
6425
6427
6428
6433
6451
6452
6453
6455
6457
6461
6462
6463
6468
6485
6487
6488
6495
6507
6513
6516
6529
6531
6532
6533
6535
6536
6540
6542
6544
6545
6546
6548
6550
6555
6556
6561
6564
6571
6576
6577
6584
6585
6586
6587
6589
6590
6594
6596
6597
6600
6609
6612
6621
6623
6627
6631
6632
6636
6637
6640
6649
6650
6651
6652
6653
6655
6667
6668
6669
6672
6675
6680
6687
6689
6690
6694
6698
6701
6702
6703
6704
6713
6715
6718
6719
6722
6727
6738
6741
6749
6750
6751
6755
6756
6757
6758
6761
6762
6767
6772
6773
6777
6784
6787
6789
6790
6792
6795
6796
6800
6801
6802
6807
6813
6814
6818
6821
6825
6827
6833
6841
6842
6849
6851
6856
6857
6859
6866
6869
6870
6871
6872
6878
6879
6883
6884
6885
6886
6891
6906
6907
6910
6911
6913
6915
6918
6926
6934
6935
6936
6943
6955
6956
6963
6964
6966
6967
6969
6970
6972
6973
6981
6988
6990
6991
6992
6994
6999
7004
7005
7010
7012
7013
7020
7024
7025
7027
7034
7037
7038
7049
7050
7052
7055
7056
7064
7068
7074
7089
7098
7104
7121
7122
7127
7128
7131
7132
7133
7134
7136
7140
7141
7142
7143
7148
7154
7158
7159
7165
7167
7174
7175
7176
7177
7178
7184
7192
7194
7195
7203
7211
7212
7216
7219
7221
7222
7223
7224
7225
7226
7230
7231
7232
7235
7239
7240
7241
7245
7250
7256
7259
7267
7268
7273
7279
7280
7284
7285
7290
7293
7294
7300
7306
7314
7320
7321
7323
7325
7328
7333
7341
7342
7344
7345
7351
7353
7358
7360
7362
7366
7373
7377
7381
7382
7386
7390
7397
7398
7402
7409
7411
7412
7413
7416
7419
7420
7428
7429
7430
7439
7441
7447
7449
7452
7454
7461
7466
7472
7475
7476
7477
7478
7488
7491
7494
7495
7496
7498
7501
7503
7505
7508
7510
7513
7514
7517
7523
7532
7533
7538
7539
7552
7555
7557
7558
7562
7563
7569
7570
7571
7572
7573
7575
7576
7578
7579
7580
7583
7585
7588
7592
7601
7602
7605
7608
7611
7614
7617
7619
7620
7628
7630
7635
7637
7638
7641
7645
7646
7649
7657
7662
7664
7666
7669
7683
7684
7686
7687
7691
7692
7694
7695
7704
7706
7707
7708
7711
7713
7714
7722
7724
7726
7727
7729
7730
7739
7741
7748
7749
7751
7760
7761
7762
7765
7766
7767
7770
7773
7774
7775
7777
7779
7784
7785
7787
7788
7790
7804
7806
7807
7810
7816
7817
7818
7822
7825
7837
7847
7851
7852
7856
7857
7858
7859
7863
7867
7869
7870
7874
7876
7877
7880
7881
7882
7886
7891
7894
7897
7903
7906
7909
7910
7915
7916
7925
7928
7930
7935
7940
7946
7948
7949
7951
7954
7955
7956
7958
7960
7964
7968
7969
7970
7971
7972
7976
7980
7981
7983
7984
7992
7993
7994
8001
8014
8015
8041
8042
8043
8045
8047
8049
8051
8053
8054
8056
8058
8064
8065
8066
8068
8071
8073
8074
8076
8078
8079
8080
8086
8087
8088
8089
8093
8099
8100
8102
8105
8131
8138
8143
8146
8147
8149
8153
8155
8161
8167
8168
8169
8170
8175
8181
8183
8186
8188
8192
8194
8195
8197
8200
8201
8215
8223
8224
8227
8228
8229
8232
8234
8237
8238
8239
8243
8245
8249
8251
8253
8261
8265
8268
8274
8276
8277
8280
8281
8287
8291
8297
8312
8314
8315
8317
8323
8327
8330
8331
8333
8335
8342
8343
8346
8347
8349
8350
8354
8355
8358
8368
8370
8372
8373
8374
8378
8379
8382
8392
8394
8400
8403
8405
8409
8410
8411
8412
8415
8417
8423
8424
8438
8440
8449
8455
8460
8469
8471
8472
8475
8481
8486
8487
8488
8490
8491
8499
8501
8506
8508
8509
8514
8518
8522
8527
8533
8536
8537
8562
8568
8572
8578
8579
8586
8587
8590
8599
8603
8605
8608
8611
8614
8626
8629
8635
8637
8652
8656
8660
8667
8669
8670
8676
8684
8705
8711
8719
8732
8733
8736
8737
8741
8753
8758
8760
8764
8769
8772
8775
8785
8786
8789
8796
8797
8798
8799
8800
8801
8802
8803
8809
8814
8816
8821
8823
8824
8827
8828
8829
8834
8836
8837
8847
8849
8852
8856
8864
8865
8866
8869
8870
8873
8874
8875
8878
8880
8889
8904
8914
8915
8917
8920
8922
8923
8927
8928
8930
8938
8944
8955
8970
8977
8979
8980
8981
8989
8998
8999
9006
9007
9008
9013
9016
9020
9021
9025
9030
9037
9049
9056
9058
9064
9066
9081
9083
9085
9086
9090
9091
9092
9096
9099
9101
9102
9104
9106
9109
9110
9117
9128
9131
9135
9139
9149
9150
9152
9157
9166
9167
9175
9179
9184
9189
9192
9198
9199
9206
9207
9208
9209
9213
9215
9219
9220
9231
9233
9236
9238
9239
9242
9244
9247
9248
9252
9257
9258
9259
9262
9263
9264
9265
9268
9269
9270
9271
9272
9273
9274
9275
9276
9278
9280
9281
9282
9283
9284
9287
9290
9295
9298
9303
9304
9305
9309
9310
9311
9325
9338
9344
9348
9351
9352
9373
9378
9383
9384
9391
9393
9403
9417
9423
9426
9429
9440
9441
9445
9446
9447
9448
9453
9455
9460
9461
9476
9477
9485
9490
9491
9498
9499
9503
9507
9511
9525
9526
9527
9530
9532
9533
9536
9542
9543
9544
9545
9549
9550
9554
9556
9560
9561
9564
9565
9569
9572
9577
9585
9590
9592
9593
9594
9603
9606
9609
9612
9615
9617
9619
9622
9628
9634
9638
9640
9653
9656
9661
9668
9671
9672
9674
9677
9679
9681
9682
9693
9694
9695
9701
9706
9709
9717
9721
9722
9728
9747
9749
9752
9753
9759
9764
9766
9776
9778
9790
9797
9798
9800
9802
9810
9813
9815
9820
9822
9833
9835
9846
9847
9849
9850
9860
9866
9876
9878
9884
9886
9888
9899
9904
9907
9909
9910
9911
9920
9921
9926
9940
9941
9942
9951
9952
9954
9963
9964
9970
9975
9978
9981
9987
9990
9995
10003
10009
10029
10034
10039
10044
10051
10052
10056
10063
10064
10065
10075
10076
10079
10091
10094
10099
10100
10102
10106
10111
10113
10125
10132
10139
10144
10148
10149
10151
10154
10155
10156
10159
10161
10172
10179
10180
10188
10190
10192
10198
10201
10202
10210
10212
10214
10217
10225
10227
10232
10235
10237
10245
10258
10264
10268
10271
10281
10291
10298
10307
10309
10310
10314
10332
10334
10339
10342
10344
10345
10357
10365
10384
10388
10395
10404
10413
10419
10434
10441
10450
10474
10483
10485
10486
10487
10495
10496
10501
10511
10523
10529
10532
10543
10545
10553
10557
10558
10562
10576
10583
10591
10592
10595
10599
10613
10615
10627
10640
10646
10647
10648
10670
10672
10674
10677
10682
10685
10691
10692
10699
10720
10722
10731
10743
10749
10759
10763
10771
10772
10776
10777
10779
10785
10788
10790
10792
10799
10801
10806
10808
10814
10833
10836
10838
10839
10849
10864
10869
10871
10881
10884
10889
10896
10900
10920
10927
10941
10942
10943
10945
10950
10951
10960
10964
10979
10988
10994
11000
11005
11009
11012
11016
11021
11025
11036
11040
11042
11044
11045
11046
11051
11058
11062
11064
11079
11082
11087
11089
11090
11101
11126
11131
11153
11156
11157
11181
11193
11194
11202
11203
11211
11212
11215
11218
11225
11227
11229
11238
11256
11270
11275
11276
11277
11293
11299
11307
11316
11317
11320
11321
11334
11342
11351
11353
11358
11359
11367
11375
11380
11386
11387
11389
11395
11400
11401
11402
11404
11405
11406
11410
11411
11413
11414
11418
11422
11437
11439
11460
11464
11474
11476
11480
11500
11512
11515
11517
11520
11524
11527
11535
11538
11546
11549
11554
11562
11569
11572
11574
11577
11583
11587
11596
11597
11605
11608
11619
11630
11643
11644
11647
11660
11670
11701
11715
11719
11723
11739
11750
11807
11818
11826
11829
11849
11873
11911
11914
11918
11940
11942
11948
11955
11963
11971
11996
12007
12011
12043
12055
12064
12066
12086
12100
12104
12111
12122
12123
12126
12133
12137
12139
12140
12144
12150
12151
12157
12158
12164
12178
12179
12181
12189
12190
12195
12209
12212
12215
12218
12222
12225
12227
12230
12234
12242
12247
12251
12259
12275
12281
12289
12302
12318
12321
12325
12349
12358
12359
12374
12384
12385
12399
12406
12413
12419
12448
12458
12499
12513
12514
12520
12529
12530
12531
12532
12534
12538
12539
12548
12554
12555
12557
12559
12560
12561
12563
12566
12568
12583
12585
12587
12593
12594
12614
12638
12649
12650
12653
12660
12676
12677
12682
12685
12701
12705
12706
12707
12708
12709
12711
12716
12726
12748
12751
12754
12764
12774
12782
12791
12792
12798
12816
12828
12833
12857
12858
12879
12881
12887
12891
12892
12894
12898
12899
12906
12911
12914
12915
12917
12927
12950
12956
12958
12961
12965
12966
12969
12982
12987
12995
13012
13017
13028
13037
13039
13041
13068
13070
13077
13085
13088
13090
13096
13097
13098
13102
13113
13117
13134
13146
13150
13160
13162
13163
13169
13190
13203
13206
13227
13231
13239
13241
13246
13248
13255
13258
13267
13281
13290
13291
13297
13301
13309
13311
13315
13327
13337
13338
13354
13358
13362
13368
13372
13382
13396
13400
13415
13418
13419
13421
13427
13431
13432
13448
13455
13482
13483
13496
13511
13514
13517
13518
13528
13532
13535
13559
13566
13571
13572
13574
13575
13581
13584
13586
13587
13590
13591
13597
13599
13602
13611
13617
13630
13632
13647
13654
13656
13661
13662
13664
13674
13684
13685
13687
13688
13689
13690
13691
13692
13695
13708
13713
13714
13715
13718
13719
13741
13745
13763
13767
13770
13780
13800
13804
13807
13812
13813
13820
13837
13848
13853
13854
13856
13857
13858
13869
13875
13889
13893
13899
13906
13909
13910
13920
13938
13942
13959
13975
13980
13986
13997
14000
14002
14003
14032
14054
14065
14070
14089
14105
14112
14114
14117
14123
14140
14157
14162
14168
14173
14174
14192
14193
14219
14239
14246
14261
14266
14267
14280
14282
14312
14330
14335
14358
14364
14379
14381
14383
14386
14392
14404
14405
14410
14419
14447
14451
14454
14474
14490
14529
14539
14552
14557
14560
14577
14592
14594
14610
14617
14619
14626
14648
14652
14658
14664
14670
14675
14677
14691
14693
14697
14714
14726
14734
14736
14737
14744
14746
14747
14753
14754
14766
14772
14776
14786
14792
14796
14808
14812
14819
14823
14843
14866
14880
14889
14903
14904
14915
14924
14929
14933
14949
14953
14956
14960
14971
14980
14982
14983
14987
14993
15000
15001
15003
15005
15010
15029
15040
15051
15056
15057
15062
15065
15067
15072
15073
15078
15083
15087
15095
15097
15108
15119
15153
15154
15158
15159
15163
15182
15188
15191
15195
15208
15210
15220
15227
15229
15234
15241
15243
15249
15282
15287
15294
15298
15303
15317
15319
15337
15346
15347
15364
15373
15384
15417
15418
15431
15435
15436
15444
15463
15478
15501
15503
15518
15525
15533
15556
15559
15570
15579
15593
15602
15610
15624
15645
15650
15663
15668
15676
15677
15691
15714
15717
15746
15764
15777
15825
15844
15845
15847
15851
15860
15876
15877
15881
15911
15914
15916
15930
15947
15986
15993
16010
16019
16033
16035
16049
16054
16064
16071
16078
16089
16098
16099
16112
16116
16118
16153
16156
16162
16172
16186
16193
16199
16212
16227
16266
16281
16296
16299
16324
16341
16344
16356
16360
16377
16384
16407
16408
16409
16413
16429
16433
16439
16446
16451
16453
16454
16458
16478
16485
16488
16502
16504
16510
16514
16517
16519
16523
16524
16525
16529
16546
16571
16578
16589
16590
16596
16597
16605
16609
16625
16705
16753
16763
16772
16775
16785
16790
16792
16804
16808
16818
16830
16832
16933
16984
17096
17111
17122
17127
17133
17255
17256
17257
17260
17265
17267
17268
17269
17272
17273
17278
17280
17282
17284
17291
17293
17304
17305
17308
17310
17316
17345
17357
17406
17425
17430
17440
17454
17461
17471
17480
17487
17490
17493
17496
17497
17515
17516
17565
17570
17575
17633
17666
17678
17751
17769
17779
17792
17798
17820
17821
17858
17883
17887
17895
17905
17928
17929
17934
17945
17953
17972
17988
18002
18017
18051
18053
18054
18055
18062
18063
18064
18066
18068
18071
18093
18097
18104
18105
18106
18108
18109
18112
18114
18115
18116
18119
18120
18122
18123
18124
18127
18128
18129
18130
18133
18135
18136
18137
18138
18139
18140
18143
18144
18145
18146
18156
18167
18168
18171
18174
18179
18181
18182
18184
18186
18189
18196
18204
18205
18211
18213
18219
18221
18223
18226
18227
18230
18238
18239
18240
18242
18251
18256
18259
18260
18261
18270
18275
18284
18295
18298
18303
18307
18316
18321
18332
18338
18339
18342
18345
18349
18354
18366
18376
18377
18388
18400
18420
18429
18437
18462
18477
18481
18482
18484
18486
18515
18519
18520
18526
18545
18556
18563
18564
18601
18626
18631
18656
18662
18685
18686
18704
18705
18708
18716
18743
18756
18794
18799
18800
18823
18825
18903
18933
18943
18969
18981
18982
19004
19010
19012
19036
19044
19047
19100
19116
19138
19140
19147
19152
19193
19198
19222
19226
19227
19237
19281
19293
19552
19590
19591
19598
19638
19747
19778
19915
