0
1
5
7
8
10
11
16
17
19
23
24
26
29
30
34
36
39
47
48
49
51
53
54
55
58
60
67
68
70
74
75
77
82
84
86
87
88
89
90
91
92
93
94
101
103
108
111
113
115
116
117
119
123
124
125
127
129
130
131
132
136
138
141
142
143
147
149
152
153
159
162
163
167
168
170
178
181
182
183
185
187
198
200
205
206
207
209
210
212
215
216
217
222
226
230
233
237
239
240
247
248
254
255
259
262
264
270
273
274
275
276
278
279
280
282
283
287
288
293
295
296
297
299
300
302
304
308
310
312
313
321
322
323
331
344
347
349
350
358
362
363
367
368
373
374
375
378
383
387
389
393
394
408
410
412
414
421
427
428
429
431
432
435
436
438
439
442
443
445
450
451
454
457
458
463
469
482
490
493
504
505
508
510
511
517
519
523
525
526
527
534
538
539
541
553
554
555
579
585
587
593
594
595
596
598
599
600
601
604
605
607
611
612
615
616
625
626
629
635
640
642
645
649
651
652
658
660
661
663
665
668
670
672
673
679
681
683
687
690
692
693
695
701
709
714
721
724
727
734
735
736
737
739
743
746
750
752
758
759
765
770
772
773
776
780
782
783
787
795
796
798
799
801
804
805
806
809
810
811
815
817
819
820
822
824
825
826
827
832
836
838
839
843
844
845
846
847
848
850
852
854
856
857
858
860
873
876
877
879
884
886
888
891
892
895
898
902
911
918
919
924
943
945
946
948
956
961
963
968
969
973
974
984
987
992
993
997
999
1009
1013
1017
1018
1019
1022
1029
1030
1031
1034
1037
1041
1055
1056
1069
1071
1073
1074
1076
1077
1078
1079
1082
1083
1084
1092
1097
1103
1104
1105
1122
1129
1131
1143
1145
1146
1150
1156
1158
1161
1162
1169
1175
1179
1180
1184
1190
1198
1201
1204
1209
1219
1223
1227
1231
1237
1249
1250
1253
1254
1258
1265
1272
1274
1276
1279
1286
1299
1309
1312
1315
1321
1326
1327
1328
1331
1338
1345
1356
1365
1369
1370
1371
1375
1379
1392
1398
1403
1406
1410
1415
1437
1442
1447
1450
1451
1457
1458
1463
1465
1472
1474
1480
1483
1487
1497
1505
1510
1513
1514
1520
1526
1527
1528
1530
1540
1545
1549
1551
1558
1567
1570
1572
1579
1580
1587
1589
1596
1599
1601
1603
1610
1618
1620
1625
1636
1641
1645
1655
1669
1670
1678
1679
1680
1682
1688
1697
1705
1711
1715
1716
1726
1732
1739
1740
1744
1745
1746
1760
1769
1773
1778
1781
1792
1798
1802
1805
1808
1809
1810
1811
1821
1822
1828
1830
1832
1850
1852
1869
1889
1896
1904
1905
1907
1910
1915
1920
1923
1925
1935
1946
1947
1950
1951
1956
1966
1968
1972
1974
1977
1979
1982
1990
2003
2009
2012
2013
2019
2021
2032
2036
2037
2039
2041
2043
2047
2048
2052
2062
2064
2067
2073
2088
2092
2097
2098
2103
2109
2124
2129
2130
2131
2137
2140
2154
2158
2162
2165
2168
2190
2194
2197
2212
2225
2229
2232
2235
2240
2254
2255
2256
2259
2260
2267
2269
2273
2299
2303
2310
2322
2337
2338
2341
2354
2359
2360
2363
2368
2369
2385
2394
2400
2401
2403
2419
2421
2422
2423
2429
2434
2435
2444
2448
2450
2452
2453
2455
2460
2479
2487
2489
2491
2493
2494
2498
2501
2506
2510
2513
2517
2518
2521
2523
2528
2529
2531
2536
2539
2544
2545
2549
2551
2552
2556
2559
2562
2563
2567
2568
2570
2571
2575
2582
2586
2587
2590
2593
2594
2597
2601
2602
2605
2606
2608
2610
2611
2613
2615
2622
2623
2624
2625
2628
2629
2634
2640
2643
2644
2645
2646
2647
2648
2657
2658
2659
2660
2662
2663
2665
2666
2669
2670
2674
2678
2681
2684
2688
2698
2699
2713
2715
2716
2717
2719
2721
2723
2724
2729
2730
2738
2746
2747
2748
2750
2755
2757
2763
2765
2766
2775
2777
2778
2786
2787
2794
2799
2801
2803
2804
2807
2814
2817
2822
2825
2827
2832
2834
2836
2838
2840
2842
2843
2844
2850
2852
2853
2856
2859
2860
2861
2864
2869
2871
2885
2888
2893
2901
2902
2903
2904
2920
2924
2927
2928
2931
2933
2937
2941
2944
2945
2949
2950
2952
2953
2958
2970
2973
2976
2978
2983
2985
2987
2988
2989
2992
3002
3004
3010
3029
3037
3049
3051
3053
3056
3058
3061
3069
3072
3073
3083
3084
3086
3094
3095
3099
3100
3113
3115
3116
3124
3127
3130
3131
3139
3141
3150
3153
3156
3159
3165
3168
3169
3170
3171
3174
3177
3186
3188
3193
3206
3207
3208
3211
3214
3223
3230
3232
3238
3239
3242
3243
3250
3253
3254
3256
3261
3263
3264
3265
3266
3267
3271
3275
3287
3289
3290
3292
3298
3301
3308
3310
3312
3313
3314
3315
3322
3324
3330
3331
3332
3336
3341
3342
3343
3344
3345
3350
3356
3357
3361
3371
3372
3373
3376
3384
3387
3390
3396
3400
3402
3403
3404
3406
3412
3416
3418
3422
3424
3426
3429
3430
3431
3432
3437
3451
3453
3455
3457
3459
3461
3463
3465
3466
3470
3473
3474
3475
3481
3482
3483
3484
3485
3486
3487
3491
3496
3497
3507
3515
3521
3522
3525
3533
3534
3539
3542
3543
3544
3545
3547
3550
3552
3559
3560
3561
3563
3566
3567
3568
3573
3574
3578
3583
3590
3591
3595
3596
3597
3598
3601
3602
3604
3606
3607
3609
3611
3612
3613
3615
3616
3618
3620
3624
3625
3626
3630
3632
3634
3642
3647
3649
3652
3655
3658
3660
3665
3667
3673
3674
3689
3695
3698
3702
3703
3704
3705
3706
3707
3714
3715
3718
3719
3722
3725
3729
3730
3733
3734
3738
3739
3752
3758
3764
3766
3767
3777
3780
3791
3795
3799
3800
3801
3802
3803
3806
3815
3817
3821
3822
3831
3842
3843
3844
3845
3849
3852
3857
3858
3859
3860
3864
3865
3866
3868
3869
3870
3871
3880
3881
3884
3887
3891
3898
3899
3900
3901
3913
3919
3922
3924
3932
3933
3938
3943
3944
3945
3947
3948
3952
3958
3961
3965
3968
3980
3981
3984
3993
3994
4001
4003
4006
4007
4008
4009
4013
4016
4020
4022
4023
4032
4036
4039
4041
4046
4050
4073
4074
4077
4082
4083
4084
4085
4087
4089
4096
4101
4103
4104
4107
4109
4111
4113
4118
4119
4129
4131
4134
4137
4141
4145
4149
4152
4153
4159
4172
4175
4179
4181
4183
4185
4188
4190
4191
4192
4194
4197
4200
4207
4208
4215
4216
4219
4220
4228
4230
4234
4235
4236
4237
4238
4242
4250
4253
4257
4258
4269
4270
4277
4281
4292
4297
4300
4303
4311
4313
4316
4324
4329
4331
4335
4340
4353
4358
4362
4366
4378
4389
4390
4391
4398
4405
4408
4410
4412
4418
4420
4423
4425
4427
4430
4434
4436
4437
4439
4441
4442
4448
4456
4466
4469
4474
4490
4491
4493
4495
4502
4506
4510
4528
4539
4555
4556
4559
4560
4571
4572
4574
4592
4593
4595
4596
4612
4623
4626
4631
4632
4636
4648
4649
4651
4658
4660
4662
4676
4679
4680
4685
4701
4703
4705
4713
4718
4719
4723
4726
4728
4734
4749
4751
4753
4757
4761
4766
4790
4791
4794
4795
4802
4806
4811
4812
4815
4817
4821
4827
4833
4841
4851
4853
4863
4865
4868
4875
4878
4882
4886
4889
4900
4906
4913
4919
4923
4927
4938
4942
4952
4955
4960
4961
4967
4968
4974
4988
4993
4997
4998
5003
5006
5011
5017
5035
5036
5040
5041
5042
5045
5048
5051
5056
5063
5064
5065
5066
5082
5087
5097
5101
5102
5111
5114
5116
5121
5124
5125
5144
5153
5156
5160
5167
5179
5193
5195
5199
5221
5222
5234
5235
5244
5247
5248
5254
5261
5263
5268
5278
5285
5297
5305
5326
5329
5351
5352
5358
5361
5363
5367
5369
5373
5382
5390
5403
5408
5422
5438
5444
5446
5449
5450
5459
5460
5461
5472
5476
5477
5478
5491
5496
5497
5498
5500
5504
5511
5513
5515
5516
5517
5521
5544
5546
5550
5551
5555
5556
5564
5565
5566
5572
5573
5575
5580
5586
5597
5601
5603
5606
5608
5614
5621
5625
5626
5630
5639
5640
5645
5649
5651
5657
5660
5661
5664
5675
5679
5681
5684
5690
5705
5708
5712
5719
5721
5730
5734
5738
5747
5754
5755
5763
5764
5768
5773
5784
5789
5792
5794
5796
5804
5810
5816
5817
5830
5833
5836
5837
5838
5847
5850
5855
5867
5868
5869
5886
5894
5898
5903
5906
5918
5920
5927
5931
5932
5933
5936
5942
5945
5946
5947
5948
5952
5953
5959
5966
5987
5990
5993
5999
6000
6015
6022
6039
6045
6048
6056
6060
6067
6070
6073
6080
6092
6093
6094
6104
6113
6125
6126
6138
6139
6142
6143
6145
6146
6150
6157
6161
6166
6183
6184
6186
6193
6199
6205
6206
6213
6215
6221
6223
6224
6230
6235
6239
6253
6261
6267
6271
6272
6274
6276
6283
6299
6302
6303
6309
6324
6331
6340
6343
6344
6353
6361
6364
6366
6371
6372
6374
6389
6393
6396
6409
6413
6416
6418
6419
6426
6427
6453
6455
6457
6458
6461
6462
6466
6468
6485
6487
6495
6507
6518
6529
6531
6535
6540
6542
6548
6552
6564
6565
6571
6577
6579
6585
6586
6588
6589
6596
6597
6600
6602
6612
6621
6625
6626
6628
6632
6636
6649
6653
6667
6675
6676
6694
6698
6701
6703
6713
6719
6736
6738
6741
6751
6757
6762
6765
6767
6772
6773
6790
6792
6800
6802
6807
6812
6814
6818
6822
6826
6833
6842
6844
6866
6869
6878
6879
6881
6883
6884
6885
6886
6902
6907
6910
6913
6915
6922
6926
6935
6947
6955
6964
6965
6966
6967
6969
6970
6973
6975
6979
6990
6992
6994
6995
6999
7004
7005
7020
7027
7038
7049
7050
7052
7061
7065
7067
7074
7080
7081
7089
7104
7122
7126
7131
7143
7148
7154
7161
7167
7174
7178
7179
7184
7194
7203
7207
7209
7216
7221
7222
7225
7226
7230
7231
7232
7235
7238
7240
7244
7245
7256
7259
7268
7273
7279
7282
7285
7293
7294
7296
7314
7323
7325
7328
7344
7345
7358
7360
7366
7386
7398
7405
7409
7410
7412
7441
7446
7449
7451
7472
7473
7476
7478
7480
7494
7495
7501
7503
7508
7514
7517
7532
7538
7539
7547
7551
7552
7555
7557
7562
7571
7572
7573
7575
7576
7585
7588
7592
7602
7604
7608
7611
7614
7617
7624
7635
7639
7641
7645
7646
7657
7661
7664
7666
7683
7686
7687
7691
7692
7706
7707
7710
7719
7724
7725
7741
7747
7751
7759
7761
7770
7775
7779
7784
7787
7793
7804
7806
7807
7810
7822
7825
7827
7828
7837
7840
7852
7856
7863
7865
7867
7869
7874
7877
7880
7886
7891
7905
7908
7910
7925
7926
7927
7930
7933
7934
7935
7939
7951
7955
7956
7959
7960
7961
7968
7970
7980
7981
7984
7993
7994
7998
8008
8010
8011
8041
8043
8047
8049
8051
8054
8061
8063
8064
8066
8071
8074
8078
8088
8089
8090
8099
8100
8102
8120
8128
8149
8153
8161
8166
8170
8181
8189
8192
8194
8195
8200
8204
8206
8223
8227
8228
8232
8239
8243
8245
8249
8251
8261
8264
8265
8271
8276
8277
8281
8282
8287
8315
8330
8342
8343
8346
8347
8348
8349
8350
8354
8358
8364
8370
8378
8382
8394
8400
8403
8405
8412
8417
8423
8434
8449
8455
8460
8472
8474
8475
8481
8488
8496
8501
8502
8506
8514
8527
8533
8539
8547
8572
8581
8583
8590
8599
8601
8605
8612
8629
8635
8648
8652
8660
8667
8684
8694
8696
8705
8711
8732
8733
8736
8737
8740
8741
8742
8746
8753
8758
8760
8764
8769
8775
8785
8796
8798
8799
8800
8802
8803
8811
8816
8818
8820
8822
8823
8824
8828
8830
8837
8847
8849
8852
8864
8866
8867
8868
8869
8873
8878
8889
8899
8904
8914
8915
8917
8920
8927
8928
8955
8970
8973
8977
8981
8989
8998
8999
9007
9008
9013
9016
9036
9037
9045
9052
9058
9066
9072
9081
9091
9092
9095
9096
9102
9110
9113
9131
9140
9152
9157
9174
9175
9178
9184
9195
9207
9208
9210
9216
9218
9220
9227
9230
9231
9233
9236
9238
9239
9247
9248
9252
9257
9258
9263
9264
9265
9268
9269
9273
9280
9281
9282
9283
9284
9286
9287
9295
9303
9311
9314
9315
9317
9325
9338
9351
9356
9373
9378
9384
9391
9402
9417
9422
9423
9426
9429
9432
9441
9442
9443
9445
9446
9447
9450
9455
9459
9461
9476
9477
9494
9499
9507
9511
9513
9514
9516
9530
9539
9540
9542
9543
9549
9550
9554
9556
9561
9563
9564
9569
9593
9594
9595
9598
9599
9603
9606
9609
9615
9617
9619
9628
9630
9631
9633
9671
9672
9681
9682
9690
9695
9705
9706
9716
9717
9721
9752
9753
9759
9776
9777
9778
9802
9810
9821
9822
9833
9835
9845
9846
9848
9850
9860
9863
9868
9876
9884
9886
9899
9904
9907
9909
9911
9921
9940
9941
9942
9951
9954
9964
9968
9975
9987
9990
10009
10029
10034
10039
10044
10056
10063
10075
10097
10099
10100
10102
10106
10132
10154
10155
10159
10161
10180
10185
10190
10212
10214
10222
10225
10227
10232
10240
10249
10258
10298
10307
10309
10317
10332
10334
10342
10349
10357
10365
10367
10374
10388
10395
10400
10404
10413
10423
10437
10439
10450
10459
10477
10480
10483
10486
10495
10499
10508
10511
10514
10543
10567
10572
10576
10583
10585
10591
10595
10597
10599
10600
10609
10613
10640
10648
10659
10674
10691
10701
10720
10728
10731
10738
10743
10761
10771
10772
10782
10785
10789
10814
10833
10836
10839
10855
10881
10889
10896
10900
10914
10941
10945
10959
10962
10973
10979
10988
10994
11009
11016
11033
11040
11044
11045
11046
11064
11069
11082
11089
11090
11108
11115
11121
11126
11127
11131
11144
11146
11148
11153
11157
11160
11194
11212
11227
11236
11238
11275
11287
11297
11299
11303
11307
11309
11317
11320
11321
11322
11353
11355
11358
11365
11386
11403
11404
11405
11406
11411
11414
11422
11439
11457
11460
11464
11469
11476
11480
11503
11512
11515
11533
11556
11572
11580
11583
11596
11605
11619
11630
11634
11643
11675
11685
11701
11712
11713
11715
11738
11740
11750
11758
11764
11816
11847
11873
11911
11918
11923
11940
11948
11963
11978
11983
12036
12047
12066
12083
12101
12112
12123
12126
12135
12137
12138
12145
12150
12152
12155
12158
12164
12195
12211
12218
12225
12230
12234
12239
12247
12263
12302
12316
12321
12325
12349
12358
12367
12428
12491
12520
12532
12533
12534
12539
12550
12554
12555
12562
12579
12585
12587
12606
12659
12676
12677
12678
12680
12682
12705
12706
12716
12718
12790
12798
12858
12876
12897
12914
12915
12927
12958
12965
12968
12969
13016
13037
13039
13070
13113
13120
13134
13163
13200
13203
13231
13238
13248
13255
13273
13282
13327
13341
13343
13354
13360
13400
13403
13427
13431
13432
13438
13455
13483
13496
13514
13520
13529
13572
13581
13584
13599
13620
13630
13639
13647
13656
13661
13674
13685
13688
13689
13690
13691
13695
13708
13713
13714
13724
13731
13741
13767
13805
13812
13813
13837
13844
13848
13854
13858
13920
13927
13997
14070
14117
14157
14160
14168
14174
14232
14239
14243
14280
14281
14312
14335
14379
14383
14419
14431
14447
14451
14454
14529
14540
14552
14564
14594
14614
14619
14626
14642
14648
14652
14664
14665
14675
14677
14697
14703
14705
14734
14736
14747
14753
14760
14765
14766
14792
14796
14808
14812
14819
14880
14889
14903
14904
14918
14927
14971
14973
14977
14980
14982
15003
15022
15024
15030
15040
15051
15067
15086
15087
15095
15148
15163
15175
15177
15180
15191
15207
15210
15219
15234
15236
15278
15288
15298
15319
15323
15337
15346
15347
15350
15373
15422
15436
15463
15478
15500
15503
15514
15525
15526
15556
15557
15570
15597
15634
15645
15668
15677
15714
15717
15731
15746
15781
15847
15881
15947
16019
16035
16063
16089
16116
16153
16162
16196
16199
16206
16227
16228
16299
16356
16384
16403
16423
16429
16479
16494
16504
16510
16524
16530
16545
16578
16590
16596
16605
16628
16636
16638
16704
16715
16716
16753
16754
16792
16818
16830
16831
16832
16861
17004
17059
17122
17152
17155
17178
17254
17267
17268
17276
17278
17280
17285
17289
17295
17296
17308
17311
17356
17366
17406
17430
17440
17480
17487
17493
17497
17515
17565
17645
17697
17751
17792
17798
17821
17881
17934
17988
18017
18053
18062
18063
18071
18085
18093
18106
18108
18111
18114
18117
18119
18122
18123
18125
18127
18128
18137
18139
18142
18144
18145
18156
18168
18170
18173
18179
18184
18186
18193
18196
18201
18203
18210
18216
18219
18223
18224
18230
18240
18251
18259
18261
18266
18270
18282
18295
18307
18316
18321
18347
18349
18350
18354
18391
18410
18413
18433
18448
18482
18493
18556
18601
18684
18704
18708
18799
18889
18907
18914
18943
18969
18990
19100
19116
19128
19147
19552
19591
19638
19747
19778
19915
