9
17
26
74
89
100
101
131
159
305
337
360
432
585
588
609
619
623
640
650
867
1025
1085
1447
1473
1475
1641
1762
2009
2068
2160
2197
2455
2518
2591
2615
2660
2719
2763
3150
3176
3224
3383
3450
3500
3684
3708
3718
3822
3849
3886
4119
4275
4493
4544
4559
4625
4694
4726
4807
5045
5119
5125
5310
5776
5805
5848
5853
5867
5888
6038
6158
6213
6389
6496
6706
7104
7409
7459
7657
7658
7739
7797
7894
8084
8779
8917
9109
9191
9242
9693
9884
9888
10029
10181
10235
10664
10779
11543
11648
12243
12950
13200
13291
13315
13462
13683
14055
15051
15509
16071
16646
17267
17514
18350
18351
18607
18771
