3
17
28
29
38
41
51
58
60
74
76
83
88
93
101
115
134
146
151
172
181
190
200
210
213
219
224
228
233
264
272
293
303
308
317
322
342
344
352
360
403
408
428
460
463
468
474
488
490
501
502
513
514
523
554
555
583
601
610
611
626
631
663
709
719
721
734
736
748
754
779
790
796
801
805
815
843
857
870
882
892
918
919
928
932
943
973
996
1013
1018
1023
1051
1083
1086
1123
1129
1156
1157
1162
1227
1272
1295
1314
1343
1362
1406
1407
1430
1474
1479
1497
1500
1515
1516
1572
1579
1580
1590
1596
1622
1624
1629
1655
1656
1659
1668
1688
1697
1722
1733
1736
1792
1832
1856
1858
1867
1947
1948
1950
1972
1974
1996
2007
2041
2050
2076
2081
2107
2130
2194
2199
2242
2248
2266
2268
2300
2330
2354
2376
2393
2450
2492
2501
2518
2568
2582
2593
2610
2611
2644
2645
2647
2657
2667
2669
2678
2681
2683
2688
2720
2732
2747
2758
2771
2781
2784
2817
2834
2857
2876
2885
2901
2931
2962
3004
3060
3086
3117
3126
3127
3130
3133
3152
3155
3162
3165
3186
3188
3209
3233
3243
3264
3277
3330
3334
3335
3346
3361
3383
3410
3419
3422
3453
3466
3467
3487
3515
3529
3538
3543
3548
3550
3553
3560
3567
3578
3594
3600
3604
3611
3616
3632
3645
3648
3652
3680
3693
3703
3735
3738
3764
3769
3795
3800
3820
3822
3827
3831
3847
3865
3866
3870
3887
3898
3900
3924
3938
3974
3997
4008
4011
4036
4109
4111
4113
4129
4157
4185
4186
4229
4237
4266
4384
4389
4399
4405
4420
4430
4444
4453
4482
4490
4495
4502
4559
4581
4587
4595
4603
4610
4614
4704
4715
4753
4763
4770
4787
4792
4798
4808
4819
4820
4827
4829
4919
4935
4936
4959
5005
5042
5052
5084
5101
5111
5114
5127
5138
5156
5167
5211
5257
5263
5264
5356
5371
5387
5417
5418
5486
5538
5549
5576
5583
5603
5638
5640
5670
5734
5745
5778
5795
5803
5804
5806
5814
5831
5859
5884
5926
5985
6008
6035
6056
6063
6067
6093
6103
6107
6111
6114
6131
6142
6148
6213
6220
6321
6345
6353
6424
6493
6549
6578
6625
6629
6646
6660
6689
6719
6731
6797
6826
6871
6886
6903
6910
6934
6953
6966
7005
7046
7089
7104
7175
7188
7189
7225
7268
7275
7280
7298
7302
7320
7341
7360
7409
7532
7543
7544
7561
7562
7591
7592
7614
7666
7687
7702
7707
7716
7749
7750
7762
7766
7772
7804
7822
7889
7890
7906
7915
7925
7956
7972
8045
8049
8056
8057
8060
8074
8080
8081
8089
8131
8144
8150
8153
8161
8200
8215
8228
8270
8320
8350
8365
8418
8421
8437
8472
8514
8557
8566
8567
8583
8699
8705
8732
8736
8775
8826
8827
8847
8868
8892
8902
8917
8922
9083
9143
9195
9198
9218
9250
9263
9273
9275
9298
9312
9350
9352
9366
9386
9435
9520
9525
9533
9589
9636
9651
9666
9798
9802
9810
9851
9855
9871
9884
10024
10132
10139
10175
10187
10257
10562
10595
10650
10667
10702
10728
10753
10789
10790
10833
10908
10942
10964
11036
11040
11147
11157
11181
11197
11218
11316
11352
11375
11410
11439
11454
11475
11535
11553
11570
11713
11745
11750
11833
11847
11940
11995
12055
12132
12140
12354
12404
12512
12561
12563
12609
12658
12677
12721
12736
12770
12782
12825
13221
13224
13262
13281
13295
13488
13652
13654
13689
13735
13750
13776
14000
14143
14162
14168
14223
14291
14322
14557
14615
14675
14703
14736
14765
14810
14882
14909
15001
15147
15271
15272
15464
15777
15826
15850
15939
15962
16118
16160
16300
16316
16356
16602
16607
16611
16666
16706
16792
16800
17122
17196
17252
17272
17279
17286
17295
17297
17451
17566
17852
18101
18106
18118
18138
18144
18145
18170
18171
18184
18185
18206
18266
18283
18343
18516
18526
18556
18758
19044
19199
