8
17
35
39
42
54
60
71
74
83
101
125
141
142
146
152
162
167
168
181
183
204
205
239
248
258
265
280
287
297
301
303
307
333
359
394
408
427
432
438
445
451
464
471
481
482
493
513
526
533
542
554
555
585
590
603
620
621
625
636
646
651
663
673
679
684
690
725
727
737
790
795
819
824
854
855
864
889
895
924
950
992
993
1011
1013
1014
1025
1033
1073
1075
1077
1085
1097
1133
1135
1143
1179
1213
1253
1331
1343
1442
1447
1465
1472
1475
1543
1580
1600
1659
1698
1712
1749
1761
1767
1769
1774
1808
1840
1852
1860
1884
1894
1897
1935
1977
1990
2052
2068
2076
2092
2150
2195
2238
2241
2251
2283
2294
2311
2338
2366
2379
2407
2415
2429
2430
2551
2566
2567
2569
2593
2608
2610
2644
2646
2682
2696
2727
2734
2735
2738
2754
2789
2794
2807
2809
2813
2832
2839
2860
2873
2903
2919
2945
2954
2988
3031
3053
3060
3077
3083
3088
3118
3150
3172
3187
3200
3205
3213
3233
3250
3256
3257
3264
3277
3278
3291
3323
3369
3399
3404
3412
3442
3455
3465
3467
3472
3482
3483
3495
3510
3535
3556
3576
3580
3584
3592
3601
3604
3609
3612
3637
3664
3699
3703
3706
3713
3721
3727
3731
3741
3767
3849
3861
3864
3871
3899
3919
3927
3953
3958
3959
3980
3982
4000
4013
4017
4051
4082
4096
4118
4134
4147
4154
4156
4188
4220
4250
4274
4302
4331
4358
4375
4405
4430
4442
4484
4495
4559
4632
4668
4727
4763
4769
4776
4787
4816
4831
4840
4869
4876
4894
4908
4909
4962
4988
5030
5036
5045
5060
5084
5093
5097
5124
5125
5193
5263
5326
5356
5361
5366
5374
5375
5428
5458
5466
5473
5479
5516
5521
5560
5574
5674
5706
5719
5739
5767
5778
5817
5845
5875
5883
5936
5947
5950
5985
5987
6033
6056
6081
6097
6138
6140
6142
6204
6274
6276
6329
6347
6360
6364
6415
6422
6446
6461
6479
6486
6520
6523
6548
6592
6629
6672
6676
6694
6791
6796
6813
6907
6916
6929
6957
6967
7025
7037
7040
7060
7134
7148
7178
7208
7220
7240
7242
7244
7259
7285
7362
7387
7388
7404
7465
7480
7499
7512
7545
7588
7633
7657
7692
7694
7699
7758
7766
7785
7816
7824
7837
7925
8017
8059
8061
8068
8079
8081
8102
8130
8146
8147
8161
8170
8174
8180
8252
8256
8276
8313
8320
8322
8374
8416
8458
8603
8618
8676
8733
8740
8746
8770
8792
8834
8860
8875
8877
8901
8928
8977
9079
9090
9150
9170
9177
9178
9212
9268
9270
9276
9284
9304
9383
9385
9443
9461
9499
9517
9669
9770
9807
9823
9840
9911
10163
10166
10178
10188
10209
10224
10230
10237
10275
10287
10342
10357
10474
10553
10595
10674
10815
10872
10889
10897
10920
10941
11008
11107
11145
11151
11392
11407
11439
11482
11566
11571
11574
11640
11679
11890
11914
12036
12055
12130
12191
12212
12235
12247
12337
12354
12406
12833
12919
12990
13137
13190
13260
13302
13518
13578
13584
13663
13746
13770
13877
13980
14019
14042
14192
14275
14374
14535
14564
14672
14776
14799
14988
15087
15115
15163
15180
15211
15226
15273
15321
15417
15510
15668
15693
15782
15810
15983
16012
16346
16362
16405
16421
16494
16515
16572
16575
16585
16607
16638
17261
17290
17487
17505
17820
17853
17988
18017
18106
18131
18136
18138
18143
18164
18174
18239
18519
18575
19009
19267
19551
19718
19854
