2
4
7
8
9
10
12
15
17
21
22
23
24
26
29
30
36
39
41
42
48
51
54
55
57
58
67
68
71
72
74
76
77
78
79
82
83
84
86
87
88
89
90
93
94
97
99
101
103
107
108
109
110
111
112
113
118
119
121
122
123
124
127
128
130
131
136
137
138
146
147
148
149
152
153
154
155
157
162
167
168
170
177
179
181
182
183
186
193
194
195
198
200
201
203
204
205
206
207
208
209
210
211
213
215
216
217
219
222
224
226
227
229
230
233
234
236
237
239
240
242
243
247
254
255
260
263
264
270
273
278
279
280
281
285
287
288
289
290
293
295
296
297
299
300
302
303
304
305
307
308
310
313
314
322
324
328
336
344
346
349
352
354
357
358
360
366
370
371
376
378
380
381
387
389
399
402
403
407
408
409
410
412
419
420
421
422
423
424
425
426
427
428
431
432
436
438
439
440
442
445
446
451
452
454
457
460
463
464
470
471
474
477
479
480
487
490
494
501
503
504
505
513
519
530
532
538
541
542
550
554
555
558
559
567
569
571
573
574
579
581
582
583
587
590
591
592
596
598
599
601
603
609
610
613
616
621
628
634
636
639
645
646
650
658
662
663
664
665
673
680
682
685
687
689
690
692
693
694
695
696
698
701
709
721
724
727
728
733
734
737
738
739
741
742
743
746
749
750
752
753
754
757
758
759
760
763
769
770
773
774
775
777
778
779
782
789
790
792
794
795
796
805
806
810
815
817
819
823
824
837
839
843
844
845
846
849
853
854
855
856
857
858
860
863
865
867
869
870
871
872
877
880
883
884
888
889
908
909
911
912
913
918
919
920
921
927
930
931
934
938
943
944
953
954
958
965
969
970
971
973
978
980
986
992
996
998
1009
1018
1024
1025
1030
1033
1035
1036
1038
1040
1041
1042
1043
1051
1057
1062
1063
1066
1067
1069
1073
1076
1077
1078
1082
1083
1084
1085
1086
1089
1091
1092
1104
1105
1106
1108
1109
1110
1120
1122
1129
1133
1138
1143
1144
1145
1149
1153
1156
1157
1158
1159
1167
1179
1180
1181
1187
1190
1201
1202
1209
1213
1219
1220
1223
1227
1231
1234
1240
1250
1264
1265
1267
1268
1276
1279
1293
1312
1314
1315
1320
1321
1323
1328
1338
1350
1351
1362
1369
1375
1378
1387
1399
1400
1402
1404
1406
1410
1415
1418
1419
1424
1435
1436
1445
1446
1465
1469
1470
1471
1472
1473
1474
1477
1479
1480
1485
1495
1498
1502
1509
1513
1516
1526
1530
1538
1541
1543
1544
1546
1548
1563
1571
1572
1576
1580
1587
1589
1596
1599
1600
1604
1610
1616
1619
1625
1628
1629
1642
1646
1647
1655
1659
1661
1667
1670
1674
1678
1680
1683
1688
1708
1710
1713
1716
1728
1729
1731
1732
1733
1742
1744
1746
1750
1751
1769
1771
1772
1774
1789
1792
1795
1798
1802
1804
1805
1808
1809
1810
1819
1826
1830
1835
1841
1868
1877
1880
1887
1891
1894
1900
1909
1918
1920
1939
1945
1947
1950
1957
1959
1969
1972
1977
1982
1985
1991
1996
2003
2004
2009
2019
2021
2027
2028
2030
2032
2033
2034
2036
2037
2044
2046
2052
2057
2062
2064
2082
2083
2088
2092
2096
2098
2099
2101
2109
2115
2129
2130
2132
2150
2157
2162
2167
2168
2176
2179
2193
2194
2199
2209
2220
2223
2229
2232
2238
2246
2250
2256
2268
2273
2284
2293
2296
2301
2303
2308
2315
2319
2327
2333
2354
2359
2364
2365
2366
2367
2369
2372
2378
2381
2385
2398
2400
2403
2407
2408
2412
2418
2422
2427
2429
2432
2434
2444
2446
2448
2450
2453
2460
2463
2486
2491
2492
2493
2494
2498
2499
2501
2502
2507
2511
2513
2516
2517
2518
2525
2529
2531
2533
2535
2538
2543
2544
2546
2551
2552
2556
2558
2559
2563
2565
2566
2567
2568
2570
2571
2572
2574
2576
2582
2583
2586
2587
2590
2593
2595
2604
2608
2610
2614
2615
2620
2621
2622
2623
2624
2625
2634
2641
2643
2644
2645
2646
2647
2648
2649
2650
2651
2652
2657
2661
2663
2664
2666
2673
2674
2676
2678
2679
2680
2681
2682
2683
2685
2688
2689
2692
2702
2708
2710
2713
2715
2717
2720
2721
2725
2732
2747
2750
2758
2766
2771
2774
2775
2778
2780
2781
2787
2792
2793
2794
2797
2799
2808
2810
2811
2816
2821
2826
2827
2832
2836
2840
2845
2848
2852
2853
2854
2856
2859
2860
2862
2865
2871
2878
2885
2889
2893
2894
2897
2898
2902
2903
2912
2913
2933
2936
2941
2945
2950
2953
2960
2962
2963
2971
2973
2976
2979
2983
2987
2989
2994
3000
3002
3007
3011
3016
3030
3031
3033
3037
3040
3044
3046
3050
3052
3058
3061
3065
3069
3073
3075
3077
3084
3086
3095
3099
3100
3107
3115
3116
3121
3123
3124
3126
3130
3133
3135
3139
3140
3146
3152
3153
3156
3162
3169
3170
3171
3174
3176
3179
3184
3186
3193
3205
3210
3214
3216
3218
3223
3227
3232
3239
3242
3248
3250
3258
3263
3264
3269
3270
3271
3275
3279
3287
3289
3292
3295
3296
3308
3316
3319
3320
3326
3330
3331
3334
3336
3339
3340
3344
3347
3348
3350
3356
3359
3361
3369
3371
3376
3382
3383
3384
3402
3404
3410
3414
3416
3421
3424
3446
3447
3450
3452
3453
3457
3459
3461
3462
3463
3465
3466
3468
3470
3473
3474
3476
3479
3483
3489
3495
3504
3512
3515
3521
3522
3525
3526
3527
3529
3530
3532
3536
3539
3543
3545
3546
3549
3550
3552
3553
3556
3557
3558
3559
3560
3562
3565
3566
3567
3568
3570
3571
3573
3574
3576
3578
3579
3580
3581
3582
3583
3584
3585
3586
3589
3590
3591
3592
3593
3595
3596
3598
3599
3602
3603
3604
3605
3607
3608
3609
3610
3611
3612
3613
3614
3617
3621
3622
3623
3624
3625
3626
3630
3632
3643
3644
3646
3648
3650
3651
3655
3658
3665
3667
3679
3683
3685
3687
3688
3691
3692
3694
3697
3698
3701
3702
3703
3704
3705
3706
3707
3708
3712
3716
3717
3718
3721
3722
3725
3727
3729
3730
3731
3735
3737
3739
3740
3745
3746
3747
3752
3753
3756
3757
3758
3759
3760
3761
3762
3764
3774
3777
3778
3783
3786
3789
3799
3800
3801
3806
3808
3809
3817
3821
3822
3824
3825
3827
3829
3830
3831
3833
3834
3848
3851
3852
3860
3861
3863
3871
3881
3898
3899
3902
3910
3921
3922
3923
3924
3926
3930
3931
3932
3949
3952
3953
3955
3958
3963
3968
3981
3982
3983
3993
3994
3997
4000
4008
4010
4012
4013
4017
4018
4022
4023
4024
4027
4032
4033
4039
4046
4048
4056
4066
4071
4073
4074
4079
4081
4082
4084
4085
4087
4089
4090
4096
4101
4103
4104
4105
4108
4111
4116
4117
4118
4119
4120
4129
4137
4140
4141
4142
4143
4148
4150
4153
4154
4156
4157
4159
4160
4165
4179
4184
4185
4186
4188
4191
4192
4199
4200
4205
4206
4215
4217
4220
4223
4225
4229
4230
4231
4237
4238
4240
4242
4250
4253
4258
4264
4274
4275
4276
4277
4278
4293
4294
4295
4298
4302
4303
4308
4309
4310
4311
4314
4316
4324
4332
4347
4352
4353
4358
4359
4362
4364
4366
4370
4379
4380
4381
4382
4383
4384
4389
4390
4391
4396
4398
4405
4408
4425
4426
4427
4429
4430
4437
4441
4444
4451
4453
4462
4469
4470
4473
4475
4477
4483
4484
4486
4487
4491
4492
4494
4497
4502
4513
4514
4522
4523
4524
4528
4531
4539
4543
4544
4545
4549
4551
4559
4560
4561
4562
4566
4575
4595
4596
4597
4601
4613
4618
4624
4628
4632
4635
4637
4643
4644
4647
4651
4655
4660
4663
4666
4674
4677
4684
4685
4691
4693
4694
4702
4704
4705
4706
4708
4709
4713
4714
4717
4724
4726
4727
4734
4752
4758
4759
4763
4765
4766
4767
4769
4774
4787
4788
4801
4803
4805
4806
4809
4810
4812
4813
4815
4817
4821
4828
4830
4831
4833
4837
4839
4840
4841
4843
4846
4849
4851
4856
4857
4865
4866
4869
4871
4875
4876
4878
4879
4881
4883
4894
4898
4900
4903
4909
4910
4911
4912
4913
4914
4915
4918
4919
4920
4926
4927
4928
4929
4932
4940
4943
4953
4958
4968
4969
4973
4979
4993
4996
4997
5011
5014
5034
5035
5036
5037
5045
5051
5052
5061
5063
5064
5065
5067
5069
5077
5081
5082
5084
5088
5097
5102
5109
5110
5112
5114
5116
5120
5125
5131
5134
5147
5152
5153
5170
5174
5176
5179
5182
5193
5196
5199
5204
5231
5234
5241
5243
5247
5251
5252
5254
5261
5270
5282
5298
5307
5311
5326
5331
5338
5352
5354
5356
5373
5381
5382
5392
5393
5401
5408
5418
5421
5425
5428
5429
5432
5437
5438
5441
5443
5449
5450
5456
5461
5464
5465
5466
5475
5476
5477
5481
5484
5491
5497
5500
5503
5505
5506
5513
5515
5519
5521
5524
5528
5534
5536
5540
5544
5545
5546
5549
5550
5557
5560
5566
5567
5571
5572
5579
5580
5581
5583
5592
5593
5598
5599
5605
5606
5623
5624
5625
5629
5630
5632
5634
5636
5640
5642
5651
5652
5653
5654
5660
5668
5675
5679
5681
5686
5688
5692
5697
5705
5706
5708
5710
5721
5728
5730
5732
5734
5743
5745
5747
5759
5763
5768
5773
5778
5779
5791
5793
5794
5797
5798
5800
5803
5804
5810
5816
5825
5826
5833
5836
5837
5842
5852
5853
5855
5867
5873
5883
5884
5888
5897
5898
5902
5903
5907
5912
5914
5923
5930
5931
5933
5936
5945
5947
5948
5952
5958
5959
5960
5966
5968
5977
5985
5987
5993
5996
6000
6009
6018
6021
6022
6026
6027
6031
6033
6038
6039
6040
6043
6044
6045
6049
6050
6053
6067
6068
6069
6076
6077
6078
6079
6080
6091
6092
6093
6102
6103
6104
6106
6113
6114
6121
6133
6137
6138
6139
6142
6143
6146
6150
6159
6161
6170
6171
6184
6186
6204
6206
6207
6212
6213
6214
6219
6223
6225
6234
6241
6247
6253
6259
6272
6274
6276
6291
6310
6317
6322
6329
6331
6333
6349
6353
6357
6358
6359
6361
6363
6366
6368
6371
6372
6376
6384
6385
6389
6390
6391
6393
6395
6401
6413
6414
6415
6416
6418
6420
6421
6424
6427
6432
6435
6452
6455
6457
6461
6468
6477
6491
6493
6504
6516
6522
6531
6548
6555
6556
6560
6565
6585
6586
6587
6589
6592
6597
6607
6610
6612
6614
6615
6625
6628
6629
6644
6657
6662
6671
6672
6673
6678
6680
6683
6687
6688
6694
6705
6711
6713
6718
6719
6724
6730
6731
6741
6742
6761
6762
6765
6767
6772
6777
6784
6796
6800
6801
6807
6811
6814
6818
6825
6844
6868
6869
6870
6881
6883
6884
6885
6886
6888
6889
6891
6900
6903
6910
6914
6926
6933
6934
6936
6937
6948
6956
6965
6970
6977
6982
7005
7008
7010
7016
7031
7036
7037
7055
7063
7064
7065
7068
7072
7074
7081
7089
7100
7130
7132
7134
7135
7136
7148
7152
7154
7155
7164
7176
7177
7178
7179
7193
7199
7202
7208
7209
7210
7211
7217
7220
7226
7229
7232
7234
7241
7242
7243
7244
7245
7246
7252
7253
7256
7257
7259
7264
7274
7275
7279
7289
7290
7298
7300
7322
7323
7324
7334
7353
7360
7366
7379
7382
7397
7403
7405
7409
7414
7439
7451
7461
7470
7471
7472
7475
7477
7480
7482
7488
7489
7499
7503
7505
7508
7512
7513
7514
7517
7532
7544
7547
7550
7551
7552
7554
7557
7558
7562
7567
7569
7570
7571
7572
7577
7578
7592
7594
7595
7596
7604
7610
7611
7616
7620
7624
7625
7626
7627
7629
7630
7631
7633
7638
7639
7640
7641
7643
7650
7651
7652
7657
7667
7673
7684
7686
7687
7689
7691
7700
7722
7724
7730
7732
7736
7739
7742
7745
7747
7749
7752
7766
7770
7791
7793
7794
7797
7800
7803
7810
7812
7818
7821
7827
7832
7837
7839
7846
7852
7856
7861
7862
7874
7877
7880
7884
7887
7888
7891
7898
7903
7909
7912
7913
7915
7917
7921
7923
7925
7930
7946
7958
7962
7964
7970
7980
7981
7984
8008
8039
8041
8049
8053
8054
8064
8065
8066
8069
8074
8075
8078
8080
8086
8087
8090
8091
8099
8118
8127
8131
8135
8136
8143
8145
8146
8166
8174
8199
8204
8223
8227
8228
8229
8233
8234
8236
8237
8243
8246
8249
8251
8253
8267
8269
8270
8271
8272
8273
8274
8275
8276
8277
8281
8304
8307
8317
8318
8320
8327
8330
8333
8338
8342
8343
8345
8346
8347
8348
8349
8352
8353
8354
8357
8373
8387
8390
8397
8400
8404
8432
8433
8434
8435
8440
8441
8443
8444
8450
8453
8455
8469
8471
8472
8473
8480
8498
8501
8505
8507
8508
8514
8516
8519
8521
8533
8549
8572
8577
8578
8579
8596
8599
8612
8614
8615
8618
8638
8643
8647
8651
8660
8684
8732
8733
8744
8745
8754
8764
8775
8780
8785
8787
8789
8790
8792
8811
8816
8818
8825
8828
8829
8830
8847
8849
8852
8856
8859
8868
8869
8917
8923
8924
8927
8930
8945
8951
8965
8968
8970
8973
8977
8988
8989
9004
9009
9013
9015
9029
9031
9039
9040
9049
9062
9064
9066
9072
9076
9083
9086
9101
9121
9131
9135
9140
9142
9143
9146
9148
9150
9173
9184
9207
9254
9271
9274
9287
9288
9317
9326
9338
9348
9351
9352
9369
9374
9378
9383
9384
9385
9391
9392
9417
9423
9441
9445
9446
9459
9485
9494
9499
9521
9525
9526
9530
9532
9549
9550
9563
9567
9569
9571
9575
9588
9606
9607
9625
9627
9639
9652
9669
9670
9676
9693
9695
9699
9709
9717
9722
9728
9753
9758
9759
9766
9776
9777
9788
9789
9802
9829
9860
9863
9909
9921
9950
9975
9977
9990
10009
10029
10034
10044
10063
10064
10065
10066
10067
10127
10164
10180
10181
10213
10218
10222
10227
10237
10240
10249
10258
10268
10279
10283
10306
10317
10342
10413
10435
10480
10485
10486
10523
10545
10550
10570
10571
10591
10595
10596
10605
10607
10627
10640
10642
10664
10670
10699
10700
10715
10728
10742
10743
10751
10755
10761
10796
10803
10806
10816
10826
10839
10864
10872
10881
10889
10914
10920
10939
10941
10942
10972
10978
11014
11036
11044
11064
11065
11082
11086
11090
11114
11123
11137
11151
11157
11194
11206
11218
11270
11299
11307
11322
11339
11383
11388
11394
11400
11401
11402
11403
11404
11405
11406
11411
11413
11414
11425
11426
11439
11444
11497
11512
11524
11545
11547
11549
11572
11578
11587
11632
11640
11641
11648
11740
11744
11747
11813
11863
11886
11922
11956
11957
11977
12002
12038
12044
12057
12059
12060
12100
12104
12111
12139
12140
12150
12231
12282
12318
12321
12325
12327
12355
12358
12366
12391
12483
12499
12531
12533
12551
12568
12587
12591
12606
12654
12666
12676
12677
12680
12681
12682
12692
12705
12709
12716
12733
12743
12754
12759
12764
12769
12770
12787
12796
12876
12893
12895
12898
12914
12917
12919
12950
12960
12989
13011
13019
13039
13061
13068
13070
13113
13194
13205
13224
13229
13239
13244
13267
13281
13291
13311
13314
13318
13360
13361
13366
13398
13418
13419
13511
13517
13564
13578
13601
13629
13684
13685
13687
13688
13689
13690
13691
13708
13715
13718
13762
13773
13777
13789
13793
13804
13821
13824
13826
13836
13842
13910
13942
13959
13997
14000
14132
14133
14280
14313
14335
14383
14460
14468
14499
14556
14561
14594
14627
14634
14646
14658
14676
14677
14678
14680
14720
14747
14760
14780
14792
14798
14808
14832
14846
14858
14885
14901
14918
14968
15005
15011
15019
15072
15086
15087
15092
15097
15117
15124
15135
15153
15175
15180
15183
15191
15209
15236
15241
15249
15257
15272
15278
15287
15340
15350
15386
15463
15464
15483
15524
15549
15557
15632
15634
15650
15668
15671
15672
15673
15674
15675
15676
15677
15678
15679
15680
15681
15682
15683
15684
15714
15739
15771
15847
15956
16035
16042
16056
16060
16063
16112
16167
16227
16241
16356
16399
16408
16494
16504
16524
16605
16609
16620
16628
16675
16700
16771
16775
16792
16814
16884
16950
17122
17356
17430
17490
17515
17574
17796
17821
17887
17934
17972
17988
18051
18052
18071
18104
18105
18106
18107
18108
18109
18110
18111
18112
18113
18114
18115
18116
18117
18118
18119
18120
18121
18122
18123
18124
18125
18126
18127
18128
18129
18130
18131
18132
18133
18134
18135
18136
18137
18138
18139
18140
18141
18142
18143
18144
18145
18146
18165
18189
18196
18263
18275
18328
18423
18426
18471
18472
18498
18499
18507
18526
18553
18570
18590
19021
19218
19296
