7
8
9
16
17
23
24
29
32
39
54
55
58
60
63
68
72
74
75
77
82
89
91
92
93
101
108
113
114
115
122
126
130
132
134
136
142
149
150
151
153
157
159
165
167
168
170
178
182
183
187
197
203
204
205
208
210
212
215
217
221
224
229
230
248
258
259
262
268
271
278
283
287
295
297
299
304
308
321
325
341
344
346
351
357
363
370
379
380
383
389
402
403
415
425
426
427
431
432
438
445
450
454
457
458
464
470
471
473
475
483
492
501
505
513
519
525
533
534
536
537
541
542
543
546
549
550
553
555
558
564
565
573
579
581
582
591
594
595
596
601
602
620
632
637
644
647
650
652
665
673
691
707
708
710
721
725
735
736
739
743
749
755
757
758
781
788
792
796
803
804
805
806
807
824
826
830
836
850
853
856
875
889
892
912
921
932
955
963
973
980
984
986
987
988
999
1004
1005
1014
1029
1030
1041
1056
1059
1065
1067
1076
1082
1084
1085
1086
1105
1106
1112
1123
1144
1149
1158
1160
1170
1179
1181
1206
1211
1215
1224
1234
1242
1250
1253
1264
1265
1276
1283
1286
1297
1312
1317
1323
1327
1328
1329
1348
1351
1365
1369
1383
1394
1404
1410
1416
1433
1440
1447
1457
1472
1495
1514
1518
1526
1552
1562
1567
1568
1596
1610
1619
1622
1625
1644
1647
1656
1659
1670
1677
1679
1683
1698
1701
1711
1716
1720
1731
1742
1745
1748
1758
1769
1771
1774
1783
1788
1792
1795
1810
1820
1835
1838
1841
1894
1898
1900
1930
1931
1937
1939
1944
1947
1950
1955
1957
1969
1980
1983
2009
2015
2019
2027
2029
2033
2040
2041
2053
2055
2064
2070
2076
2085
2089
2093
2096
2105
2115
2146
2155
2167
2172
2178
2184
2199
2201
2219
2223
2229
2240
2246
2254
2255
2260
2273
2308
2359
2376
2385
2403
2406
2416
2423
2424
2429
2430
2434
2436
2446
2448
2452
2463
2465
2477
2491
2493
2501
2508
2517
2521
2526
2543
2545
2548
2550
2551
2552
2559
2563
2566
2569
2574
2582
2583
2593
2602
2604
2605
2609
2610
2615
2623
2627
2628
2635
2640
2641
2644
2648
2653
2659
2661
2676
2678
2680
2681
2683
2684
2689
2690
2692
2702
2703
2710
2724
2725
2727
2729
2731
2746
2747
2748
2762
2774
2779
2784
2795
2807
2810
2813
2816
2821
2825
2827
2829
2832
2836
2839
2848
2861
2865
2873
2874
2879
2885
2886
2897
2900
2912
2927
2931
2939
2945
2952
2961
2967
2976
2980
2982
2988
2990
3004
3007
3016
3029
3033
3056
3058
3066
3076
3083
3084
3089
3091
3094
3100
3107
3113
3127
3130
3132
3133
3139
3143
3146
3153
3160
3161
3163
3169
3182
3183
3187
3194
3199
3214
3216
3217
3232
3239
3242
3243
3248
3251
3265
3271
3275
3292
3298
3308
3314
3315
3322
3324
3330
3334
3336
3343
3348
3353
3354
3365
3376
3379
3380
3390
3402
3404
3407
3418
3437
3439
3443
3453
3462
3463
3466
3470
3471
3472
3475
3476
3483
3485
3489
3506
3517
3518
3519
3525
3526
3532
3539
3544
3563
3565
3568
3578
3580
3581
3583
3589
3596
3597
3598
3604
3605
3608
3611
3612
3613
3616
3620
3621
3624
3625
3626
3638
3651
3655
3662
3670
3682
3698
3699
3707
3708
3718
3719
3727
3729
3734
3737
3738
3758
3761
3766
3773
3776
3783
3790
3795
3802
3815
3816
3821
3822
3827
3828
3834
3839
3843
3852
3862
3865
3866
3868
3869
3870
3871
3873
3879
3893
3894
3897
3898
3899
3913
3915
3921
3923
3927
3954
3961
3963
3971
4000
4013
4017
4021
4022
4023
4036
4039
4071
4079
4080
4094
4096
4104
4113
4118
4119
4122
4131
4134
4153
4155
4157
4159
4160
4165
4169
4171
4176
4179
4188
4191
4195
4198
4201
4205
4207
4238
4244
4250
4264
4266
4267
4273
4274
4282
4284
4290
4303
4304
4312
4316
4331
4336
4348
4353
4356
4359
4364
4381
4387
4389
4405
4420
4426
4427
4430
4431
4438
4441
4444
4470
4474
4480
4487
4495
4497
4502
4519
4534
4542
4555
4556
4566
4568
4575
4593
4596
4597
4599
4603
4618
4619
4632
4640
4655
4674
4679
4694
4710
4723
4726
4734
4754
4756
4757
4759
4766
4769
4775
4781
4799
4810
4812
4816
4831
4833
4841
4846
4876
4881
4886
4887
4888
4906
4917
4919
4920
4927
4938
4942
4944
4953
4955
4960
4962
4969
4996
4997
4998
5000
5035
5036
5051
5052
5072
5075
5093
5097
5105
5112
5116
5125
5132
5133
5148
5153
5160
5164
5184
5186
5189
5230
5231
5234
5241
5242
5244
5245
5247
5254
5255
5261
5265
5272
5273
5286
5294
5316
5326
5330
5331
5332
5345
5351
5369
5380
5382
5397
5413
5422
5423
5430
5432
5436
5466
5472
5475
5481
5482
5491
5493
5497
5499
5503
5513
5515
5521
5529
5531
5551
5559
5565
5566
5571
5589
5590
5606
5625
5638
5639
5640
5652
5657
5660
5670
5675
5688
5704
5708
5711
5718
5722
5728
5780
5792
5793
5797
5798
5818
5825
5834
5837
5840
5848
5852
5856
5861
5867
5869
5876
5903
5920
5947
5953
5971
5987
5989
6015
6037
6039
6042
6045
6052
6058
6066
6077
6083
6093
6104
6112
6133
6142
6150
6154
6164
6166
6172
6185
6200
6212
6213
6214
6218
6219
6221
6274
6277
6287
6291
6314
6343
6349
6371
6373
6374
6381
6389
6391
6399
6400
6413
6422
6425
6433
6436
6462
6469
6500
6515
6543
6564
6587
6590
6612
6615
6616
6627
6628
6637
6639
6640
6649
6653
6666
6670
6675
6683
6691
6719
6722
6723
6727
6730
6731
6761
6804
6807
6819
6821
6833
6871
6878
6883
6886
6894
6927
6935
6938
6943
6956
6960
6970
6972
6973
6977
6999
7012
7022
7034
7037
7038
7048
7052
7056
7061
7064
7074
7085
7104
7124
7132
7140
7148
7159
7165
7169
7175
7176
7179
7190
7195
7199
7206
7208
7212
7215
7220
7222
7224
7242
7243
7244
7285
7291
7292
7307
7314
7322
7330
7333
7351
7358
7366
7379
7398
7403
7409
7420
7428
7430
7449
7459
7461
7476
7486
7491
7512
7513
7517
7526
7532
7557
7558
7559
7562
7578
7583
7588
7592
7598
7618
7626
7635
7637
7639
7640
7641
7654
7662
7669
7671
7672
7687
7688
7694
7726
7739
7753
7761
7773
7780
7806
7807
7811
7817
7820
7834
7835
7847
7851
7856
7857
7858
7859
7863
7867
7874
7876
7891
7894
7906
7907
7913
7915
7917
7933
7952
7979
7981
8003
8034
8035
8041
8049
8054
8065
8068
8073
8074
8081
8084
8087
8102
8104
8131
8147
8161
8169
8170
8192
8194
8195
8279
8282
8314
8318
8327
8330
8342
8343
8345
8348
8349
8354
8362
8371
8374
8392
8394
8396
8397
8403
8412
8417
8428
8440
8455
8472
8481
8516
8537
8549
8568
8593
8605
8609
8614
8635
8651
8660
8665
8684
8705
8725
8732
8733
8737
8769
8775
8800
8803
8811
8816
8818
8823
8826
8828
8829
8834
8837
8840
8856
8863
8864
8865
8866
8868
8869
8897
8905
8916
8917
8920
8921
8924
8928
8930
8965
8971
8980
8983
8984
9034
9061
9062
9066
9071
9083
9086
9095
9109
9132
9164
9174
9257
9263
9264
9268
9271
9272
9278
9279
9281
9287
9295
9314
9320
9322
9337
9348
9352
9378
9389
9426
9429
9438
9447
9460
9461
9467
9485
9520
9532
9557
9563
9574
9577
9637
9640
9653
9663
9668
9709
9717
9721
9747
9758
9764
9766
9788
9793
9802
9816
9840
9849
9868
9911
9915
9942
9956
9975
9976
9990
10003
10023
10044
10046
10063
10079
10091
10120
10121
10131
10137
10151
10179
10181
10201
10210
10245
10343
10361
10378
10539
10543
10600
10605
10609
10627
10675
10682
10699
10700
10717
10727
10728
10743
10745
10747
10757
10772
10791
10814
10836
10869
10871
10876
10892
10894
10897
10900
10906
10920
10944
10945
10982
11015
11047
11090
11116
11144
11154
11202
11218
11241
11270
11277
11316
11342
11348
11371
11400
11401
11412
11426
11439
11454
11474
11475
11500
11512
11527
11545
11546
11573
11575
11605
11607
11715
11752
11813
11858
11860
11881
11914
11999
12001
12003
12100
12101
12122
12158
12189
12197
12209
12234
12247
12251
12253
12293
12296
12320
12359
12384
12387
12405
12442
12484
12512
12516
12532
12539
12548
12563
12573
12587
12590
12676
12677
12680
12705
12711
12716
12726
12747
12762
12791
12798
12861
12891
12899
12950
12954
12956
12962
12976
12991
13027
13056
13077
13110
13144
13155
13158
13162
13196
13222
13241
13291
13303
13368
13389
13409
13419
13492
13507
13566
13604
13609
13644
13652
13685
13690
13695
13715
13741
13747
13753
13757
13760
13770
13776
13780
13804
13812
13813
13848
13857
13889
13893
13898
13906
13940
13961
14000
14015
14041
14065
14098
14103
14117
14121
14174
14187
14244
14381
14447
14468
14474
14490
14558
14569
14594
14638
14647
14652
14659
14664
14670
14686
14720
14742
14745
14760
14843
14878
14886
14952
14953
14980
15001
15040
15072
15115
15119
15127
15191
15210
15252
15317
15329
15398
15530
15532
15557
15597
15656
15676
15739
15782
15839
15918
15935
15960
15981
16010
16020
16041
16046
16062
16076
16089
16090
16112
16397
16398
16407
16430
16453
16478
16504
16524
16546
16609
16629
16646
16661
17094
17122
17256
17262
17278
17282
17286
17304
17308
17406
17438
17540
17793
17972
18055
18064
18065
18068
18084
18093
18102
18110
18112
18113
18114
18115
18116
18122
18124
18127
18133
18135
18136
18138
18169
18173
18181
18184
18205
18216
18241
18283
18306
18357
18400
18404
18437
18442
18462
18503
18520
18524
18528
18590
18631
18748
18866
18968
19226
19282
19292
19844
