0
1
3
4
6
7
8
9
10
11
13
14
15
16
17
19
21
22
23
24
26
27
28
29
30
31
32
35
36
37
38
39
41
42
43
44
48
50
53
54
55
56
57
58
59
60
61
62
63
64
65
66
67
68
69
70
71
72
73
74
75
76
77
78
79
81
82
83
84
85
86
87
88
89
90
91
92
93
94
95
96
97
99
100
101
102
103
104
106
107
108
109
110
111
112
113
114
115
116
117
118
119
120
121
122
123
124
125
126
127
128
130
131
134
135
136
137
138
142
146
147
149
152
153
154
155
156
157
158
159
160
161
162
163
167
168
169
170
171
172
173
174
175
177
178
179
180
181
182
183
185
186
187
188
189
190
191
193
194
195
197
198
199
200
201
202
203
204
205
206
207
208
209
210
211
212
213
214
215
216
217
218
219
221
222
224
226
227
228
229
230
233
234
236
237
239
240
241
242
243
244
246
247
248
250
253
255
257
258
259
260
261
262
263
264
267
268
270
271
272
273
275
276
277
278
279
281
282
283
284
285
286
287
288
289
290
292
293
295
296
297
298
300
301
302
303
304
305
307
308
310
312
313
314
315
317
320
321
322
323
325
326
328
329
332
333
335
336
337
338
339
340
341
342
344
345
346
347
348
349
350
351
352
353
354
356
357
358
360
362
363
366
368
370
371
372
373
374
375
376
377
378
379
380
383
384
385
386
387
388
389
393
394
399
400
401
402
403
406
407
409
410
412
413
414
416
417
418
419
420
421
423
424
425
426
427
428
430
431
432
433
434
436
437
438
439
440
441
442
443
444
445
446
447
448
449
450
451
453
454
455
457
458
459
460
463
464
465
466
467
468
469
470
471
473
474
475
476
477
479
480
481
482
483
484
485
490
492
493
494
501
503
504
505
508
510
513
514
515
517
518
519
521
522
525
526
527
528
530
531
532
534
536
537
538
540
541
542
549
550
551
552
553
554
555
557
558
559
561
562
563
564
565
569
570
571
573
574
575
576
577
579
580
581
582
583
585
587
588
589
590
591
592
593
594
596
597
598
599
600
601
603
604
606
607
608
609
610
611
612
613
615
616
617
618
622
625
626
627
628
629
631
632
633
634
635
637
638
639
640
641
642
644
646
648
650
651
652
653
654
656
657
658
659
660
662
663
664
665
666
667
668
670
671
672
673
674
678
679
680
681
682
683
684
685
686
687
689
692
693
694
695
696
698
699
700
701
702
704
707
708
709
710
714
717
718
719
721
722
723
724
725
726
727
728
730
731
733
734
735
736
737
738
739
740
741
743
744
745
746
749
750
751
752
753
754
755
757
759
760
762
763
765
767
768
769
770
771
772
773
774
775
776
777
778
779
780
781
782
783
784
785
787
790
794
795
796
797
798
799
800
801
804
805
806
807
808
810
811
812
813
815
816
817
818
819
820
822
824
825
826
827
831
832
833
834
835
836
837
838
839
843
844
845
846
848
849
850
851
853
854
855
856
857
858
859
860
862
863
864
865
867
869
870
871
872
873
875
878
879
880
881
882
883
884
885
886
887
888
889
890
891
892
894
895
897
898
900
901
902
903
904
905
907
908
909
912
913
917
918
919
920
921
922
925
926
927
928
929
930
931
933
934
938
940
941
942
943
944
945
947
948
950
953
954
956
957
958
960
963
965
967
969
970
971
973
974
976
977
978
980
981
982
983
984
986
987
990
991
992
995
996
997
998
1003
1006
1007
1009
1010
1011
1012
1013
1016
1018
1019
1020
1024
1025
1027
1028
1029
1030
1031
1033
1034
1035
1036
1038
1039
1040
1041
1042
1043
1046
1050
1051
1052
1056
1057
1062
1063
1066
1067
1068
1069
1070
1071
1074
1075
1076
1077
1078
1079
1081
1082
1083
1084
1085
1086
1090
1091
1092
1095
1096
1097
1098
1103
1104
1105
1106
1107
1108
1111
1113
1114
1120
1122
1123
1124
1125
1129
1132
1133
1142
1144
1145
1146
1149
1150
1153
1155
1156
1158
1159
1160
1161
1162
1165
1166
1167
1169
1171
1172
1177
1179
1180
1181
1182
1184
1189
1190
1191
1196
1199
1201
1202
1203
1206
1209
1210
1212
1213
1215
1218
1219
1220
1223
1227
1230
1234
1235
1237
1238
1240
1242
1244
1245
1248
1249
1250
1251
1253
1254
1255
1256
1258
1260
1261
1264
1265
1267
1268
1269
1270
1271
1272
1275
1279
1281
1286
1293
1295
1297
1299
1304
1305
1310
1312
1313
1314
1315
1321
1323
1324
1327
1328
1329
1331
1338
1339
1341
1346
1347
1348
1349
1350
1351
1353
1354
1359
1362
1369
1373
1375
1378
1382
1386
1387
1389
1392
1399
1400
1402
1404
1406
1409
1410
1411
1414
1415
1417
1418
1419
1424
1427
1429
1430
1433
1435
1436
1437
1443
1446
1451
1455
1458
1463
1464
1465
1466
1469
1470
1471
1472
1473
1474
1475
1477
1479
1483
1484
1485
1487
1489
1490
1492
1494
1495
1497
1498
1499
1500
1502
1503
1506
1507
1508
1509
1510
1512
1513
1514
1516
1517
1518
1521
1526
1527
1528
1532
1541
1543
1544
1545
1548
1552
1558
1560
1561
1563
1565
1566
1567
1571
1572
1573
1576
1579
1580
1581
1583
1587
1589
1590
1592
1595
1596
1598
1599
1600
1601
1608
1610
1611
1613
1616
1618
1619
1622
1624
1625
1627
1628
1629
1633
1635
1637
1640
1642
1643
1644
1646
1650
1653
1654
1655
1659
1661
1662
1664
1665
1667
1668
1669
1670
1671
1674
1677
1678
1679
1680
1683
1688
1689
1690
1692
1693
1696
1699
1701
1705
1706
1707
1708
1710
1711
1713
1714
1716
1719
1720
1723
1726
1728
1729
1731
1732
1733
1735
1736
1739
1742
1744
1745
1746
1747
1748
1749
1750
1755
1758
1759
1760
1761
1762
1763
1764
1766
1769
1771
1772
1773
1774
1775
1777
1778
1784
1788
1789
1792
1795
1799
1800
1802
1804
1805
1808
1809
1811
1818
1819
1820
1821
1822
1826
1830
1835
1836
1841
1845
1846
1850
1852
1853
1856
1859
1863
1867
1868
1869
1870
1873
1875
1877
1880
1881
1882
1884
1887
1890
1894
1900
1901
1902
1904
1909
1911
1913
1915
1917
1920
1923
1925
1927
1930
1932
1935
1939
1943
1944
1945
1947
1948
1949
1950
1951
1953
1957
1960
1961
1969
1972
1977
1979
1982
1983
1985
1986
1989
1990
1991
1996
1997
1999
2003
2004
2005
2006
2008
2009
2010
2011
2012
2015
2016
2019
2021
2022
2024
2027
2028
2030
2032
2033
2036
2037
2038
2039
2041
2042
2043
2046
2047
2048
2050
2051
2052
2053
2054
2055
2057
2059
2062
2064
2068
2070
2071
2073
2074
2076
2079
2083
2085
2088
2090
2092
2096
2098
2100
2101
2102
2103
2104
2105
2108
2109
2110
2112
2113
2114
2115
2116
2124
2125
2128
2130
2132
2133
2134
2136
2138
2140
2141
2144
2149
2150
2151
2152
2154
2157
2158
2159
2160
2162
2163
2165
2166
2167
2168
2169
2172
2193
2194
2196
2197
2199
2200
2201
2202
2205
2206
2208
2209
2213
2219
2220
2222
2223
2224
2226
2229
2232
2237
2238
2240
2242
2246
2248
2249
2254
2255
2256
2257
2260
2264
2269
2271
2273
2276
2277
2281
2284
2289
2290
2293
2296
2301
2308
2315
2321
2322
2323
2327
2328
2329
2330
2332
2333
2335
2336
2337
2338
2341
2344
2345
2346
2349
2351
2354
2358
2360
2364
2365
2366
2367
2368
2369
2372
2373
2376
2385
2386
2388
2393
2394
2398
2400
2402
2403
2407
2408
2412
2416
2418
2422
2429
2432
2434
2436
2437
2438
2440
2442
2443
2444
2446
2448
2450
2451
2452
2453
2455
2456
2460
2464
2468
2473
2477
2486
2488
2489
2491
2492
2493
2494
2498
2499
2501
2502
2503
2505
2506
2507
2508
2510
2511
2513
2515
2516
2517
2518
2521
2523
2524
2525
2526
2528
2529
2531
2533
2534
2535
2536
2537
2538
2539
2543
2544
2545
2546
2548
2549
2550
2551
2552
2556
2558
2559
2560
2561
2562
2563
2566
2567
2568
2571
2572
2574
2576
2579
2581
2582
2583
2585
2586
2587
2588
2590
2592
2593
2594
2595
2597
2600
2601
2602
2603
2604
2605
2606
2607
2608
2609
2610
2613
2614
2615
2616
2619
2620
2621
2622
2623
2624
2625
2626
2628
2629
2633
2634
2637
2638
2640
2641
2643
2644
2645
2646
2647
2648
2649
2650
2651
2652
2656
2657
2658
2659
2660
2661
2662
2663
2664
2665
2666
2667
2669
2670
2671
2672
2673
2674
2676
2677
2678
2679
2680
2681
2682
2683
2684
2685
2686
2688
2690
2691
2692
2693
2694
2695
2696
2697
2698
2700
2702
2703
2704
2705
2707
2708
2709
2710
2713
2715
2717
2720
2721
2722
2723
2724
2725
2727
2729
2732
2734
2737
2738
2739
2742
2744
2745
2746
2747
2749
2750
2753
2754
2755
2758
2759
2760
2761
2763
2765
2766
2767
2769
2770
2771
2772
2774
2775
2776
2777
2778
2780
2781
2783
2784
2786
2787
2790
2791
2792
2793
2796
2797
2801
2802
2803
2805
2807
2808
2809
2810
2811
2813
2815
2816
2819
2820
2821
2822
2823
2825
2826
2827
2828
2829
2830
2832
2836
2837
2838
2840
2841
2843
2844
2845
2846
2848
2850
2851
2852
2854
2855
2856
2857
2858
2859
2860
2861
2862
2863
2864
2865
2866
2868
2869
2871
2874
2875
2876
2877
2878
2879
2880
2882
2884
2885
2886
2893
2894
2895
2896
2897
2898
2899
2900
2901
2902
2903
2904
2906
2907
2910
2912
2913
2914
2915
2916
2918
2919
2920
2921
2924
2926
2927
2928
2931
2932
2933
2934
2935
2936
2937
2939
2940
2941
2942
2945
2946
2947
2948
2949
2950
2952
2953
2954
2960
2962
2963
2965
2967
2969
2970
2971
2973
2976
2977
2978
2979
2980
2983
2986
2987
2988
2989
2994
2996
2999
3000
3003
3004
3007
3008
3009
3010
3011
3012
3013
3015
3016
3024
3027
3029
3030
3033
3034
3035
3037
3039
3040
3046
3047
3049
3050
3052
3053
3056
3057
3058
3059
3060
3061
3064
3065
3069
3073
3076
3077
3083
3085
3086
3088
3090
3091
3093
3094
3095
3099
3100
3105
3107
3109
3110
3111
3112
3115
3116
3118
3119
3121
3123
3124
3125
3126
3127
3128
3130
3132
3133
3135
3136
3139
3143
3144
3145
3150
3151
3152
3153
3156
3157
3158
3160
3161
3162
3163
3164
3165
3166
3168
3169
3170
3171
3172
3173
3174
3176
3177
3179
3182
3183
3184
3185
3186
3187
3188
3190
3193
3194
3196
3197
3200
3205
3206
3207
3209
3210
3211
3212
3213
3214
3215
3216
3217
3218
3219
3222
3223
3224
3225
3227
3228
3230
3231
3232
3234
3235
3237
3239
3240
3242
3243
3248
3250
3251
3254
3256
3257
3258
3260
3261
3263
3264
3265
3266
3267
3269
3270
3271
3275
3279
3280
3281
3282
3283
3284
3285
3286
3287
3288
3289
3290
3291
3292
3293
3294
3296
3298
3299
3300
3301
3304
3305
3308
3309
3310
3311
3312
3313
3314
3315
3316
3319
3320
3322
3323
3324
3328
3330
3331
3334
3336
3337
3339
3340
3341
3343
3344
3345
3346
3347
3348
3350
3352
3354
3356
3357
3359
3361
3362
3363
3367
3368
3369
3370
3371
3373
3376
3379
3380
3382
3383
3384
3386
3387
3388
3390
3394
3395
3398
3399
3402
3403
3404
3407
3408
3410
3412
3413
3414
3415
3416
3417
3418
3419
3420
3421
3423
3425
3426
3428
3429
3430
3432
3433
3434
3435
3436
3443
3446
3450
3451
3452
3453
3454
3455
3456
3457
3458
3459
3461
3462
3463
3464
3466
3467
3468
3469
3470
3472
3473
3474
3475
3476
3477
3479
3480
3481
3482
3483
3484
3485
3487
3489
3492
3494
3495
3496
3498
3503
3504
3506
3507
3510
3511
3512
3517
3519
3521
3522
3523
3524
3525
3526
3527
3529
3530
3532
3533
3534
3535
3536
3538
3539
3541
3542
3543
3544
3545
3546
3548
3549
3550
3551
3552
3553
3554
3556
3557
3558
3559
3560
3561
3563
3564
3565
3566
3567
3568
3570
3571
3572
3573
3574
3575
3576
3577
3578
3579
3580
3581
3582
3583
3584
3586
3589
3590
3591
3592
3593
3594
3595
3596
3597
3598
3599
3600
3601
3602
3603
3604
3605
3606
3607
3608
3609
3610
3611
3612
3613
3614
3616
3617
3618
3619
3620
3622
3623
3624
3625
3626
3627
3630
3631
3632
3633
3634
3635
3638
3641
3642
3643
3644
3645
3646
3647
3648
3649
3650
3651
3652
3653
3654
3655
3656
3658
3660
3661
3662
3664
3665
3666
3667
3668
3671
3672
3673
3674
3676
3677
3678
3679
3680
3681
3682
3683
3684
3686
3687
3688
3689
3690
3691
3692
3693
3694
3695
3696
3697
3698
3699
3700
3702
3703
3704
3705
3706
3707
3708
3709
3710
3712
3713
3714
3715
3716
3717
3718
3719
3720
3721
3722
3723
3729
3730
3731
3732
3733
3734
3735
3737
3738
3740
3742
3743
3745
3746
3747
3748
3749
3751
3752
3753
3756
3757
3758
3759
3760
3761
3762
3763
3764
3766
3767
3769
3771
3772
3773
3775
3776
3777
3778
3782
3783
3784
3786
3789
3790
3791
3795
3797
3798
3799
3800
3801
3802
3803
3804
3806
3807
3808
3809
3810
3812
3813
3814
3815
3816
3817
3818
3819
3820
3821
3822
3823
3824
3825
3826
3827
3828
3829
3830
3831
3833
3834
3837
3843
3844
3845
3848
3852
3860
3861
3863
3864
3865
3866
3867
3868
3869
3870
3871
3874
3875
3878
3879
3880
3881
3886
3887
3888
3896
3897
3898
3899
3900
3901
3902
3903
3907
3908
3910
3911
3912
3913
3919
3920
3921
3922
3923
3924
3926
3927
3929
3930
3931
3932
3933
3951
3952
3953
3954
3955
3956
3957
3958
3960
3961
3962
3963
3964
3965
3967
3968
3969
3970
3972
3974
3975
3977
3980
3981
3983
3984
3985
3986
3987
3988
3991
3993
3994
3997
4000
4001
4005
4006
4008
4009
4012
4013
4017
4018
4019
4020
4022
4023
4024
4025
4027
4030
4032
4033
4034
4035
4036
4038
4039
4042
4043
4044
4045
4046
4048
4049
4050
4053
4054
4056
4057
4061
4065
4067
4070
4072
4073
4074
4076
4077
4079
4082
4084
4085
4086
4087
4088
4089
4090
4096
4098
4100
4101
4103
4104
4105
4106
4107
4108
4109
4110
4111
4116
4117
4118
4119
4120
4123
4124
4125
4126
4127
4128
4129
4131
4132
4134
4136
4137
4138
4139
4140
4141
4142
4143
4145
4146
4147
4148
4149
4151
4153
4154
4155
4156
4157
4158
4159
4160
4161
4164
4165
4168
4169
4171
4172
4173
4175
4178
4179
4184
4185
4187
4188
4190
4191
4192
4194
4199
4200
4201
4202
4203
4205
4206
4207
4208
4209
4211
4212
4215
4216
4217
4220
4221
4223
4225
4226
4228
4229
4230
4231
4232
4234
4237
4238
4240
4241
4242
4243
4244
4250
4251
4252
4253
4254
4255
4256
4257
4258
4260
4264
4265
4266
4267
4268
4270
4273
4274
4275
4276
4277
4278
4279
4280
4281
4283
4285
4291
4293
4294
4295
4297
4298
4299
4300
4302
4303
4305
4308
4309
4310
4311
4312
4313
4314
4315
4316
4319
4321
4322
4323
4324
4325
4327
4329
4330
4331
4332
4334
4335
4336
4338
4339
4340
4347
4349
4351
4352
4353
4355
4358
4359
4361
4362
4364
4365
4366
4368
4376
4377
4379
4381
4382
4383
4384
4385
4387
4388
4389
4390
4391
4396
4398
4403
4405
4408
4412
4418
4420
4422
4423
4424
4426
4427
4428
4430
4432
4434
4437
4438
4439
4441
4444
4445
4451
4453
4454
4455
4456
4457
4458
4459
4462
4466
4467
4468
4469
4470
4471
4473
4474
4475
4477
4478
4479
4481
4483
4485
4486
4487
4490
4491
4492
4493
4494
4495
4501
4502
4506
4511
4512
4514
4519
4522
4527
4528
4530
4531
4535
4536
4539
4542
4543
4545
4546
4548
4549
4550
4551
4553
4555
4556
4559
4560
4561
4562
4566
4567
4568
4569
4571
4572
4575
4576
4582
4583
4585
4587
4589
4590
4591
4592
4593
4594
4595
4596
4597
4600
4601
4603
4605
4607
4610
4611
4612
4613
4615
4618
4619
4621
4622
4623
4624
4625
4626
4632
4633
4634
4635
4637
4639
4643
4644
4646
4647
4649
4651
4652
4655
4660
4661
4664
4666
4667
4670
4676
4677
4678
4679
4681
4682
4684
4685
4687
4688
4691
4693
4694
4697
4699
4702
4703
4704
4705
4706
4707
4708
4709
4710
4711
4712
4713
4714
4717
4719
4722
4723
4725
4726
4727
4732
4733
4734
4735
4742
4743
4744
4745
4747
4748
4751
4757
4758
4759
4760
4761
4763
4764
4765
4766
4767
4768
4774
4775
4776
4778
4779
4780
4781
4787
4788
4790
4791
4794
4797
4798
4799
4801
4802
4803
4804
4806
4809
4810
4811
4812
4813
4815
4816
4817
4819
4820
4821
4825
4827
4828
4829
4830
4831
4833
4835
4836
4837
4839
4840
4841
4842
4843
4844
4845
4846
4847
4848
4849
4850
4851
4852
4855
4857
4859
4861
4863
4864
4865
4866
4867
4868
4869
4870
4871
4872
4873
4875
4876
4878
4879
4881
4882
4883
4884
4886
4887
4888
4889
4894
4896
4898
4900
4902
4903
4905
4906
4907
4908
4909
4910
4911
4912
4913
4915
4916
4917
4918
4919
4920
4923
4924
4925
4926
4927
4928
4930
4931
4932
4937
4940
4941
4942
4943
4944
4946
4953
4954
4955
4958
4968
4973
4979
4988
4991
4992
4993
4994
4996
4997
4998
5001
5002
5007
5011
5013
5014
5024
5030
5034
5035
5036
5037
5038
5039
5040
5041
5042
5045
5047
5051
5052
5061
5063
5064
5065
5066
5067
5069
5070
5074
5075
5077
5078
5081
5082
5083
5086
5087
5088
5092
5093
5097
5099
5101
5102
5109
5110
5111
5112
5114
5116
5118
5119
5120
5121
5123
5125
5126
5131
5133
5134
5136
5139
5140
5142
5145
5147
5148
5152
5153
5156
5157
5160
5166
5170
5172
5174
5176
5177
5179
5182
5186
5187
5188
5189
5193
5196
5199
5203
5204
5205
5220
5221
5222
5226
5229
5233
5235
5241
5243
5244
5247
5251
5252
5254
5261
5263
5268
5269
5272
5273
5274
5275
5280
5282
5286
5292
5294
5296
5298
5300
5303
5306
5310
5316
5317
5319
5322
5323
5326
5330
5331
5332
5334
5335
5336
5337
5338
5350
5352
5354
5356
5359
5361
5362
5364
5365
5366
5367
5369
5372
5373
5376
5379
5381
5382
5384
5393
5396
5399
5400
5401
5403
5405
5408
5413
5417
5418
5421
5423
5425
5428
5429
5430
5433
5437
5438
5441
5442
5443
5446
5449
5450
5451
5453
5454
5458
5461
5464
5465
5466
5470
5471
5473
5475
5476
5477
5478
5479
5481
5484
5486
5487
5488
5490
5491
5496
5497
5500
5503
5505
5506
5507
5508
5511
5512
5513
5515
5516
5517
5520
5521
5524
5526
5527
5528
5529
5530
5534
5535
5536
5540
5544
5545
5546
5549
5550
5551
5557
5558
5560
5563
5564
5565
5566
5567
5571
5572
5573
5574
5579
5580
5581
5583
5585
5587
5591
5592
5593
5594
5596
5597
5598
5599
5600
5601
5604
5605
5606
5611
5612
5613
5615
5616
5618
5623
5624
5625
5626
5629
5630
5631
5632
5633
5634
5638
5639
5640
5641
5642
5643
5648
5650
5653
5654
5655
5656
5657
5658
5660
5662
5664
5667
5668
5671
5673
5674
5675
5676
5679
5680
5681
5684
5685
5686
5688
5689
5690
5697
5698
5700
5701
5702
5704
5705
5706
5708
5710
5712
5719
5724
5726
5727
5728
5729
5730
5732
5734
5736
5737
5739
5742
5743
5745
5747
5749
5750
5754
5755
5759
5763
5765
5766
5768
5770
5772
5773
5776
5778
5779
5780
5783
5784
5786
5788
5790
5791
5792
5793
5794
5797
5798
5800
5803
5804
5805
5806
5807
5808
5810
5813
5814
5815
5816
5817
5818
5825
5828
5832
5833
5834
5838
5840
5842
5844
5847
5848
5850
5851
5852
5853
5854
5855
5861
5865
5867
5868
5869
5871
5872
5875
5876
5880
5882
5883
5884
5888
5891
5892
5898
5902
5903
5904
5905
5911
5912
5914
5916
5918
5920
5921
5922
5923
5925
5926
5927
5928
5930
5931
5933
5934
5936
5938
5945
5947
5948
5949
5950
5952
5953
5954
5955
5956
5957
5958
5959
5960
5961
5966
5967
5968
5971
5972
5973
5974
5977
5980
5985
5987
5988
5989
5991
5992
5993
5995
5996
5998
6000
6002
6003
6004
6005
6008
6009
6010
6011
6015
6016
6018
6019
6020
6022
6026
6027
6028
6031
6033
6036
6037
6038
6039
6040
6041
6043
6044
6045
6049
6050
6053
6056
6057
6059
6060
6061
6063
6064
6067
6069
6072
6073
6074
6076
6077
6079
6080
6082
6083
6085
6086
6087
6088
6089
6090
6091
6093
6094
6095
6096
6097
6098
6102
6104
6106
6107
6108
6110
6111
6112
6113
6124
6126
6131
6133
6134
6135
6137
6138
6139
6140
6143
6144
6145
6148
6149
6150
6151
6153
6154
6157
6158
6159
6161
6162
6163
6164
6169
6170
6171
6172
6184
6185
6186
6193
6194
6199
6203
6205
6206
6209
6212
6213
6214
6215
6218
6219
6220
6223
6225
6229
6230
6232
6233
6234
6235
6239
6241
6242
6243
6246
6247
6250
6251
6252
6253
6254
6262
6263
6264
6265
6272
6274
6275
6276
6279
6283
6285
6287
6289
6291
6294
6297
6298
6301
6304
6305
6306
6310
6314
6317
6321
6322
6326
6329
6331
6337
6343
6344
6348
6349
6352
6353
6354
6355
6360
6361
6363
6364
6365
6366
6367
6368
6369
6371
6372
6374
6376
6377
6378
6383
6384
6385
6386
6389
6390
6391
6392
6393
6395
6399
6401
6403
6409
6410
6411
6413
6414
6415
6416
6418
6419
6420
6421
6423
6427
6428
6432
6433
6435
6441
6444
6445
6446
6447
6450
6452
6455
6457
6458
6460
6461
6463
6464
6465
6467
6468
6469
6472
6475
6479
6482
6485
6488
6489
6491
6492
6493
6495
6496
6497
6498
6500
6504
6509
6522
6530
6531
6532
6535
6539
6540
6541
6542
6543
6544
6545
6546
6548
6549
6550
6551
6552
6553
6555
6556
6559
6560
6561
6564
6565
6567
6569
6570
6571
6575
6576
6578
6580
6582
6584
6585
6586
6587
6589
6591
6592
6596
6597
6607
6612
6613
6618
6620
6621
6626
6627
6628
6629
6630
6631
6633
6634
6636
6641
6642
6644
6646
6649
6652
6653
6654
6658
6660
6661
6662
6664
6671
6672
6673
6678
6680
6683
6684
6687
6689
6693
6696
6698
6700
6703
6704
6705
6706
6710
6711
6713
6714
6715
6717
6718
6721
6722
6725
6726
6729
6730
6731
6733
6736
6738
6739
6741
6742
6743
6744
6747
6756
6757
6761
6762
6765
6767
6769
6770
6771
6772
6777
6779
6782
6783
6784
6787
6788
6791
6792
6793
6796
6799
6800
6801
6802
6807
6810
6811
6812
6813
6814
6817
6818
6823
6825
6832
6833
6834
6836
6840
6842
6844
6848
6853
6856
6857
6859
6863
6865
6866
6867
6868
6869
6871
6878
6879
6880
6881
6883
6884
6889
6890
6891
6893
6894
6896
6903
6906
6907
6910
6911
6913
6914
6915
6918
6920
6924
6926
6927
6929
6933
6934
6935
6936
6937
6938
6944
6945
6948
6954
6955
6956
6960
6964
6965
6968
6969
6970
6973
6974
6980
6981
6982
6984
6993
6995
6997
6998
7002
7003
7004
7005
7006
7007
7008
7009
7010
7013
7016
7017
7018
7020
7023
7025
7029
7033
7036
7037
7038
7040
7041
7045
7046
7049
7055
7058
7060
7062
7063
7064
7065
7067
7068
7072
7074
7075
7077
7079
7081
7085
7086
7089
7091
7094
7095
7097
7099
7100
7101
7102
7111
7118
7125
7126
7130
7131
7132
7134
7135
7136
7140
7143
7148
7152
7153
7154
7155
7157
7159
7164
7167
7168
7174
7175
7176
7177
7178
7183
7184
7189
7192
7193
7198
7199
7201
7202
7203
7204
7205
7208
7209
7210
7211
7213
7215
7220
7221
7222
7223
7224
7225
7226
7227
7229
7231
7232
7234
7235
7236
7240
7241
7242
7243
7244
7245
7247
7249
7250
7253
7254
7256
7257
7259
7264
7267
7268
7271
7273
7274
7275
7277
7278
7279
7282
7284
7285
7286
7289
7290
7294
7296
7298
7299
7300
7302
7304
7311
7312
7314
7315
7316
7319
7320
7322
7323
7324
7326
7334
7337
7340
7343
7344
7345
7353
7354
7358
7360
7362
7365
7366
7370
7373
7375
7376
7379
7382
7386
7393
7394
7395
7396
7397
7398
7402
7405
7406
7408
7409
7414
7416
7419
7420
7425
7426
7427
7428
7430
7431
7432
7437
7439
7444
7448
7451
7454
7458
7460
7463
7466
7468
7469
7470
7471
7472
7473
7475
7477
7478
7479
7480
7482
7486
7487
7488
7489
7491
7498
7499
7501
7503
7505
7506
7507
7508
7512
7513
7514
7516
7520
7521
7528
7532
7533
7538
7543
7544
7545
7550
7551
7552
7553
7554
7557
7558
7559
7560
7562
7565
7567
7569
7571
7572
7573
7575
7576
7577
7578
7579
7580
7581
7582
7583
7588
7592
7593
7594
7595
7596
7597
7598
7599
7602
7604
7605
7606
7608
7609
7610
7611
7613
7614
7616
7617
7618
7620
7621
7624
7625
7626
7627
7628
7629
7630
7631
7633
7634
7636
7638
7639
7640
7641
7643
7644
7645
7650
7651
7652
7654
7655
7657
7658
7661
7662
7664
7665
7666
7667
7668
7670
7672
7673
7676
7680
7681
7683
7684
7686
7688
7690
7691
7694
7696
7699
7700
7705
7707
7708
7709
7710
7711
7715
7719
7722
7724
7725
7727
7728
7730
7732
7734
7735
7736
7739
7740
7741
7742
7745
7748
7749
7750
7751
7752
7756
7758
7761
7762
7765
7766
7767
7769
7770
7775
7776
7778
7779
7780
7781
7783
7787
7788
7790
7791
7793
7794
7797
7800
7803
7804
7806
7807
7808
7811
7812
7816
7819
7822
7825
7827
7829
7832
7834
7835
7837
7839
7843
7846
7847
7849
7851
7852
7854
7856
7857
7858
7860
7861
7862
7864
7865
7867
7869
7870
7873
7874
7875
7877
7878
7880
7887
7888
7892
7894
7901
7902
7903
7906
7907
7909
7911
7912
7913
7914
7916
7918
7921
7922
7923
7927
7930
7932
7933
7934
7938
7939
7940
7944
7946
7947
7948
7949
7955
7956
7960
7962
7964
7965
7969
7971
7976
7980
7981
7986
7987
7991
7993
7997
7998
8000
8003
8006
8010
8014
8026
8033
8034
8039
8041
8047
8049
8051
8053
8054
8055
8056
8059
8061
8062
8063
8064
8065
8066
8068
8070
8071
8073
8074
8075
8077
8078
8080
8084
8086
8087
8091
8099
8100
8102
8105
8106
8107
8110
8112
8116
8117
8119
8120
8122
8123
8124
8125
8126
8127
8129
8131
8133
8135
8136
8137
8141
8143
8145
8146
8149
8150
8151
8153
8161
8163
8168
8169
8170
8171
8173
8174
8176
8180
8182
8183
8185
8186
8192
8193
8194
8195
8198
8199
8201
8202
8203
8204
8205
8206
8207
8208
8209
8210
8211
8212
8213
8214
8215
8216
8217
8220
8223
8227
8233
8234
8237
8238
8239
8242
8245
8247
8249
8252
8254
8257
8258
8260
8264
8265
8267
8268
8269
8270
8271
8272
8273
8274
8275
8276
8277
8278
8279
8281
8282
8291
8292
8297
8304
8306
8307
8312
8314
8315
8316
8317
8320
8333
8335
8336
8338
8341
8343
8345
8347
8354
8357
8361
8367
8368
8369
8370
8371
8373
8374
8375
8376
8381
8387
8388
8390
8393
8397
8399
8400
8401
8403
8404
8405
8407
8409
8412
8417
8421
8424
8431
8432
8433
8434
8435
8437
8440
8441
8443
8447
8448
8450
8452
8453
8455
8457
8458
8461
8462
8466
8468
8469
8471
8472
8473
8476
8477
8480
8481
8488
8489
8492
8493
8498
8499
8500
8502
8503
8505
8508
8509
8511
8513
8514
8516
8518
8521
8529
8536
8537
8541
8542
8544
8547
8549
8559
8567
8568
8569
8574
8577
8578
8579
8580
8581
8584
8586
8590
8591
8594
8595
8596
8597
8598
8599
8600
8603
8605
8606
8608
8609
8612
8613
8614
8615
8622
8623
8624
8629
8635
8638
8640
8643
8645
8646
8648
8651
8652
8660
8669
8676
8680
8699
8705
8709
8716
8732
8733
8736
8739
8740
8741
8744
8745
8746
8748
8750
8752
8753
8754
8756
8758
8760
8764
8767
8773
8775
8779
8780
8781
8783
8785
8787
8789
8790
8792
8793
8794
8801
8802
8803
8808
8811
8812
8816
8818
8821
8824
8825
8826
8827
8828
8829
8830
8831
8836
8837
8841
8844
8847
8849
8852
8853
8855
8856
8857
8859
8860
8862
8863
8864
8865
8866
8868
8869
8871
8873
8875
8876
8877
8878
8879
8880
8881
8882
8888
8889
8891
8892
8893
8894
8895
8896
8897
8898
8899
8902
8905
8907
8911
8914
8917
8920
8921
8922
8923
8924
8926
8927
8928
8930
8932
8935
8936
8938
8945
8946
8948
8949
8950
8951
8952
8953
8960
8961
8964
8965
8966
8968
8970
8971
8972
8973
8974
8978
8980
8981
8982
8988
8989
8990
8991
8994
8995
8999
9003
9004
9006
9007
9008
9009
9013
9014
9015
9018
9021
9025
9028
9031
9035
9036
9038
9039
9040
9044
9049
9052
9053
9054
9058
9062
9064
9066
9069
9072
9075
9076
9078
9079
9081
9083
9085
9086
9089
9090
9091
9095
9096
9097
9099
9105
9106
9109
9110
9111
9112
9117
9121
9127
9129
9131
9135
9140
9142
9143
9144
9146
9148
9150
9152
9154
9155
9156
9165
9170
9173
9174
9177
9178
9179
9181
9182
9190
9193
9194
9195
9198
9199
9204
9205
9207
9208
9210
9211
9212
9213
9214
9215
9216
9217
9218
9219
9220
9222
9223
9230
9231
9236
9240
9242
9250
9254
9256
9257
9263
9271
9274
9280
9287
9288
9299
9303
9304
9315
9316
9317
9318
9319
9325
9326
9328
9337
9338
9340
9350
9351
9352
9354
9365
9368
9369
9378
9380
9385
9390
9391
9392
9401
9404
9408
9417
9420
9422
9423
9429
9430
9435
9438
9439
9441
9442
9444
9446
9447
9448
9449
9450
9453
9455
9459
9461
9467
9469
9476
9477
9478
9485
9490
9494
9497
9498
9499
9501
9502
9504
9507
9512
9519
9521
9524
9525
9526
9529
9533
9535
9537
9541
9543
9548
9549
9550
9551
9552
9554
9556
9557
9565
9567
9568
9569
9570
9571
9575
9576
9585
9586
9587
9588
9590
9592
9593
9594
9595
9600
9607
9608
9609
9611
9612
9613
9614
9615
9618
9620
9621
9622
9624
9625
9626
9628
9631
9634
9639
9643
9646
9651
9653
9656
9661
9669
9670
9673
9674
9676
9679
9684
9685
9688
9692
9693
9694
9695
9696
9697
9699
9702
9708
9709
9712
9718
9720
9721
9722
9723
9724
9725
9726
9727
9732
9735
9739
9740
9748
9751
9753
9757
9758
9759
9760
9764
9766
9768
9776
9777
9778
9779
9781
9787
9788
9790
9794
9798
9802
9804
9808
9810
9812
9815
9816
9818
9825
9828
9829
9831
9833
9835
9839
9841
9846
9847
9857
9861
9881
9883
9884
9886
9887
9888
9894
9896
9902
9906
9908
9909
9918
9920
9921
9922
9923
9939
9942
9944
9950
9952
9953
9958
9964
9970
9973
9980
9982
9995
10001
10003
10019
10023
10029
10031
10032
10034
10036
10037
10043
10048
10050
10052
10055
10056
10063
10064
10065
10066
10067
10068
10075
10083
10088
10089
10091
10094
10095
10096
10097
10100
10114
10116
10124
10125
10127
10129
10132
10133
10137
10140
10144
10146
10151
10154
10163
10164
10170
10173
10174
10178
10180
10181
10187
10189
10190
10192
10193
10195
10201
10205
10217
10226
10228
10240
10241
10243
10244
10245
10253
10257
10258
10265
10272
10273
10274
10279
10281
10283
10290
10294
10295
10304
10306
10317
10320
10334
10344
10373
10387
10388
10390
10404
10410
10413
10422
10423
10426
10428
10435
10445
10447
10450
10458
10460
10467
10474
10477
10479
10482
10486
10494
10500
10503
10509
10516
10521
10523
10526
10533
10543
10544
10548
10551
10555
10562
10570
10571
10585
10588
10591
10594
10595
10604
10605
10607
10610
10611
10618
10622
10630
10640
10647
10654
10659
10664
10674
10690
10699
10710
10715
10717
10728
10729
10730
10731
10734
10735
10741
10742
10743
10745
10747
10748
10751
10754
10755
10757
10758
10761
10762
10763
10764
10766
10770
10771
10772
10773
10777
10783
10784
10786
10796
10799
10803
10804
10805
10806
10807
10815
10816
10822
10824
10829
10831
10839
10845
10846
10852
10853
10857
10863
10865
10869
10871
10872
10873
10884
10889
10892
10893
10894
10901
10903
10912
10913
10914
10916
10919
10920
10921
10927
10936
10939
10941
10942
10944
10948
10949
10950
10957
10972
10978
10982
10988
11003
11008
11014
11015
11017
11032
11035
11037
11040
11046
11062
11064
11065
11067
11068
11072
11081
11086
11087
11092
11102
11116
11121
11123
11127
11132
11134
11135
11141
11143
11144
11147
11150
11151
11153
11154
11157
11159
11160
11181
11187
11195
11206
11209
11210
11211
11212
11213
11214
11215
11218
11222
11224
11225
11236
11246
11250
11256
11258
11284
11287
11288
11299
11300
11303
11305
11307
11316
11317
11322
11331
11334
11339
11341
11345
11348
11363
11365
11367
11369
11371
11383
11394
11398
11399
11411
11412
11418
11425
11426
11427
11439
11440
11444
11448
11464
11485
11496
11500
11502
11503
11518
11520
11524
11529
11530
11533
11536
11541
11542
11546
11548
11552
11556
11563
11565
11566
11568
11572
11574
11578
11587
11589
11590
11591
11594
11615
11619
11632
11637
11640
11641
11642
11649
11662
11665
11672
11676
11679
11685
11702
11705
11706
11718
11726
11730
11737
11740
11747
11751
11756
11780
11781
11784
11785
11790
11800
11813
11817
11837
11851
11860
11863
11871
11886
11890
11896
11903
11904
11910
11917
11919
11922
11927
11929
11939
11941
11945
11955
11957
11961
11977
11978
11981
11982
11983
11995
12000
12002
12003
12028
12037
12038
12042
12044
12047
12057
12059
12060
12069
12078
12083
12087
12100
12104
12111
12115
12116
12122
12124
12137
12138
12139
12140
12145
12146
12149
12158
12159
12165
12172
12182
12198
12203
12213
12221
12225
12230
12231
12234
12236
12241
12243
12247
12255
12260
12263
12276
12286
12288
12293
12294
12316
12318
12321
12322
12325
12327
12328
12332
12339
12341
12344
12355
12358
12366
12385
12386
12392
12403
12410
12426
12434
12435
12438
12442
12459
12461
12470
12483
12495
12521
12523
12526
12531
12533
12538
12551
12554
12555
12558
12568
12571
12579
12585
12587
12591
12606
12651
12653
12654
12657
12663
12665
12666
12667
12668
12669
12670
12671
12672
12673
12674
12675
12676
12677
12678
12679
12680
12681
12682
12683
12684
12685
12686
12687
12688
12689
12690
12691
12692
12693
12694
12695
12696
12697
12698
12705
12707
12713
12718
12723
12724
12725
12726
12730
12732
12733
12740
12741
12742
12759
12764
12765
12773
12787
12798
12806
12810
12815
12817
12828
12832
12833
12876
12885
12891
12893
12894
12895
12898
12906
12908
12914
12917
12919
12921
12925
12928
12938
12940
12943
12951
12952
12954
12956
12960
12962
12970
12971
12982
12996
13011
13019
13024
13026
13034
13036
13037
13038
13039
13048
13061
13066
13068
13070
13086
13089
13097
13100
13103
13109
13117
13118
13119
13120
13121
13141
13155
13161
13164
13203
13205
13215
13222
13224
13227
13229
13239
13241
13244
13254
13263
13266
13267
13279
13281
13291
13299
13306
13309
13311
13314
13318
13320
13337
13360
13366
13372
13390
13398
13403
13406
13418
13419
13426
13427
13453
13455
13462
13495
13496
13509
13511
13513
13517
13518
13535
13539
13553
13554
13562
13567
13569
13570
13572
13574
13577
13578
13583
13584
13586
13589
13591
13601
13615
13629
13632
13655
13656
13660
13663
13673
13674
13696
13708
13715
13718
13735
13741
13760
13762
13769
13773
13777
13789
13791
13793
13798
13803
13804
13806
13816
13821
13824
13832
13842
13846
13850
13856
13870
13881
13889
13890
13899
13910
13917
13938
13942
13975
13977
13981
13997
14000
14001
14036
14057
14082
14105
14132
14133
14137
14173
14245
14265
14272
14280
14281
14293
14312
14313
14332
14335
14342
14362
14374
14383
14393
14405
14410
14427
14460
14468
14474
14491
14515
14529
14530
14556
14559
14560
14564
14589
14590
14591
14594
14627
14634
14646
14649
14652
14653
14654
14658
14659
14662
14664
14669
14670
14675
14676
14677
14678
14680
14683
14684
14703
14720
14726
14747
14765
14766
14772
14792
14794
14801
14808
14813
14825
14832
14834
14843
14857
14858
14878
14890
14901
14902
14909
14915
14916
14944
14968
14972
14973
14974
14983
14993
14994
15019
15036
15040
15051
15066
15072
15086
15089
15097
15117
15124
15135
15153
15159
15163
15164
15171
15172
15180
15184
15191
15201
15226
15227
15236
15241
15243
15245
15249
15257
15267
15271
15278
15287
15290
15295
15296
15306
15347
15350
15353
15373
15378
15381
15397
15402
15414
15427
15429
15430
15451
15478
15483
15500
15514
15515
15517
15524
15527
15540
15543
15547
15548
15557
15559
15571
15579
15584
15591
15593
15602
15610
15627
15632
15634
15651
15663
15668
15671
15672
15673
15674
15675
15676
15677
15678
15679
15680
15681
15682
15683
15684
15691
15697
15714
15739
15740
15754
15755
15762
15764
15765
15777
15783
15825
15847
15854
15858
15865
15867
15870
15881
15885
15914
15931
15939
15954
15956
15975
15980
16010
16018
16029
16043
16046
16047
16056
16057
16060
16062
16063
16078
16089
16099
16108
16112
16113
16114
16117
16118
16123
16154
16162
16167
16170
16171
16173
16179
16189
16195
16199
16201
16206
16219
16220
16221
16222
16223
16224
16225
16227
16229
16230
16231
16232
16233
16234
16235
16236
16237
16238
16239
16240
16241
16242
16243
16244
16245
16246
16247
16248
16249
16250
16251
16252
16253
16254
16255
16256
16257
16258
16259
16260
16261
16266
16276
16277
16344
16356
16357
16368
16372
16375
16377
16386
16391
16399
16408
16422
16427
16429
16433
16446
16494
16504
16523
16524
16560
16570
16580
16583
16596
16605
16609
16611
16612
16622
16628
16678
16705
16713
16754
16765
16791
16792
16804
16814
16816
16818
16827
16829
16831
16870
16884
16936
16949
16950
17068
17087
17122
17144
17155
17245
17249
17250
17251
17252
17253
17254
17255
17256
17257
17258
17259
17260
17261
17262
17263
17264
17265
17266
17267
17268
17269
17270
17271
17272
17273
17274
17275
17276
17278
17279
17280
17281
17282
17283
17284
17285
17286
17287
17288
17289
17290
17291
17292
17293
17294
17295
17296
17297
17298
17299
17300
17301
17302
17303
17304
17305
17306
17307
17308
17309
17310
17311
17313
17357
17366
17405
17408
17420
17425
17430
17454
17471
17472
17490
17493
17515
17518
17548
17558
17574
17576
17628
17629
17630
17631
17632
17633
17635
17661
17747
17769
17787
17820
17821
17824
17852
17856
17857
17858
17877
17887
17905
17929
17934
17972
17988
18002
18052
18071
18082
18104
18105
18106
18107
18108
18109
18110
18111
18112
18113
18114
18115
18116
18117
18118
18119
18120
18121
18122
18123
18124
18125
18126
18127
18128
18129
18130
18131
18132
18133
18134
18135
18136
18137
18138
18139
18140
18141
18142
18143
18144
18145
18146
18156
18165
18167
18171
18173
18174
18175
18176
18177
18178
18179
18180
18181
18182
18183
18184
18185
18186
18187
18189
18196
18225
18238
18250
18274
18275
18293
18303
18304
18328
18353
18374
18375
18377
18391
18396
18406
18410
18416
18423
18426
18471
18472
18482
18498
18499
18510
18526
18553
18556
18563
18588
18590
18592
18921
19007
19021
19036
19143
19185
19186
19225
19226
19227
19228
19229
19230
19267
19268
19269
19270
19271
19272
19281
19282
19296
19310
19360
19361
19493
19773
19888
