1
3
6
7
8
9
12
13
15
16
17
18
20
22
23
24
26
28
29
36
37
38
39
41
42
46
51
52
53
54
57
58
59
60
62
63
64
65
67
68
69
70
72
74
76
77
78
82
83
85
87
88
89
91
93
97
98
101
103
106
108
110
113
115
116
117
118
119
122
123
125
126
127
130
132
134
135
137
138
139
141
144
146
147
151
152
155
157
159
162
165
166
167
169
170
172
176
178
179
181
182
183
185
189
190
191
193
194
200
201
204
205
206
207
209
210
212
213
214
215
217
218
219
222
224
227
228
230
233
237
239
244
248
250
251
253
255
256
258
259
262
264
268
272
273
275
280
282
283
286
287
288
293
295
298
300
303
307
308
312
313
317
320
321
322
331
340
342
344
345
347
348
351
352
357
360
362
363
370
371
375
376
378
379
384
386
387
388
389
394
399
400
402
403
408
409
410
415
419
420
421
423
424
425
427
428
431
432
435
437
438
439
441
442
445
446
448
450
451
452
453
454
458
459
460
463
465
468
470
471
474
477
479
481
483
485
488
490
492
493
494
500
501
502
503
504
505
508
510
511
513
514
516
517
518
519
523
525
529
532
533
541
542
546
548
552
553
554
555
563
564
565
567
569
573
575
579
582
583
584
585
587
596
599
601
602
603
604
610
611
612
617
619
620
621
626
628
631
635
636
640
645
646
648
650
651
652
653
654
658
659
663
665
671
672
673
678
680
681
685
690
692
696
697
701
703
707
709
710
719
721
724
725
727
733
734
736
739
743
744
746
748
750
751
752
754
759
760
765
768
773
774
775
777
778
779
780
782
787
788
790
791
792
795
796
798
801
805
806
808
810
811
815
817
824
825
826
830
832
837
838
839
843
844
850
854
855
856
857
859
860
867
869
870
872
874
875
878
882
884
886
887
888
889
891
892
895
902
903
904
905
906
908
909
911
912
918
919
920
921
924
927
928
930
932
934
937
940
943
944
955
961
963
964
966
973
974
975
976
978
980
984
987
990
996
999
1002
1009
1012
1013
1016
1018
1019
1023
1024
1025
1029
1030
1031
1033
1037
1041
1043
1044
1046
1050
1051
1056
1060
1062
1064
1065
1067
1071
1073
1075
1077
1082
1083
1084
1085
1086
1091
1092
1096
1097
1098
1099
1102
1103
1109
1110
1113
1122
1123
1124
1127
1129
1139
1143
1149
1156
1157
1158
1159
1160
1161
1162
1165
1169
1179
1180
1181
1184
1190
1191
1192
1196
1200
1204
1207
1208
1209
1210
1213
1216
1219
1220
1223
1227
1231
1232
1235
1242
1244
1245
1250
1258
1264
1267
1271
1272
1276
1279
1285
1286
1295
1297
1302
1304
1308
1312
1314
1316
1320
1323
1328
1331
1338
1341
1343
1349
1350
1352
1353
1355
1356
1362
1366
1369
1372
1378
1380
1385
1389
1392
1403
1404
1406
1407
1409
1410
1414
1416
1417
1419
1426
1429
1430
1436
1443
1444
1447
1450
1451
1455
1456
1457
1463
1465
1466
1468
1471
1472
1474
1475
1479
1480
1483
1487
1488
1489
1490
1494
1495
1497
1498
1500
1503
1507
1514
1515
1516
1520
1523
1527
1536
1541
1545
1548
1551
1552
1558
1563
1565
1570
1572
1573
1579
1580
1581
1589
1590
1591
1596
1599
1609
1610
1622
1624
1625
1627
1629
1636
1641
1644
1647
1653
1654
1655
1656
1659
1662
1665
1667
1668
1670
1678
1679
1683
1687
1688
1694
1697
1705
1722
1726
1729
1731
1733
1735
1736
1739
1742
1744
1745
1750
1757
1758
1759
1760
1762
1764
1766
1772
1777
1788
1789
1791
1792
1798
1799
1804
1811
1813
1828
1830
1832
1841
1850
1853
1856
1858
1866
1867
1877
1880
1881
1887
1897
1900
1901
1902
1904
1908
1909
1914
1915
1918
1919
1920
1923
1925
1935
1937
1944
1945
1947
1948
1950
1956
1957
1960
1968
1969
1972
1974
1976
1977
1980
1982
1985
1990
1995
1996
2001
2004
2005
2007
2009
2011
2015
2019
2021
2022
2027
2028
2031
2032
2033
2036
2038
2041
2044
2047
2050
2052
2053
2054
2057
2064
2067
2070
2075
2076
2081
2088
2089
2090
2092
2096
2098
2105
2107
2109
2112
2116
2123
2124
2125
2129
2130
2132
2133
2134
2136
2140
2144
2146
2150
2154
2157
2159
2165
2166
2167
2168
2174
2176
2183
2188
2190
2194
2196
2197
2199
2201
2202
2205
2212
2219
2223
2224
2232
2238
2242
2248
2250
2253
2256
2260
2266
2268
2276
2292
2293
2298
2300
2310
2311
2316
2317
2321
2322
2327
2329
2330
2336
2338
2341
2346
2350
2354
2359
2363
2364
2366
2367
2368
2369
2370
2375
2376
2393
2394
2403
2412
2413
2424
2430
2432
2434
2436
2440
2444
2450
2452
2453
2455
2459
2464
2466
2467
2472
2473
2477
2480
2481
2489
2492
2494
2495
2498
2501
2503
2508
2513
2514
2518
2521
2523
2526
2528
2531
2543
2548
2549
2550
2551
2552
2561
2564
2567
2568
2571
2572
2574
2581
2582
2587
2590
2592
2593
2601
2603
2604
2605
2606
2608
2610
2611
2613
2615
2616
2622
2624
2634
2637
2640
2641
2644
2645
2646
2647
2648
2649
2650
2651
2657
2658
2659
2660
2661
2662
2665
2666
2667
2669
2670
2674
2677
2678
2680
2681
2682
2683
2684
2688
2691
2692
2694
2695
2696
2699
2701
2702
2703
2710
2711
2713
2717
2719
2720
2724
2725
2726
2727
2728
2729
2732
2738
2747
2749
2753
2754
2755
2757
2758
2761
2762
2763
2765
2766
2769
2771
2774
2775
2777
2778
2781
2782
2783
2784
2786
2787
2788
2792
2795
2796
2802
2803
2807
2809
2811
2816
2817
2822
2825
2829
2832
2834
2835
2837
2838
2845
2848
2852
2854
2857
2858
2859
2861
2865
2868
2869
2874
2875
2876
2882
2885
2886
2888
2889
2893
2894
2897
2898
2899
2900
2901
2903
2904
2907
2910
2911
2912
2915
2916
2917
2919
2920
2922
2924
2926
2929
2931
2933
2934
2935
2939
2941
2943
2945
2946
2949
2951
2954
2958
2962
2963
2967
2970
2976
2977
2978
2983
2988
2989
2992
2994
3002
3004
3007
3008
3010
3011
3015
3016
3019
3020
3026
3029
3030
3033
3035
3037
3039
3044
3049
3050
3052
3053
3058
3060
3061
3065
3068
3069
3073
3077
3084
3086
3091
3092
3094
3095
3098
3100
3105
3106
3107
3108
3115
3116
3117
3120
3124
3126
3127
3128
3130
3132
3133
3138
3139
3140
3144
3145
3149
3150
3152
3153
3155
3156
3157
3158
3159
3162
3163
3165
3168
3169
3170
3171
3186
3188
3192
3193
3200
3204
3205
3206
3207
3208
3209
3211
3212
3213
3216
3217
3218
3223
3224
3227
3228
3232
3233
3235
3237
3238
3240
3242
3243
3244
3248
3249
3250
3251
3256
3257
3259
3261
3262
3263
3264
3265
3266
3270
3271
3275
3277
3279
3285
3287
3292
3295
3296
3297
3299
3301
3306
3308
3312
3313
3316
3319
3320
3322
3325
3328
3330
3331
3334
3335
3340
3341
3343
3344
3346
3350
3353
3354
3357
3359
3361
3363
3368
3369
3375
3376
3382
3383
3384
3385
3387
3389
3398
3401
3402
3403
3404
3410
3412
3413
3415
3419
3421
3422
3423
3424
3426
3429
3430
3435
3437
3438
3441
3442
3443
3450
3451
3452
3453
3455
3456
3457
3459
3462
3463
3465
3466
3467
3470
3472
3473
3474
3476
3478
3479
3483
3484
3485
3487
3488
3489
3491
3495
3496
3502
3505
3506
3507
3509
3511
3512
3515
3518
3520
3521
3523
3524
3525
3527
3529
3530
3533
3534
3538
3539
3540
3543
3544
3547
3548
3550
3551
3552
3553
3556
3558
3560
3562
3565
3566
3567
3568
3569
3570
3571
3573
3574
3575
3576
3578
3579
3580
3583
3584
3590
3592
3594
3596
3598
3599
3600
3601
3603
3604
3605
3606
3608
3609
3610
3611
3612
3613
3614
3616
3618
3619
3621
3623
3624
3625
3626
3630
3631
3632
3634
3637
3645
3646
3648
3651
3652
3655
3658
3662
3679
3680
3682
3683
3687
3689
3693
3694
3698
3699
3702
3703
3705
3706
3707
3708
3709
3710
3713
3714
3719
3720
3721
3722
3725
3727
3729
3730
3731
3732
3733
3734
3735
3737
3738
3743
3746
3747
3752
3753
3755
3756
3757
3763
3764
3766
3767
3769
3773
3775
3776
3779
3782
3786
3790
3791
3795
3799
3800
3802
3812
3815
3818
3819
3820
3822
3823
3827
3828
3831
3833
3834
3837
3838
3839
3844
3847
3848
3852
3853
3856
3857
3859
3860
3865
3866
3867
3868
3869
3870
3871
3874
3879
3887
3888
3896
3898
3899
3900
3901
3902
3909
3911
3916
3921
3922
3923
3924
3930
3932
3938
3943
3944
3958
3961
3968
3970
3972
3974
3976
3983
3984
3994
3997
3998
4000
4001
4003
4006
4008
4009
4011
4012
4013
4016
4023
4024
4031
4032
4034
4036
4039
4045
4046
4050
4054
4057
4059
4062
4066
4067
4070
4071
4077
4080
4082
4084
4087
4101
4103
4107
4109
4111
4112
4113
4115
4118
4119
4120
4122
4125
4129
4136
4145
4146
4148
4149
4153
4155
4157
4158
4159
4160
4162
4177
4179
4184
4185
4186
4187
4188
4194
4195
4200
4215
4217
4220
4229
4232
4237
4238
4242
4250
4253
4254
4255
4256
4266
4267
4270
4271
4275
4290
4292
4293
4294
4297
4303
4305
4308
4311
4315
4316
4323
4326
4334
4336
4340
4347
4350
4352
4353
4354
4355
4356
4358
4359
4362
4373
4376
4383
4384
4388
4389
4390
4397
4399
4400
4405
4406
4412
4420
4421
4425
4427
4430
4432
4438
4444
4445
4446
4448
4451
4453
4454
4458
4470
4475
4476
4477
4479
4482
4486
4488
4490
4491
4495
4496
4499
4501
4502
4506
4509
4510
4511
4513
4514
4518
4522
4539
4542
4543
4545
4555
4556
4558
4559
4560
4561
4562
4566
4579
4581
4587
4588
4595
4596
4597
4603
4604
4610
4614
4615
4618
4619
4622
4626
4629
4630
4632
4633
4634
4635
4639
4651
4652
4660
4669
4671
4673
4675
4679
4683
4685
4695
4698
4699
4702
4703
4704
4705
4706
4707
4708
4715
4718
4719
4721
4724
4726
4728
4734
4737
4740
4751
4753
4756
4759
4763
4765
4766
4769
4770
4782
4787
4788
4790
4792
4794
4798
4803
4808
4812
4813
4816
4817
4819
4820
4827
4828
4829
4830
4836
4840
4841
4846
4847
4851
4855
4859
4866
4869
4879
4881
4882
4883
4886
4887
4891
4894
4907
4908
4909
4910
4913
4915
4917
4919
4920
4924
4930
4931
4934
4935
4936
4937
4943
4944
4959
4961
4962
4969
4970
4972
4973
4980
4981
4988
4993
4997
4998
5001
5002
5005
5009
5011
5013
5017
5019
5030
5036
5040
5042
5045
5051
5052
5062
5066
5070
5071
5072
5074
5076
5082
5084
5096
5099
5101
5110
5111
5112
5114
5115
5116
5120
5123
5126
5127
5129
5133
5135
5138
5139
5148
5151
5156
5158
5160
5167
5168
5172
5176
5187
5189
5193
5195
5204
5205
5211
5223
5228
5230
5238
5245
5247
5251
5252
5254
5257
5262
5263
5264
5268
5270
5272
5273
5280
5282
5287
5288
5295
5298
5299
5306
5309
5310
5316
5326
5330
5331
5336
5338
5342
5352
5354
5356
5359
5361
5369
5371
5375
5376
5382
5387
5388
5390
5399
5408
5417
5418
5422
5423
5432
5435
5437
5440
5444
5449
5456
5457
5458
5470
5471
5476
5478
5484
5486
5488
5489
5491
5493
5496
5498
5500
5504
5513
5519
5521
5523
5528
5530
5533
5536
5538
5549
5550
5560
5561
5564
5565
5566
5567
5571
5576
5579
5583
5588
5590
5592
5601
5603
5605
5609
5621
5623
5624
5625
5626
5628
5629
5630
5638
5640
5645
5654
5656
5660
5662
5670
5674
5675
5687
5688
5689
5697
5699
5702
5706
5707
5708
5709
5712
5719
5730
5734
5743
5745
5747
5749
5750
5755
5760
5763
5764
5766
5767
5768
5774
5778
5784
5785
5791
5792
5793
5794
5795
5803
5804
5805
5806
5811
5812
5814
5817
5830
5831
5834
5836
5837
5840
5844
5848
5856
5857
5858
5859
5860
5861
5867
5877
5880
5883
5884
5888
5889
5890
5892
5893
5897
5903
5908
5917
5922
5926
5927
5936
5944
5947
5949
5953
5957
5959
5961
5967
5969
5971
5976
5981
5984
5985
5987
5990
5992
5996
5997
6007
6008
6011
6013
6015
6024
6028
6031
6033
6034
6035
6037
6039
6042
6045
6047
6056
6063
6067
6077
6079
6080
6081
6085
6088
6091
6092
6093
6094
6095
6096
6103
6107
6111
6112
6113
6114
6121
6125
6126
6131
6134
6137
6139
6140
6141
6142
6143
6144
6146
6148
6150
6156
6157
6159
6161
6179
6180
6186
6194
6196
6199
6200
6202
6205
6206
6212
6213
6217
6219
6220
6221
6224
6230
6234
6241
6242
6246
6251
6253
6264
6267
6272
6273
6274
6276
6283
6291
6297
6299
6301
6302
6304
6317
6321
6322
6336
6343
6345
6353
6356
6357
6361
6363
6366
6370
6371
6372
6373
6375
6382
6384
6389
6391
6393
6395
6404
6407
6409
6416
6418
6421
6424
6425
6427
6432
6435
6444
6450
6455
6461
6462
6463
6466
6471
6473
6480
6481
6488
6489
6491
6493
6495
6496
6497
6500
6508
6509
6511
6515
6517
6538
6548
6549
6550
6556
6561
6566
6576
6578
6580
6586
6590
6592
6597
6599
6612
6618
6619
6621
6624
6625
6626
6627
6628
6629
6631
6637
6646
6649
6650
6653
6660
6661
6665
6669
6672
6675
6681
6682
6684
6687
6689
6694
6696
6697
6698
6701
6705
6706
6711
6712
6713
6715
6716
6718
6719
6720
6722
6723
6728
6730
6731
6735
6741
6747
6751
6761
6765
6767
6769
6770
6772
6779
6781
6784
6794
6796
6797
6799
6800
6809
6810
6817
6822
6823
6825
6826
6829
6834
6836
6842
6844
6849
6857
6859
6864
6865
6869
6870
6871
6879
6883
6884
6886
6892
6894
6897
6900
6903
6906
6907
6910
6911
6913
6914
6915
6916
6918
6921
6922
6926
6927
6934
6935
6936
6937
6943
6944
6953
6956
6966
6970
6973
6977
6981
6990
6992
6995
6999
7002
7005
7006
7012
7023
7035
7038
7046
7049
7052
7053
7056
7058
7063
7064
7068
7070
7073
7086
7087
7089
7093
7097
7104
7108
7116
7124
7126
7130
7131
7132
7133
7134
7135
7136
7141
7143
7148
7154
7162
7167
7174
7175
7176
7177
7178
7182
7188
7189
7198
7199
7202
7203
7208
7209
7211
7213
7216
7221
7223
7224
7225
7232
7234
7236
7241
7242
7243
7244
7245
7256
7259
7268
7273
7275
7276
7280
7282
7284
7285
7286
7290
7291
7293
7298
7300
7302
7303
7309
7315
7320
7325
7338
7340
7341
7342
7343
7345
7346
7353
7358
7359
7360
7362
7366
7370
7377
7379
7382
7393
7394
7397
7398
7403
7404
7406
7408
7409
7414
7416
7419
7422
7442
7451
7458
7460
7461
7465
7466
7472
7480
7487
7489
7510
7512
7517
7526
7532
7533
7534
7543
7544
7547
7550
7557
7561
7562
7565
7569
7570
7572
7573
7580
7583
7588
7591
7592
7593
7594
7601
7602
7607
7614
7628
7630
7635
7636
7638
7640
7641
7643
7645
7654
7655
7657
7662
7664
7665
7666
7670
7680
7686
7687
7691
7692
7694
7700
7702
7705
7707
7708
7712
7715
7716
7718
7720
7725
7727
7729
7739
7741
7745
7746
7749
7750
7751
7752
7761
7762
7765
7766
7770
7772
7773
7774
7779
7781
7785
7787
7791
7794
7796
7804
7813
7816
7818
7822
7827
7828
7830
7833
7835
7837
7840
7841
7843
7849
7852
7857
7858
7859
7861
7862
7865
7867
7868
7874
7877
7881
7886
7889
7890
7894
7896
7897
7898
7902
7903
7906
7912
7913
7915
7919
7920
7924
7925
7927
7928
7929
7931
7934
7935
7940
7942
7943
7946
7947
7949
7953
7954
7956
7957
7962
7964
7967
7970
7971
7972
7977
7980
7981
7982
7983
7987
7989
7992
7993
7994
8000
8001
8003
8009
8012
8013
8014
8015
8026
8039
8043
8045
8047
8049
8051
8054
8056
8057
8059
8060
8062
8064
8066
8069
8071
8074
8075
8078
8080
8081
8083
8084
8087
8089
8099
8102
8104
8105
8118
8119
8125
8131
8133
8141
8144
8145
8149
8150
8153
8156
8161
8164
8169
8170
8192
8194
8195
8200
8215
8228
8233
8234
8239
8243
8246
8253
8260
8262
8268
8270
8271
8276
8279
8282
8287
8291
8299
8309
8314
8315
8317
8319
8320
8327
8335
8341
8342
8343
8346
8348
8350
8353
8354
8357
8364
8365
8371
8384
8386
8392
8394
8396
8404
8412
8418
8421
8424
8428
8430
8434
8437
8446
8449
8455
8456
8458
8472
8481
8486
8501
8504
8506
8507
8513
8514
8531
8557
8566
8567
8568
8572
8579
8580
8583
8588
8600
8603
8605
8607
8609
8612
8613
8614
8616
8621
8625
8629
8643
8645
8648
8655
8660
8684
8690
8698
8699
8700
8702
8705
8726
8729
8732
8733
8736
8737
8740
8745
8749
8752
8759
8773
8775
8780
8785
8792
8802
8822
8824
8826
8827
8834
8837
8842
8847
8849
8856
8862
8864
8865
8866
8868
8869
8870
8871
8874
8889
8892
8893
8896
8902
8913
8917
8922
8924
8927
8943
8968
8969
8973
8977
8978
8980
8987
8992
8999
9003
9006
9008
9011
9026
9028
9030
9033
9034
9035
9048
9052
9057
9061
9066
9069
9078
9081
9083
9086
9089
9090
9091
9092
9096
9106
9108
9109
9110
9123
9127
9135
9139
9140
9141
9143
9145
9146
9149
9157
9164
9169
9174
9178
9185
9194
9195
9198
9206
9207
9209
9211
9212
9213
9216
9218
9223
9236
9238
9239
9240
9242
9248
9250
9253
9259
9263
9264
9265
9267
9271
9273
9275
9276
9277
9278
9279
9280
9281
9282
9283
9285
9289
9295
9296
9297
9298
9299
9303
9306
9312
9315
9325
9326
9338
9346
9350
9352
9359
9361
9366
9373
9383
9384
9385
9386
9390
9412
9414
9420
9422
9423
9428
9435
9438
9445
9446
9447
9452
9460
9461
9476
9487
9490
9499
9513
9515
9520
9525
9528
9530
9531
9532
9533
9536
9540
9550
9556
9557
9560
9561
9565
9569
9582
9589
9591
9593
9594
9598
9611
9616
9618
9623
9629
9636
9647
9651
9653
9666
9669
9670
9672
9681
9688
9689
9693
9694
9695
9699
9709
9715
9717
9719
9728
9732
9740
9747
9751
9758
9759
9765
9767
9768
9771
9776
9790
9798
9802
9810
9812
9813
9815
9824
9832
9833
9841
9847
9850
9851
9855
9860
9861
9871
9877
9881
9884
9908
9911
9912
9920
9939
9944
9947
9952
9953
9963
9964
9967
9969
9975
9978
9980
9982
9995
10001
10019
10023
10024
10032
10034
10037
10038
10044
10047
10063
10064
10084
10100
10114
10132
10139
10144
10151
10154
10155
10158
10159
10161
10169
10175
10179
10180
10181
10187
10189
10201
10209
10218
10227
10235
10237
10240
10244
10245
10257
10264
10268
10285
10298
10299
10302
10314
10334
10336
10339
10358
10359
10372
10388
10390
10399
10404
10419
10434
10443
10447
10459
10474
10480
10482
10485
10494
10509
10513
10521
10526
10528
10532
10533
10538
10552
10562
10578
10585
10595
10599
10607
10608
10609
10610
10627
10633
10647
10650
10664
10667
10669
10674
10682
10684
10702
10703
10709
10725
10728
10730
10743
10747
10751
10753
10771
10773
10774
10775
10776
10780
10785
10786
10789
10790
10791
10792
10794
10796
10799
10801
10804
10815
10833
10836
10841
10846
10847
10859
10863
10864
10870
10871
10881
10889
10908
10912
10914
10920
10941
10942
10944
10962
10964
10976
10977
10983
11004
11005
11008
11014
11021
11029
11032
11033
11036
11040
11043
11047
11051
11059
11060
11067
11073
11075
11082
11093
11094
11115
11120
11127
11132
11141
11145
11146
11147
11151
11154
11157
11159
11165
11181
11182
11194
11197
11212
11218
11227
11241
11244
11256
11257
11266
11270
11276
11287
11299
11305
11316
11317
11343
11344
11351
11352
11358
11375
11386
11387
11403
11410
11413
11414
11418
11422
11425
11439
11446
11448
11453
11454
11464
11468
11475
11487
11492
11496
11507
11510
11512
11516
11535
11542
11545
11548
11553
11554
11561
11566
11570
11571
11572
11573
11574
11577
11580
11581
11583
11587
11590
11597
11605
11609
11619
11632
11640
11665
11685
11713
11714
11716
11725
11728
11731
11734
11745
11746
11750
11783
11795
11822
11826
11833
11836
11847
11849
11860
11877
11886
11903
11910
11940
11941
11951
11963
11971
11973
11980
11987
11995
12007
12010
12047
12055
12060
12062
12070
12074
12090
12096
12104
12117
12122
12123
12124
12132
12134
12135
12138
12139
12140
12141
12142
12146
12149
12150
12157
12179
12180
12181
12182
12189
12202
12203
12212
12220
12239
12242
12247
12264
12265
12276
12277
12278
12282
12293
12295
12315
12322
12323
12325
12327
12336
12343
12349
12354
12358
12382
12386
12390
12404
12413
12419
12444
12473
12501
12512
12513
12515
12518
12526
12532
12537
12538
12539
12540
12548
12550
12554
12559
12561
12563
12587
12594
12606
12609
12621
12632
12658
12664
12667
12674
12676
12677
12680
12682
12694
12695
12699
12700
12701
12707
12708
12711
12716
12718
12720
12721
12723
12736
12738
12748
12770
12781
12782
12786
12795
12800
12803
12825
12832
12833
12857
12863
12876
12881
12892
12898
12914
12915
12925
12934
12954
12956
12994
13017
13019
13020
13028
13041
13068
13070
13088
13090
13097
13102
13106
13112
13134
13141
13143
13150
13190
13216
13221
13224
13227
13239
13248
13254
13262
13263
13267
13281
13282
13286
13289
13295
13303
13306
13314
13317
13318
13320
13335
13343
13351
13363
13389
13426
13429
13488
13492
13500
13506
13514
13517
13528
13529
13538
13566
13567
13574
13577
13580
13584
13586
13587
13600
13602
13605
13611
13637
13647
13652
13653
13654
13656
13663
13673
13674
13685
13688
13689
13690
13691
13714
13718
13735
13748
13750
13754
13770
13776
13812
13813
13837
13848
13854
13856
13858
13865
13868
13877
13880
13885
13893
13940
13945
13975
13985
13989
13997
14000
14001
14006
14030
14033
14038
14041
14117
14123
14133
14143
14150
14153
14162
14168
14169
14173
14174
14200
14223
14239
14244
14263
14272
14291
14297
14312
14322
14337
14344
14370
14375
14378
14383
14391
14419
14437
14447
14452
14462
14463
14482
14485
14526
14553
14557
14564
14566
14583
14594
14609
14611
14615
14646
14658
14659
14663
14664
14665
14670
14675
14676
14680
14690
14703
14708
14710
14720
14725
14727
14734
14736
14750
14752
14765
14766
14776
14793
14799
14810
14812
14815
14829
14841
14850
14857
14864
14869
14877
14878
14882
14888
14894
14901
14907
14909
14920
14941
14960
14974
14978
14983
14985
15001
15011
15014
15015
15035
15040
15051
15059
15065
15066
15072
15086
15107
15128
15135
15147
15164
15167
15172
15180
15223
15242
15243
15246
15249
15271
15272
15278
15290
15294
15310
15311
15323
15332
15340
15341
15348
15359
15362
15366
15383
15384
15388
15405
15419
15421
15422
15423
15434
15436
15461
15464
15479
15496
15507
15515
15525
15543
15557
15584
15587
15597
15600
15629
15631
15643
15650
15657
15661
15663
15668
15670
15680
15689
15714
15747
15763
15777
15782
15825
15826
15849
15850
15864
15877
15880
15881
15888
15889
15914
15925
15927
15939
15962
15980
15981
15983
16010
16041
16046
16056
16071
16075
16089
16112
16118
16143
16154
16160
16181
16195
16206
16217
16220
16241
16276
16279
16300
16301
16316
16318
16320
16324
16340
16356
16359
16362
16372
16391
16407
16433
16440
16454
16458
16464
16471
16494
16495
16500
16510
16520
16523
16524
16529
16534
16536
16551
16577
16583
16602
16607
16609
16611
16623
16635
16638
16646
16649
16666
16676
16685
16695
16698
16705
16706
16726
16740
16753
16765
16792
16800
16812
16818
16829
16835
16949
17097
17122
17133
17134
17144
17152
17196
17250
17252
17254
17259
17266
17267
17271
17272
17273
17275
17279
17284
17286
17288
17292
17293
17295
17297
17299
17300
17307
17309
17356
17357
17366
17419
17425
17429
17432
17439
17451
17454
17497
17514
17515
17558
17559
17566
17569
17575
17749
17769
17821
17822
17852
17857
17878
17887
17901
17905
17926
17929
17934
17949
17965
17988
18017
18052
18055
18059
18060
18061
18063
18068
18071
18077
18079
18085
18088
18093
18101
18102
18105
18106
18108
18109
18111
18112
18116
18118
18121
18122
18128
18129
18130
18131
18132
18133
18135
18136
18137
18138
18139
18141
18142
18144
18145
18151
18153
18156
18164
18168
18170
18171
18184
18185
18186
18188
18195
18200
18206
18207
18210
18212
18215
18217
18218
18219
18220
18223
18226
18229
18230
18239
18244
18261
18263
18266
18283
18287
18293
18298
18337
18338
18339
18342
18343
18351
18364
18366
18383
18404
18429
18454
18464
18485
18491
18493
18503
18507
18510
18516
18526
18543
18556
18602
18657
18666
18680
18681
18699
18710
18734
18751
18758
18767
18771
18801
18838
18839
18899
18927
18933
18984
18988
18990
19011
19016
19044
19058
19094
19102
19199
19225
19436
19445
19709
