7
9
10
11
13
15
16
17
24
26
29
34
36
39
44
49
54
57
62
64
68
71
79
86
87
89
97
103
107
108
112
113
115
116
123
127
130
136
137
142
144
146
150
152
156
163
165
170
181
182
184
189
191
195
200
203
204
206
207
208
217
226
227
228
230
234
239
247
262
273
278
283
287
297
308
311
322
344
345
347
349
351
352
360
366
371
375
386
387
388
389
402
406
409
419
424
425
427
431
432
436
438
442
447
451
464
468
471
474
477
478
480
481
482
500
505
513
522
539
549
552
553
555
558
562
563
566
567
569
579
582
585
587
594
595
596
599
616
619
628
631
632
639
647
658
660
673
679
682
688
697
710
718
720
722
724
725
727
734
736
737
739
742
752
780
789
790
798
801
805
806
807
817
822
850
851
853
857
870
871
875
880
882
883
888
891
897
902
911
918
921
922
924
929
932
937
938
943
944
949
955
957
958
961
963
964
971
985
995
998
1006
1011
1015
1018
1019
1025
1030
1035
1043
1056
1062
1063
1065
1069
1071
1074
1077
1082
1084
1086
1091
1097
1098
1103
1123
1124
1127
1137
1143
1145
1158
1159
1162
1169
1175
1181
1186
1209
1213
1265
1272
1276
1314
1323
1328
1347
1349
1351
1358
1361
1365
1379
1383
1386
1405
1415
1420
1429
1436
1440
1443
1444
1449
1453
1455
1463
1464
1465
1467
1473
1474
1478
1479
1483
1487
1492
1495
1497
1503
1521
1527
1536
1541
1558
1572
1576
1580
1581
1610
1622
1625
1629
1652
1654
1659
1661
1678
1683
1690
1703
1705
1713
1727
1736
1740
1742
1770
1773
1774
1778
1782
1783
1792
1798
1805
1838
1841
1843
1853
1869
1874
1880
1881
1902
1903
1904
1906
1913
1915
1918
1930
1940
1950
1962
1969
1977
1982
1986
2003
2004
2009
2012
2018
2046
2047
2050
2052
2062
2064
2073
2087
2089
2092
2098
2099
2100
2103
2104
2124
2128
2145
2151
2159
2161
2176
2180
2194
2196
2198
2199
2219
2223
2224
2238
2250
2254
2264
2271
2292
2301
2307
2322
2323
2337
2338
2354
2364
2366
2368
2376
2385
2386
2388
2393
2423
2426
2432
2435
2436
2444
2448
2455
2467
2473
2492
2499
2501
2505
2514
2517
2518
2521
2523
2529
2531
2536
2548
2549
2552
2564
2568
2570
2571
2582
2586
2593
2604
2622
2623
2625
2627
2638
2640
2643
2645
2646
2648
2651
2652
2657
2658
2659
2663
2664
2666
2669
2670
2671
2684
2696
2711
2714
2720
2724
2727
2747
2757
2759
2763
2772
2775
2777
2780
2781
2788
2792
2796
2809
2811
2816
2827
2839
2840
2848
2850
2852
2855
2867
2879
2897
2915
2919
2921
2931
2951
2952
2955
2961
2976
2980
2998
3010
3032
3050
3060
3069
3070
3071
3078
3083
3084
3089
3104
3115
3118
3124
3128
3130
3134
3150
3152
3156
3157
3160
3161
3166
3173
3176
3188
3200
3205
3213
3217
3223
3229
3232
3234
3237
3248
3250
3253
3258
3261
3265
3287
3296
3301
3308
3311
3315
3331
3340
3347
3350
3368
3375
3376
3385
3389
3405
3407
3416
3417
3429
3442
3452
3453
3455
3456
3470
3472
3475
3478
3479
3492
3496
3504
3507
3509
3513
3523
3526
3527
3529
3532
3538
3543
3550
3551
3554
3559
3561
3565
3566
3572
3575
3581
3582
3583
3594
3600
3601
3604
3613
3614
3622
3624
3626
3630
3632
3640
3646
3648
3651
3652
3658
3668
3673
3689
3703
3705
3706
3708
3714
3717
3726
3729
3734
3740
3746
3748
3749
3753
3755
3757
3758
3759
3764
3772
3783
3795
3801
3812
3816
3817
3818
3819
3826
3831
3851
3861
3864
3865
3868
3869
3886
3887
3897
3898
3901
3902
3909
3917
3922
3923
3924
3940
3941
3943
3960
3961
3963
3969
3975
3982
3984
3996
4002
4006
4008
4009
4013
4014
4023
4025
4030
4033
4046
4056
4066
4071
4086
4096
4101
4110
4111
4119
4129
4141
4143
4145
4153
4154
4157
4159
4179
4191
4197
4199
4205
4212
4216
4217
4218
4224
4228
4229
4237
4242
4250
4278
4284
4289
4290
4304
4308
4321
4331
4334
4347
4359
4368
4389
4400
4405
4412
4430
4441
4443
4446
4455
4456
4490
4492
4533
4545
4555
4556
4561
4566
4569
4591
4597
4633
4634
4643
4650
4660
4661
4679
4691
4692
4693
4701
4702
4710
4711
4715
4722
4734
4745
4749
4753
4754
4757
4765
4788
4798
4802
4812
4820
4845
4864
4873
4878
4880
4881
4882
4883
4884
4900
4907
4909
4910
4914
4918
4919
4920
4926
4931
4936
4955
4962
4969
4976
4993
4994
4996
4997
5014
5022
5032
5035
5045
5049
5065
5074
5082
5087
5093
5097
5110
5119
5121
5125
5127
5141
5152
5176
5179
5193
5196
5204
5228
5231
5233
5236
5255
5261
5267
5272
5295
5300
5306
5309
5316
5326
5327
5340
5367
5369
5387
5399
5416
5425
5431
5432
5435
5438
5464
5470
5481
5486
5488
5515
5521
5536
5544
5549
5558
5575
5582
5586
5598
5605
5614
5617
5660
5661
5698
5702
5720
5735
5742
5743
5747
5755
5767
5774
5778
5780
5793
5795
5797
5818
5829
5833
5848
5858
5860
5861
5884
5901
5911
5923
5949
5950
5955
5956
5959
5992
6002
6011
6039
6042
6050
6057
6061
6066
6076
6083
6092
6093
6108
6143
6144
6150
6151
6154
6161
6163
6164
6166
6183
6196
6199
6212
6218
6252
6255
6261
6262
6267
6272
6275
6279
6290
6317
6326
6349
6353
6363
6369
6371
6372
6379
6389
6391
6415
6416
6418
6430
6451
6452
6458
6461
6463
6468
6480
6487
6488
6492
6510
6535
6537
6539
6556
6561
6576
6584
6589
6599
6602
6625
6627
6636
6646
6663
6665
6668
6673
6694
6698
6703
6706
6708
6712
6718
6719
6729
6762
6774
6791
6800
6807
6812
6813
6829
6830
6844
6863
6876
6883
6900
6906
6915
6917
6924
6935
6943
6954
6957
6963
6970
6972
7014
7035
7049
7098
7108
7152
7176
7177
7178
7179
7203
7208
7209
7211
7212
7223
7234
7238
7239
7240
7253
7256
7261
7269
7279
7285
7314
7334
7341
7349
7358
7359
7366
7378
7382
7383
7386
7403
7413
7429
7451
7457
7458
7460
7461
7463
7480
7483
7487
7501
7517
7532
7542
7547
7551
7555
7557
7558
7560
7564
7565
7584
7588
7596
7605
7610
7614
7617
7630
7631
7641
7646
7658
7664
7666
7673
7683
7684
7687
7695
7700
7707
7725
7736
7750
7759
7775
7779
7781
7785
7822
7825
7832
7842
7856
7862
7865
7869
7873
7894
7898
7911
7918
7925
7926
7951
7960
7982
7987
7992
7993
8017
8022
8025
8049
8056
8063
8071
8072
8074
8081
8105
8118
8119
8131
8157
8161
8166
8181
8194
8195
8209
8227
8230
8270
8275
8278
8282
8314
8315
8337
8342
8345
8350
8354
8365
8370
8371
8396
8400
8405
8434
8436
8455
8461
8462
8472
8511
8518
8567
8576
8579
8580
8606
8646
8648
8657
8732
8733
8746
8773
8787
8804
8816
8824
8828
8835
8842
8856
8864
8866
8869
8874
8876
8895
8896
8899
8917
8920
8923
8929
8951
8971
8973
8981
9011
9013
9014
9037
9044
9049
9054
9057
9060
9062
9064
9066
9069
9073
9085
9095
9099
9109
9111
9131
9149
9155
9157
9172
9179
9204
9208
9211
9219
9229
9235
9242
9255
9261
9263
9275
9278
9281
9291
9293
9295
9315
9318
9322
9326
9352
9355
9358
9366
9374
9387
9391
9412
9417
9476
9477
9485
9489
9490
9493
9498
9514
9519
9520
9524
9530
9567
9586
9594
9595
9600
9603
9612
9638
9652
9682
9700
9747
9759
9764
9771
9788
9789
9791
9798
9801
9802
9810
9812
9813
9860
9876
9884
9944
9964
10029
10034
10064
10065
10088
10091
10102
10120
10180
10185
10205
10244
10268
10275
10285
10342
10348
10380
10413
10434
10439
10509
10538
10549
10560
10562
10610
10611
10617
10630
10648
10731
10743
10751
10763
10771
10774
10780
10785
10801
10806
10807
10808
10826
10844
10857
10872
10941
10943
10961
10978
10985
10999
11036
11044
11065
11082
11090
11101
11126
11145
11160
11164
11172
11183
11234
11287
11299
11343
11352
11406
11417
11439
11448
11476
11483
11496
11535
11538
11541
11581
11587
11593
11608
11614
11642
11661
11679
11685
11695
11714
11781
11821
11824
11875
11886
11939
11941
12014
12055
12079
12100
12124
12136
12137
12139
12140
12180
12194
12218
12247
12263
12288
12289
12315
12316
12323
12325
12351
12355
12366
12385
12405
12475
12517
12561
12579
12587
12593
12625
12676
12700
12705
12720
12721
12741
12782
12798
12799
12870
12879
12881
12898
12904
12906
12926
12954
13016
13062
13117
13138
13227
13246
13252
13286
13306
13419
13426
13440
13484
13504
13507
13512
13525
13529
13564
13581
13587
13617
13668
13673
13685
13686
13687
13688
13757
13833
13836
13846
13848
13857
13878
13927
13942
13997
14030
14034
14038
14052
14104
14133
14136
14156
14161
14264
14266
14275
14319
14337
14367
14386
14447
14452
14548
14561
14585
14594
14611
14619
14679
14732
14736
14745
14867
14878
14905
14933
14937
15009
15016
15030
15045
15051
15066
15072
15095
15136
15148
15155
15180
15202
15226
15243
15249
15289
15298
15351
15379
15388
15407
15409
15417
15484
15514
15549
15634
15648
15653
15666
15717
15887
15928
15981
16019
16089
16125
16143
16153
16154
16195
16350
16358
16377
16386
16403
16421
16437
16466
16494
16520
16524
16568
16591
16615
16647
16739
16758
16772
16791
16804
17155
17159
17248
17251
17252
17261
17264
17271
17272
17280
17290
17298
17312
17317
17406
17430
17493
17504
17505
17541
17570
17575
17652
17822
17858
17877
17887
17890
17959
17972
18017
18052
18064
18107
18117
18122
18126
18137
18140
18144
18152
18156
18169
18185
18196
18212
18219
18222
18223
18226
18229
18241
18279
18290
18319
18328
18334
18336
18350
18351
18493
18499
18608
18611
18632
18633
18714
18766
18779
18983
19222
19262
19594
