3
7
8
9
15
17
23
24
26
29
35
38
39
42
54
58
60
62
68
69
70
71
74
75
83
93
95
101
107
108
113
115
116
123
125
137
141
142
143
146
152
155
162
167
168
170
181
182
183
193
200
203
204
205
210
211
214
215
217
221
226
228
236
237
239
248
250
258
260
265
277
278
279
280
287
295
297
300
301
303
307
312
320
321
322
325
330
333
338
339
344
347
349
359
366
372
383
388
389
394
408
410
420
422
426
427
428
431
432
438
440
445
451
454
464
465
471
474
481
482
493
501
503
505
513
519
522
523
526
527
529
533
536
537
538
542
543
546
551
552
554
555
557
566
569
573
582
585
590
596
603
608
610
617
620
621
625
631
636
645
646
649
650
651
663
664
673
678
679
680
681
683
684
690
691
692
697
701
703
711
712
725
727
736
737
739
743
750
756
758
759
770
773
777
781
782
790
792
794
795
796
800
801
805
810
815
819
824
827
843
845
850
851
854
855
857
859
864
873
883
886
888
889
895
898
917
918
924
926
928
929
932
934
950
953
954
963
973
987
992
993
1000
1009
1011
1013
1014
1016
1018
1023
1025
1027
1029
1033
1040
1045
1056
1057
1066
1071
1072
1073
1075
1077
1083
1084
1085
1086
1097
1098
1107
1126
1133
1135
1143
1149
1158
1159
1179
1181
1186
1200
1209
1213
1227
1244
1248
1253
1256
1279
1286
1321
1324
1326
1328
1331
1333
1335
1343
1347
1350
1355
1365
1387
1400
1404
1413
1419
1425
1429
1435
1436
1442
1447
1463
1465
1472
1475
1479
1522
1541
1543
1552
1563
1580
1581
1595
1596
1600
1618
1623
1629
1643
1659
1670
1679
1682
1683
1697
1698
1712
1713
1720
1744
1746
1749
1761
1767
1769
1770
1773
1774
1792
1808
1809
1810
1811
1835
1837
1840
1848
1852
1857
1860
1884
1885
1894
1897
1902
1911
1918
1920
1935
1938
1947
1948
1950
1959
1960
1969
1977
1985
1989
1990
1996
2008
2027
2031
2037
2051
2052
2064
2068
2070
2071
2073
2076
2086
2092
2098
2103
2105
2109
2115
2124
2130
2136
2150
2177
2188
2194
2195
2197
2204
2205
2219
2225
2232
2238
2239
2241
2248
2251
2255
2256
2268
2276
2277
2283
2294
2300
2310
2311
2327
2338
2341
2352
2355
2359
2363
2366
2367
2369
2376
2379
2394
2403
2407
2415
2416
2418
2424
2429
2430
2432
2444
2446
2450
2453
2491
2498
2509
2510
2513
2514
2528
2537
2539
2549
2551
2566
2567
2569
2581
2587
2592
2593
2595
2597
2600
2603
2604
2608
2610
2612
2615
2624
2625
2633
2643
2644
2646
2659
2667
2669
2681
2682
2686
2687
2688
2694
2696
2717
2727
2732
2733
2734
2735
2738
2740
2747
2753
2754
2762
2771
2781
2789
2792
2794
2807
2809
2813
2824
2825
2832
2839
2842
2846
2852
2860
2869
2871
2873
2876
2878
2879
2889
2893
2895
2903
2907
2912
2914
2916
2919
2921
2929
2931
2944
2945
2954
2959
2967
2977
2987
2988
2999
3008
3029
3031
3051
3053
3055
3058
3060
3070
3077
3083
3084
3088
3097
3104
3113
3118
3127
3133
3139
3145
3147
3150
3158
3169
3172
3184
3185
3187
3200
3205
3213
3217
3218
3225
3233
3235
3242
3248
3250
3253
3256
3257
3259
3263
3264
3266
3277
3278
3285
3287
3291
3296
3298
3308
3315
3317
3322
3323
3330
3334
3340
3346
3357
3361
3368
3369
3371
3383
3384
3398
3399
3400
3404
3412
3416
3418
3429
3431
3442
3453
3454
3455
3465
3466
3467
3470
3472
3474
3475
3476
3477
3479
3481
3482
3483
3489
3495
3504
3510
3521
3534
3535
3545
3550
3552
3553
3556
3559
3560
3566
3570
3573
3576
3578
3580
3582
3584
3590
3592
3594
3597
3601
3602
3604
3609
3612
3617
3618
3621
3624
3637
3648
3649
3654
3664
3666
3667
3695
3699
3701
3702
3703
3706
3713
3716
3719
3721
3722
3723
3725
3727
3729
3731
3733
3734
3737
3740
3741
3743
3746
3748
3750
3760
3766
3767
3773
3786
3789
3799
3801
3802
3821
3831
3833
3845
3847
3849
3854
3858
3861
3864
3865
3867
3868
3871
3873
3874
3880
3881
3898
3899
3902
3907
3919
3921
3922
3923
3927
3938
3953
3958
3959
3961
3980
3982
3983
3997
4000
4005
4010
4011
4012
4013
4017
4019
4020
4032
4038
4043
4051
4055
4059
4077
4082
4085
4090
4096
4101
4111
4118
4119
4134
4136
4143
4147
4154
4155
4156
4159
4160
4186
4188
4191
4193
4200
4215
4220
4226
4228
4229
4234
4245
4250
4253
4256
4257
4270
4274
4302
4309
4331
4337
4340
4347
4353
4354
4358
4359
4375
4388
4389
4390
4397
4398
4405
4408
4425
4430
4442
4467
4484
4486
4490
4491
4495
4531
4556
4559
4562
4567
4612
4632
4634
4637
4641
4646
4649
4660
4668
4688
4691
4701
4703
4704
4708
4716
4727
4734
4756
4759
4763
4766
4769
4774
4776
4787
4804
4816
4831
4837
4840
4853
4869
4873
4876
4877
4881
4882
4883
4894
4898
4908
4909
4915
4927
4928
4955
4959
4961
4962
4968
4972
4988
4993
5008
5025
5030
5036
5045
5056
5060
5082
5084
5090
5093
5097
5102
5114
5124
5125
5172
5179
5181
5193
5205
5210
5238
5247
5263
5265
5268
5273
5286
5292
5293
5297
5310
5322
5326
5332
5335
5338
5352
5356
5360
5361
5366
5369
5373
5374
5375
5413
5418
5422
5428
5438
5457
5458
5466
5471
5473
5476
5478
5479
5483
5491
5510
5516
5519
5521
5528
5531
5533
5551
5557
5560
5571
5574
5586
5590
5591
5597
5600
5603
5621
5624
5625
5639
5651
5660
5674
5679
5683
5702
5705
5706
5719
5720
5721
5736
5739
5743
5747
5765
5767
5776
5778
5792
5795
5796
5814
5817
5840
5845
5848
5867
5871
5875
5876
5883
5891
5901
5936
5947
5950
5956
5960
5975
5985
5987
5992
5996
5999
6026
6028
6033
6036
6039
6043
6056
6057
6081
6092
6093
6096
6097
6106
6110
6137
6138
6140
6142
6150
6161
6162
6193
6199
6204
6205
6219
6220
6235
6242
6255
6261
6274
6276
6290
6291
6303
6310
6322
6329
6347
6350
6353
6360
6364
6365
6366
6372
6374
6375
6389
6391
6405
6415
6420
6422
6446
6453
6458
6461
6467
6479
6486
6520
6523
6539
6542
6548
6549
6577
6578
6579
6592
6599
6609
6615
6626
6628
6629
6666
6668
6669
6672
6676
6679
6687
6694
6695
6723
6765
6791
6792
6796
6801
6812
6813
6814
6818
6822
6836
6845
6894
6903
6907
6916
6922
6924
6929
6957
6963
6967
6970
6972
6977
6982
6995
7005
7009
7011
7025
7036
7037
7040
7056
7060
7061
7068
7089
7129
7130
7134
7135
7136
7148
7176
7178
7179
7183
7184
7205
7208
7209
7216
7220
7228
7240
7242
7243
7244
7259
7261
7280
7282
7285
7314
7320
7328
7352
7358
7362
7387
7388
7404
7450
7452
7458
7461
7465
7475
7476
7480
7499
7503
7505
7507
7512
7526
7529
7531
7532
7538
7545
7553
7557
7570
7588
7598
7626
7633
7637
7646
7657
7664
7687
7691
7692
7694
7699
7722
7747
7748
7756
7758
7766
7768
7770
7780
7785
7786
7787
7800
7804
7807
7816
7824
7827
7832
7834
7837
7853
7856
7867
7882
7906
7925
7928
7933
7934
7940
7946
7950
7959
7980
7993
7997
8017
8025
8035
8044
8049
8059
8061
8064
8068
8077
8079
8080
8081
8093
8102
8104
8105
8130
8131
8141
8144
8145
8146
8147
8160
8161
8170
8174
8180
8194
8195
8198
8209
8214
8215
8234
8237
8246
8249
8252
8256
8276
8287
8306
8313
8320
8322
8327
8342
8346
8359
8374
8376
8379
8405
8413
8416
8418
8437
8456
8457
8458
8462
8469
8504
8505
8509
8571
8579
8597
8599
8600
8601
8603
8612
8614
8618
8650
8655
8660
8676
8699
8702
8733
8737
8740
8745
8746
8770
8792
8799
8813
8822
8834
8835
8847
8860
8865
8875
8877
8899
8901
8915
8917
8928
8942
8954
8970
8973
8977
8984
9048
9052
9079
9090
9093
9095
9096
9111
9137
9139
9143
9150
9155
9170
9175
9177
9178
9182
9185
9195
9206
9212
9214
9227
9242
9263
9268
9270
9273
9276
9278
9281
9283
9284
9287
9288
9291
9297
9298
9300
9303
9304
9325
9326
9335
9346
9352
9366
9377
9383
9385
9393
9420
9435
9443
9450
9453
9460
9461
9476
9477
9490
9494
9499
9504
9517
9532
9541
9549
9563
9569
9572
9586
9590
9598
9603
9606
9621
9629
9641
9661
9665
9669
9685
9715
9766
9770
9807
9810
9812
9823
9833
9835
9840
9845
9847
9850
9861
9870
9878
9884
9888
9911
9913
9986
9988
10001
10003
10009
10029
10034
10056
10065
10094
10102
10110
10131
10154
10163
10166
10178
10188
10189
10209
10224
10230
10237
10275
10287
10334
10342
10357
10390
10392
10400
10404
10413
10428
10462
10474
10480
10494
10499
10521
10553
10562
10582
10590
10595
10600
10674
10728
10743
10757
10772
10775
10786
10792
10804
10815
10846
10872
10889
10897
10908
10920
10937
10941
10942
10959
10969
10973
11005
11008
11041
11082
11090
11094
11107
11115
11127
11145
11151
11157
11160
11163
11165
11166
11194
11236
11299
11317
11326
11348
11358
11365
11392
11395
11402
11405
11407
11435
11439
11464
11482
11512
11526
11566
11571
11572
11574
11585
11605
11607
11619
11640
11661
11679
11713
11738
11751
11826
11829
11870
11890
11914
11915
11978
12036
12047
12055
12083
12100
12104
12130
12134
12142
12148
12150
12152
12179
12183
12191
12205
12212
12235
12237
12247
12252
12277
12321
12337
12354
12358
12406
12419
12467
12568
12579
12676
12686
12718
12786
12798
12833
12876
12905
12919
12922
12933
12950
12990
13017
13042
13068
13137
13181
13190
13203
13205
13227
13237
13239
13260
13290
13302
13360
13389
13400
13413
13455
13485
13518
13539
13562
13574
13578
13584
13587
13599
13616
13647
13663
13684
13685
13689
13706
13718
13735
13746
13748
13770
13781
13796
13813
13833
13835
13877
13913
13915
13927
13980
14006
14019
14034
14042
14123
14131
14174
14192
14200
14219
14261
14275
14281
14304
14337
14374
14404
14472
14535
14564
14590
14614
14648
14653
14670
14672
14733
14745
14752
14754
14776
14793
14798
14799
14826
14834
14878
14893
14936
14963
14988
14991
15000
15033
15051
15073
15086
15087
15097
15115
15135
15163
15167
15180
15211
15226
15234
15252
15272
15273
15317
15319
15321
15340
15417
15500
15510
15537
15540
15557
15663
15668
15691
15693
15726
15737
15765
15782
15810
15929
15932
15983
15994
16012
16035
16102
16112
16118
16148
16154
16162
16180
16194
16195
16346
16362
16405
16421
16488
16494
16515
16524
16572
16575
16585
16607
16609
16636
16638
16763
16768
16792
16831
16992
17004
17096
17186
17261
17285
17289
17290
17292
17295
17305
17313
17356
17487
17490
17505
17515
17820
17822
17826
17853
17881
17887
17968
17988
18017
18068
18104
18106
18108
18112
18117
18131
18136
18138
18143
18150
18164
18174
18211
18215
18224
18239
18261
18263
18268
18288
18346
18350
18388
18443
18459
18488
18519
18520
18540
18575
18582
18626
18722
18741
18768
18798
18828
18842
18854
18914
18994
19009
19116
19165
19267
19434
19463
19551
19718
19816
19854
