7
16
17
37
59
60
69
71
79
93
94
106
110
119
123
130
138
155
181
197
203
207
210
211
228
229
232
237
240
248
262
295
297
312
317
322
344
346
369
370
377
379
381
402
427
431
459
482
491
495
513
546
549
555
563
572
579
611
628
634
635
638
652
673
678
707
708
734
736
737
753
755
758
762
782
790
791
792
796
806
807
827
850
857
864
872
878
884
900
947
973
980
992
1024
1069
1075
1077
1084
1109
1123
1141
1162
1163
1167
1189
1190
1217
1268
1286
1312
1347
1360
1399
1406
1418
1437
1472
1474
1485
1494
1497
1503
1562
1576
1581
1633
1644
1654
1683
1713
1731
1757
1759
1772
1792
1795
1811
1812
1932
1945
1972
1977
1996
2027
2038
2055
2075
2083
2109
2148
2156
2157
2165
2176
2238
2259
2262
2276
2291
2300
2354
2403
2435
2444
2450
2453
2463
2473
2477
2493
2501
2518
2520
2521
2528
2539
2551
2567
2581
2582
2587
2593
2595
2640
2644
2645
2646
2656
2662
2669
2671
2680
2681
2682
2702
2708
2714
2717
2748
2763
2766
2780
2792
2795
2813
2822
2828
2832
2840
2848
2852
2853
2864
2865
2904
2928
2930
2973
2989
3015
3044
3084
3097
3104
3119
3127
3136
3169
3184
3194
3232
3250
3270
3295
3298
3315
3341
3346
3347
3388
3412
3450
3461
3467
3473
3475
3476
3482
3503
3509
3510
3525
3529
3565
3570
3573
3574
3578
3583
3590
3591
3604
3624
3633
3655
3665
3686
3693
3697
3698
3704
3713
3729
3730
3733
3734
3744
3757
3760
3766
3767
3818
3836
3886
3898
3912
3920
3922
3923
3959
3963
4012
4013
4023
4030
4036
4059
4087
4113
4119
4120
4121
4131
4184
4217
4228
4250
4252
4322
4340
4371
4388
4389
4470
4491
4511
4537
4546
4566
4600
4612
4630
4635
4660
4662
4709
4756
4816
4817
4841
4850
4886
4912
4914
4917
4942
4976
5011
5013
5074
5099
5114
5148
5177
5191
5198
5227
5275
5287
5291
5306
5334
5359
5369
5382
5419
5458
5473
5476
5497
5515
5521
5546
5557
5730
5755
5760
5833
5866
5875
5918
5933
5987
5995
6044
6052
6057
6064
6103
6121
6144
6150
6202
6284
6291
6340
6356
6373
6399
6600
6621
6674
6679
6747
6834
6844
6918
6993
7005
7093
7112
7127
7131
7135
7175
7303
7338
7395
7450
7451
7469
7488
7496
7513
7519
7532
7542
7588
7605
7624
7641
7678
7699
7746
7759
7761
7762
7770
7774
7787
7804
7810
7819
7824
7826
7828
7835
7852
7886
7918
7980
7999
8074
8087
8120
8122
8137
8161
8194
8196
8229
8271
8276
8281
8291
8327
8354
8368
8376
8410
8463
8481
8578
8605
8648
8802
8808
8835
8917
8922
8943
8986
9002
9006
9066
9083
9085
9086
9094
9109
9176
9239
9244
9248
9250
9275
9304
9310
9359
9366
9384
9438
9474
9476
9484
9491
9535
9545
9563
9575
9582
9589
9617
9642
9681
9717
9764
9800
9878
9949
9960
10063
10154
10163
10181
10248
10254
10256
10359
10375
10548
10580
10595
10614
10670
10751
10771
10782
10799
10849
10853
10881
10949
10998
11021
11082
11116
11131
11170
11316
11356
11371
11406
11464
11574
11612
11619
11643
11661
11723
11751
11781
11798
11928
12003
12060
12145
12149
12253
12271
12332
12442
12500
12682
12705
12738
12745
12907
12954
12967
13119
13279
13282
13360
13396
13496
13627
13690
13757
13980
14038
14094
14111
14207
14370
14400
14548
14654
14714
14877
14890
15135
15179
15229
15414
15460
15467
15485
15552
15581
15650
15689
15740
15755
15842
15848
15865
15911
16050
16100
16101
16158
16361
16595
16609
16784
17153
17192
17255
17265
17566
17588
17887
17897
18102
18109
18110
18113
18116
18120
18121
18131
18137
18141
18186
18229
18328
18413
18514
18619
18728
18864
18988
