0
3
15
16
21
24
29
39
41
54
60
63
67
71
75
76
77
89
90
93
101
107
108
115
120
123
131
137
152
156
166
178
181
200
206
211
217
221
222
224
233
237
248
264
266
272
276
282
283
293
295
296
298
303
310
317
322
341
345
351
358
360
361
366
386
387
408
425
427
431
450
454
463
470
473
476
481
488
502
513
514
527
533
534
546
552
553
555
564
565
566
567
610
615
619
631
652
659
673
681
685
690
693
727
736
739
745
748
758
760
770
779
782
792
804
807
815
817
820
826
827
828
837
848
859
867
875
882
888
892
894
902
904
912
913
917
918
920
932
940
941
980
984
999
1004
1025
1030
1043
1070
1074
1076
1077
1083
1093
1097
1117
1124
1129
1130
1133
1143
1162
1179
1190
1198
1199
1209
1220
1231
1242
1253
1272
1277
1278
1312
1316
1323
1331
1335
1339
1348
1354
1381
1385
1392
1407
1415
1422
1449
1451
1463
1469
1472
1478
1479
1481
1485
1512
1514
1527
1529
1536
1541
1560
1580
1585
1606
1622
1628
1629
1639
1644
1659
1671
1678
1679
1680
1690
1693
1716
1729
1731
1733
1739
1761
1769
1789
1792
1794
1810
1853
1857
1874
1876
1880
1902
1969
1972
2009
2037
2046
2064
2076
2085
2092
2160
2167
2189
2196
2197
2199
2227
2238
2253
2268
2271
2277
2279
2328
2333
2341
2358
2364
2365
2369
2402
2408
2422
2450
2452
2468
2473
2486
2489
2491
2508
2521
2538
2539
2543
2571
2595
2610
2612
2615
2619
2622
2641
2644
2646
2647
2649
2659
2661
2662
2669
2671
2678
2680
2681
2682
2702
2703
2714
2724
2725
2733
2746
2758
2763
2766
2770
2772
2775
2781
2807
2809
2815
2827
2832
2840
2843
2852
2854
2861
2865
2869
2874
2890
2902
2903
2907
2909
2921
2927
2933
2935
2941
2947
2976
2981
2983
2988
2997
3004
3022
3029
3050
3073
3079
3081
3092
3099
3113
3116
3123
3136
3138
3144
3156
3158
3163
3165
3169
3171
3174
3185
3186
3187
3209
3222
3223
3237
3250
3256
3258
3296
3301
3302
3309
3314
3316
3317
3322
3334
3337
3341
3367
3387
3390
3413
3424
3439
3443
3454
3457
3463
3466
3467
3472
3504
3510
3512
3525
3526
3532
3533
3543
3544
3547
3553
3580
3581
3583
3591
3598
3604
3605
3609
3612
3620
3623
3624
3627
3632
3648
3655
3667
3703
3704
3706
3717
3722
3727
3729
3753
3764
3766
3767
3770
3777
3785
3809
3815
3820
3827
3834
3844
3845
3848
3864
3869
3870
3895
3899
3900
3921
3922
3930
3932
3935
3943
3946
3961
3967
3982
3999
4008
4013
4016
4027
4036
4039
4050
4053
4066
4070
4082
4088
4103
4118
4134
4142
4149
4155
4179
4180
4201
4215
4228
4238
4244
4245
4255
4271
4273
4285
4294
4303
4308
4309
4310
4323
4330
4337
4340
4353
4358
4359
4360
4364
4389
4415
4420
4471
4475
4487
4491
4523
4555
4566
4567
4574
4577
4603
4613
4616
4619
4632
4636
4652
4685
4690
4694
4724
4759
4765
4766
4774
4803
4816
4828
4850
4860
4863
4869
4917
4918
4919
4920
4926
4927
4935
4940
4961
4962
4967
4970
4998
5001
5008
5010
5082
5101
5102
5119
5125
5176
5186
5204
5228
5235
5247
5254
5326
5340
5367
5369
5382
5413
5416
5425
5432
5452
5454
5458
5464
5465
5466
5478
5479
5486
5487
5491
5502
5531
5559
5564
5566
5570
5591
5598
5630
5651
5652
5660
5668
5678
5702
5706
5708
5718
5734
5747
5762
5766
5783
5790
5817
5827
5833
5858
5861
5869
5884
5888
5897
5920
5922
5947
5950
5959
5961
5977
5980
5983
5987
6006
6038
6042
6077
6093
6107
6111
6113
6122
6138
6139
6142
6157
6162
6193
6204
6205
6213
6241
6272
6283
6291
6300
6304
6317
6326
6350
6361
6365
6368
6389
6413
6431
6433
6461
6536
6576
6578
6579
6587
6589
6592
6593
6594
6596
6609
6612
6625
6626
6650
6653
6660
6662
6669
6675
6710
6720
6735
6781
6790
6796
6800
6801
6803
6806
6810
6879
6884
6906
6920
6922
6935
6938
6943
7009
7019
7044
7046
7048
7089
7091
7109
7112
7117
7125
7132
7133
7134
7148
7176
7177
7184
7211
7223
7232
7242
7245
7256
7267
7302
7343
7346
7358
7362
7370
7379
7397
7404
7410
7446
7461
7462
7472
7475
7480
7487
7488
7489
7499
7533
7552
7557
7572
7574
7575
7578
7605
7617
7638
7713
7741
7772
7780
7804
7811
7821
7834
7856
7864
7869
7877
7878
7888
7903
7915
7919
7929
7946
7948
7956
7957
7962
7970
7980
7984
8024
8049
8069
8078
8087
8088
8091
8102
8111
8117
8119
8130
8161
8169
8181
8223
8227
8246
8278
8282
8314
8320
8345
8348
8358
8359
8360
8366
8389
8417
8436
8441
8472
8501
8520
8587
8605
8613
8619
8629
8648
8667
8684
8698
8699
8732
8733
8737
8745
8746
8756
8772
8780
8785
8820
8822
8828
8839
8864
8870
8912
8922
8985
9008
9016
9038
9045
9059
9081
9086
9095
9108
9109
9149
9150
9155
9157
9169
9172
9185
9199
9207
9211
9215
9262
9268
9273
9275
9289
9297
9310
9315
9325
9352
9383
9391
9420
9423
9432
9485
9507
9535
9571
9628
9662
9669
9716
9740
9752
9764
9802
9835
9838
9847
9876
9886
9920
10023
10029
10052
10058
10064
10078
10088
10121
10129
10154
10157
10163
10169
10184
10189
10190
10218
10237
10244
10245
10295
10317
10389
10434
10467
10495
10543
10562
10571
10596
10627
10675
10689
10700
10704
10736
10740
10751
10788
10800
10920
10950
10951
10971
11067
11082
11090
11093
11112
11153
11181
11238
11300
11316
11358
11360
11371
11387
11400
11401
11405
11413
11527
11533
11554
11578
11606
11609
11640
11697
11762
11784
11850
11851
11903
11923
11976
12028
12035
12041
12043
12100
12122
12128
12142
12180
12252
12259
12317
12320
12374
12483
12659
12879
12914
12927
12994
13037
13097
13107
13112
13137
13147
13171
13203
13219
13227
13267
13282
13328
13331
13385
13393
13468
13496
13690
13691
13724
13811
13812
13848
13854
13857
13870
13875
13893
13903
13927
13968
13975
13980
13993
13997
14046
14117
14128
14133
14251
14281
14294
14381
14383
14447
14564
14662
14664
14720
14776
14812
14819
14848
14953
15001
15011
15043
15066
15106
15110
15121
15179
15180
15214
15245
15258
15284
15286
15321
15373
15533
15557
15581
15668
15750
15852
15865
15911
16077
16241
16269
16354
16375
16377
16407
16437
16458
16467
16524
16560
16568
16638
16709
16827
17116
17134
17155
17251
17269
17270
17276
17297
17303
17310
17384
17443
17452
17493
17515
17645
17654
17801
17820
17824
17841
17988
18056
18063
18067
18082
18083
18095
18098
18111
18112
18127
18130
18142
18145
18146
18184
18208
18269
18368
18378
18487
18490
18543
18575
18699
18927
18991
19133
19233
19506
19788
