7
8
10
11
15
17
18
19
22
24
26
37
39
41
42
47
48
50
53
54
58
60
62
67
68
69
70
73
75
77
81
88
89
90
91
92
93
94
97
98
99
100
101
103
106
107
108
110
115
119
123
125
126
128
130
139
140
141
142
145
146
147
149
150
152
153
157
163
167
173
178
180
181
183
186
188
191
197
204
205
206
207
212
215
216
217
219
227
228
229
230
236
237
239
240
241
242
247
254
259
262
263
264
270
275
278
287
288
295
296
297
300
303
308
312
313
317
321
322
325
329
335
340
344
345
347
349
350
353
356
363
366
367
377
383
387
389
394
399
418
419
423
426
427
428
431
432
435
438
439
441
442
445
448
449
450
451
452
454
458
464
471
473
474
475
477
510
513
514
517
519
521
522
525
526
537
540
548
553
554
555
565
567
569
572
591
594
595
596
602
604
611
612
623
625
636
637
640
645
649
650
652
653
658
664
665
670
673
682
685
694
695
696
700
702
703
707
708
709
715
720
721
723
724
725
727
734
735
736
737
739
744
750
753
754
755
758
759
763
768
773
774
777
778
780
781
785
787
789
791
796
798
800
801
804
805
806
811
815
817
824
825
827
830
831
832
837
839
842
845
847
848
850
856
857
859
860
863
864
868
871
872
876
880
882
883
884
885
888
900
909
911
918
920
921
922
930
933
934
942
944
950
955
956
967
973
974
976
980
982
986
991
994
999
1011
1013
1019
1025
1028
1029
1030
1034
1038
1040
1042
1043
1055
1062
1074
1077
1082
1085
1086
1097
1103
1104
1105
1106
1107
1109
1122
1123
1133
1136
1143
1147
1156
1158
1161
1162
1171
1179
1181
1186
1188
1189
1191
1200
1204
1209
1213
1219
1220
1227
1232
1238
1241
1245
1246
1250
1258
1265
1269
1274
1277
1285
1286
1292
1312
1316
1320
1323
1328
1329
1331
1345
1349
1350
1354
1355
1356
1362
1365
1370
1375
1384
1389
1393
1403
1409
1410
1416
1422
1429
1435
1443
1447
1450
1451
1457
1463
1465
1466
1468
1469
1474
1479
1480
1485
1495
1496
1497
1504
1514
1516
1524
1536
1541
1544
1545
1549
1554
1561
1567
1568
1570
1572
1576
1579
1581
1592
1596
1610
1622
1629
1633
1641
1644
1647
1657
1660
1664
1668
1670
1673
1679
1688
1693
1697
1705
1712
1729
1731
1733
1739
1744
1755
1760
1764
1772
1773
1774
1789
1792
1795
1798
1802
1808
1810
1820
1821
1828
1853
1857
1859
1860
1868
1870
1871
1881
1894
1907
1909
1919
1925
1931
1939
1942
1943
1944
1947
1950
1956
1959
1967
1972
1977
1982
1986
1989
1991
2004
2009
2015
2016
2019
2021
2024
2027
2028
2029
2033
2036
2037
2041
2043
2044
2048
2049
2052
2060
2064
2070
2076
2088
2096
2098
2099
2104
2110
2113
2124
2130
2132
2133
2145
2146
2150
2159
2165
2167
2168
2170
2176
2177
2178
2193
2205
2209
2218
2224
2235
2238
2246
2251
2252
2254
2268
2284
2290
2292
2293
2294
2300
2303
2307
2311
2320
2321
2322
2337
2338
2354
2359
2363
2364
2366
2368
2376
2381
2386
2393
2398
2418
2424
2425
2432
2435
2436
2446
2452
2455
2463
2464
2469
2473
2494
2499
2505
2508
2516
2517
2518
2519
2521
2523
2526
2530
2536
2539
2543
2544
2548
2549
2552
2553
2556
2558
2559
2566
2567
2568
2571
2581
2582
2583
2584
2587
2598
2602
2603
2610
2615
2619
2622
2623
2625
2634
2636
2640
2641
2643
2644
2645
2646
2647
2648
2649
2650
2656
2657
2662
2663
2665
2667
2669
2670
2671
2676
2678
2679
2691
2697
2702
2703
2708
2710
2724
2728
2734
2742
2746
2747
2749
2754
2759
2761
2762
2763
2765
2771
2775
2777
2779
2781
2783
2784
2788
2792
2799
2802
2807
2816
2820
2826
2827
2830
2832
2833
2837
2840
2843
2844
2848
2850
2851
2861
2865
2876
2879
2884
2885
2893
2901
2903
2907
2918
2924
2931
2933
2939
2941
2949
2950
2953
2954
2961
2965
2970
2971
2976
2978
2983
2988
2997
3004
3007
3009
3010
3018
3020
3028
3029
3032
3033
3050
3065
3068
3077
3078
3083
3088
3089
3092
3096
3097
3098
3116
3117
3123
3126
3130
3133
3139
3144
3151
3153
3156
3157
3161
3162
3163
3165
3168
3169
3170
3171
3174
3185
3187
3198
3200
3203
3205
3209
3213
3215
3216
3226
3228
3232
3233
3238
3242
3244
3248
3250
3254
3264
3275
3279
3287
3297
3301
3306
3308
3309
3313
3314
3315
3317
3322
3323
3330
3331
3332
3336
3337
3338
3340
3341
3343
3350
3354
3357
3359
3372
3376
3380
3383
3384
3385
3388
3398
3403
3407
3418
3426
3431
3437
3441
3450
3461
3462
3463
3466
3469
3474
3476
3477
3479
3483
3487
3488
3490
3492
3503
3504
3511
3515
3516
3517
3519
3522
3523
3524
3527
3529
3531
3532
3534
3536
3539
3545
3547
3549
3551
3553
3554
3556
3557
3562
3565
3567
3568
3573
3576
3578
3579
3580
3581
3582
3583
3591
3595
3597
3598
3602
3604
3607
3608
3609
3610
3612
3614
3620
3623
3624
3625
3628
3632
3641
3648
3651
3658
3665
3683
3689
3691
3692
3699
3701
3703
3704
3707
3708
3709
3713
3714
3718
3719
3727
3730
3732
3733
3734
3744
3746
3748
3752
3753
3756
3757
3759
3760
3763
3764
3766
3767
3772
3776
3777
3783
3785
3789
3791
3792
3800
3801
3802
3803
3804
3808
3813
3820
3822
3827
3829
3834
3844
3845
3855
3859
3860
3866
3868
3874
3879
3886
3889
3891
3897
3898
3900
3901
3911
3921
3923
3924
3927
3944
3946
3949
3954
3961
3962
3963
3968
3969
3970
3981
3983
3997
4000
4001
4006
4008
4013
4021
4022
4023
4032
4033
4036
4038
4044
4056
4071
4077
4079
4087
4088
4098
4101
4103
4108
4111
4112
4118
4119
4120
4124
4128
4129
4131
4145
4146
4147
4153
4155
4158
4159
4160
4165
4175
4179
4184
4186
4201
4211
4215
4217
4219
4229
4230
4238
4243
4245
4250
4252
4253
4262
4264
4274
4278
4292
4293
4303
4308
4311
4312
4316
4319
4322
4323
4330
4331
4334
4340
4347
4349
4359
4370
4373
4375
4389
4390
4397
4407
4415
4418
4419
4421
4425
4427
4430
4438
4441
4445
4454
4456
4470
4481
4484
4491
4502
4506
4508
4513
4527
4542
4544
4546
4549
4553
4555
4556
4559
4562
4569
4578
4582
4584
4597
4599
4603
4616
4618
4630
4635
4636
4646
4649
4651
4652
4655
4658
4661
4663
4664
4673
4677
4679
4683
4685
4691
4695
4698
4701
4702
4704
4708
4710
4716
4718
4719
4725
4726
4734
4751
4753
4765
4766
4770
4774
4776
4778
4787
4788
4789
4790
4791
4799
4802
4807
4814
4816
4817
4821
4823
4830
4833
4837
4839
4840
4843
4846
4850
4861
4862
4863
4864
4866
4868
4869
4870
4871
4887
4889
4894
4900
4903
4909
4912
4913
4915
4916
4919
4920
4927
4936
4946
4971
4973
4979
4996
5005
5011
5022
5030
5035
5036
5041
5051
5063
5066
5072
5074
5075
5082
5084
5087
5097
5110
5111
5134
5145
5146
5148
5152
5153
5158
5184
5198
5205
5215
5222
5244
5247
5254
5255
5261
5262
5264
5273
5275
5280
5282
5287
5290
5301
5309
5322
5326
5331
5338
5340
5341
5345
5352
5356
5369
5376
5382
5388
5396
5399
5405
5409
5417
5424
5425
5428
5435
5436
5441
5446
5449
5458
5460
5466
5476
5477
5479
5481
5491
5493
5496
5504
5511
5513
5515
5516
5521
5523
5528
5536
5544
5550
5551
5559
5560
5564
5565
5571
5577
5581
5589
5590
5620
5621
5625
5630
5631
5639
5640
5647
5649
5651
5664
5665
5668
5675
5677
5681
5685
5686
5688
5697
5706
5709
5712
5716
5726
5734
5747
5748
5751
5754
5755
5758
5759
5763
5764
5766
5773
5776
5778
5780
5792
5793
5795
5804
5806
5817
5829
5834
5835
5836
5837
5840
5857
5865
5867
5875
5876
5880
5882
5884
5893
5903
5915
5918
5921
5923
5929
5931
5936
5947
5950
5952
5966
5981
5996
5997
5999
6000
6002
6016
6017
6019
6022
6027
6031
6036
6039
6041
6045
6057
6063
6076
6085
6089
6092
6093
6097
6098
6103
6108
6118
6122
6123
6134
6140
6143
6156
6158
6159
6171
6205
6216
6219
6227
6233
6234
6253
6254
6261
6270
6286
6291
6293
6297
6312
6314
6321
6344
6350
6351
6353
6360
6371
6373
6389
6391
6392
6401
6410
6414
6416
6418
6419
6424
6427
6447
6461
6462
6464
6466
6480
6488
6500
6509
6514
6522
6531
6544
6556
6561
6564
6565
6571
6574
6584
6596
6626
6634
6653
6661
6675
6680
6687
6690
6696
6698
6713
6722
6729
6731
6744
6761
6763
6765
6772
6790
6792
6800
6807
6830
6836
6840
6845
6857
6859
6869
6870
6880
6884
6885
6894
6897
6898
6903
6906
6915
6922
6924
6926
6929
6936
6938
6948
6954
6956
6964
6965
6975
6979
7002
7004
7005
7027
7036
7042
7049
7052
7055
7060
7061
7065
7067
7073
7074
7077
7078
7079
7081
7086
7102
7108
7123
7124
7125
7127
7131
7132
7137
7148
7164
7175
7176
7177
7178
7183
7194
7207
7208
7209
7211
7215
7220
7223
7226
7232
7235
7238
7242
7248
7254
7256
7276
7279
7282
7297
7321
7323
7326
7358
7359
7360
7363
7366
7377
7382
7383
7385
7391
7393
7395
7406
7409
7412
7418
7427
7439
7442
7443
7448
7461
7470
7472
7473
7478
7483
7501
7503
7504
7505
7508
7510
7517
7532
7535
7538
7544
7554
7557
7562
7563
7566
7571
7573
7578
7583
7584
7588
7589
7592
7593
7599
7608
7614
7618
7620
7623
7626
7630
7635
7637
7640
7641
7648
7650
7654
7657
7661
7665
7670
7676
7684
7694
7695
7699
7700
7701
7707
7719
7727
7729
7730
7735
7738
7744
7746
7758
7759
7761
7762
7763
7776
7781
7787
7793
7807
7820
7822
7825
7828
7829
7835
7837
7856
7857
7862
7867
7868
7874
7877
7878
7880
7887
7891
7893
7894
7898
7910
7915
7917
7918
7934
7940
7946
7951
7954
7955
7961
7964
7970
7971
7972
7980
7981
7993
8006
8014
8030
8040
8041
8051
8053
8062
8064
8065
8066
8074
8075
8078
8086
8087
8093
8100
8102
8104
8107
8116
8117
8119
8120
8126
8128
8144
8160
8161
8169
8170
8180
8194
8195
8208
8209
8215
8228
8229
8230
8234
8246
8252
8266
8276
8282
8285
8291
8295
8314
8317
8320
8325
8330
8338
8342
8343
8345
8348
8349
8354
8357
8364
8369
8372
8376
8395
8407
8412
8417
8428
8431
8434
8443
8461
8472
8481
8486
8491
8500
8510
8514
8522
8533
8565
8568
8576
8578
8579
8580
8590
8591
8594
8599
8603
8607
8619
8648
8650
8655
8667
8691
8705
8706
8714
8723
8732
8733
8737
8764
8771
8775
8779
8782
8785
8787
8797
8799
8803
8818
8822
8835
8836
8843
8849
8857
8860
8862
8865
8866
8869
8871
8874
8896
8907
8917
8926
8929
8939
8943
8944
8949
8961
8965
8970
8973
8980
8982
8983
8995
9005
9007
9008
9024
9027
9030
9033
9045
9049
9051
9053
9063
9066
9080
9090
9091
9093
9095
9096
9097
9109
9113
9148
9149
9174
9193
9198
9199
9204
9205
9207
9208
9212
9229
9236
9239
9250
9263
9265
9268
9269
9271
9274
9277
9278
9280
9281
9283
9284
9291
9295
9299
9314
9320
9330
9339
9343
9352
9383
9394
9398
9415
9416
9417
9421
9423
9429
9435
9438
9440
9449
9476
9479
9481
9484
9494
9520
9527
9530
9548
9551
9555
9556
9558
9560
9562
9567
9568
9571
9573
9607
9609
9621
9632
9644
9649
9654
9661
9669
9676
9684
9693
9695
9714
9717
9721
9722
9724
9731
9749
9750
9755
9761
9776
9791
9798
9810
9813
9821
9823
9829
9833
9847
9848
9860
9868
9884
9886
9889
9896
9898
9902
9903
9910
9964
9975
9990
9994
10029
10044
10048
10051
10063
10065
10095
10113
10142
10154
10157
10171
10180
10190
10195
10201
10221
10235
10237
10245
10269
10276
10288
10322
10323
10336
10349
10358
10361
10365
10388
10399
10428
10434
10445
10447
10474
10480
10490
10494
10513
10523
10543
10560
10562
10600
10605
10607
10614
10647
10651
10659
10667
10672
10692
10722
10723
10727
10728
10733
10743
10761
10773
10774
10779
10782
10784
10785
10791
10801
10806
10815
10830
10834
10846
10847
10879
10892
10893
10894
10900
10912
10920
10927
10942
10945
10950
10954
10959
10964
11069
11077
11082
11087
11090
11094
11101
11115
11123
11125
11126
11134
11140
11145
11146
11151
11157
11166
11182
11193
11194
11199
11218
11227
11259
11270
11276
11285
11323
11351
11379
11383
11404
11405
11406
11413
11414
11448
11483
11500
11512
11533
11545
11553
11570
11574
11582
11606
11619
11631
11634
11637
11639
11640
11648
11660
11661
11714
11716
11723
11724
11751
11780
11804
11826
11851
11939
11941
11960
11963
11980
12007
12046
12062
12069
12071
12079
12104
12121
12123
12136
12139
12140
12150
12155
12178
12179
12193
12195
12199
12210
12243
12246
12247
12252
12263
12281
12288
12296
12297
12325
12328
12358
12359
12373
12385
12387
12390
12415
12419
12436
12445
12449
12506
12509
12515
12521
12562
12568
12650
12676
12677
12683
12687
12705
12710
12714
12716
12756
12761
12798
12860
12876
12891
12892
12914
12926
12956
12994
13012
13017
13035
13133
13137
13151
13209
13227
13235
13246
13253
13263
13275
13282
13291
13304
13306
13313
13314
13324
13382
13418
13441
13479
13483
13517
13527
13562
13571
13574
13584
13609
13611
13650
13656
13663
13681
13684
13687
13688
13690
13746
13776
13793
13848
13854
13856
13857
13869
13904
13915
13917
13926
13964
13989
14000
14003
14014
14015
14017
14037
14038
14042
14123
14133
14168
14239
14324
14337
14344
14370
14383
14385
14391
14400
14404
14490
14493
14499
14510
14564
14570
14585
14614
14638
14646
14655
14659
14664
14703
14709
14712
14720
14723
14752
14764
14777
14783
14785
14793
14812
14829
14831
14838
14845
14866
14904
14908
14914
14929
14945
14947
14957
14973
14983
15005
15007
15015
15072
15086
15095
15110
15135
15142
15153
15159
15195
15273
15277
15310
15340
15347
15415
15435
15436
15455
15478
15507
15533
15539
15540
15564
15599
15651
15666
15668
15709
15714
15730
15767
15771
15783
15854
15864
15914
15927
15931
15970
15981
15991
15997
16035
16071
16085
16089
16099
16112
16153
16173
16181
16185
16201
16206
16227
16241
16377
16394
16407
16433
16453
16489
16499
16500
16504
16516
16520
16529
16542
16568
16605
16609
16635
16639
16713
16792
16805
16916
17106
17111
17122
17141
17221
17249
17252
17254
17264
17271
17280
17288
17290
17292
17293
17310
17423
17446
17490
17493
17539
17548
17575
17576
17634
17642
17654
17661
17795
17816
17820
17826
17878
17887
17890
17942
17974
17988
18057
18062
18065
18068
18071
18077
18082
18104
18106
18108
18113
18115
18116
18124
18127
18129
18130
18133
18135
18138
18141
18145
18151
18161
18182
18198
18206
18209
18210
18211
18212
18213
18215
18224
18227
18230
18237
18326
18349
18379
18398
18413
18433
18469
18481
18487
18490
18498
18517
18518
18520
18605
18607
18615
18629
18650
18765
18788
18795
18804
18834
18927
18935
18984
19006
19131
19133
19140
19150
19263
19356
19554
19673
