1
3
4
5
6
7
8
9
10
11
12
14
15
16
17
18
19
20
22
23
24
26
28
29
30
31
32
35
36
37
38
39
41
42
43
45
46
47
48
50
54
55
56
57
58
59
60
61
62
64
66
67
68
69
70
71
72
74
75
76
77
79
80
82
83
84
85
86
87
88
89
90
91
93
94
95
97
98
99
101
103
105
107
108
109
110
112
113
114
115
116
117
118
119
120
122
123
124
125
126
127
128
129
130
131
132
136
137
138
140
141
142
143
145
146
147
148
149
152
153
154
155
156
157
159
160
162
163
165
166
167
168
169
170
172
174
175
176
177
178
179
180
181
182
183
185
187
188
189
191
193
194
197
200
201
203
204
205
206
207
208
209
210
211
213
214
215
217
220
221
224
225
226
228
230
233
234
236
237
239
240
241
242
243
244
247
248
250
251
253
254
255
256
257
258
260
261
262
263
264
269
270
271
272
273
275
278
279
280
281
282
283
284
285
286
287
288
289
290
293
294
295
296
297
298
299
300
301
303
304
305
307
308
310
312
313
317
319
320
321
322
323
326
329
334
336
337
341
343
344
345
346
347
350
351
352
355
356
357
358
359
360
362
363
365
366
367
369
370
371
372
374
375
376
377
378
379
380
381
383
384
387
388
389
391
393
394
397
400
402
403
404
405
406
408
409
410
411
413
415
416
417
418
419
421
423
424
425
426
427
428
430
431
432
433
436
438
439
441
442
445
446
448
449
450
451
454
455
457
458
459
463
464
466
468
469
470
471
473
474
475
476
477
479
480
481
482
483
485
488
490
492
494
500
501
503
504
505
506
507
508
509
510
513
514
517
519
522
525
526
527
528
529
531
532
534
535
536
538
539
540
541
542
544
545
546
548
549
550
551
552
553
554
555
558
559
561
563
564
565
566
567
569
571
573
575
576
581
582
584
585
587
588
589
591
593
594
595
596
597
599
600
601
602
603
604
606
607
608
609
610
611
612
614
615
616
617
618
619
620
621
625
626
628
631
632
634
635
636
638
639
640
641
645
646
647
648
650
651
652
653
654
656
657
658
659
662
663
664
665
666
667
668
670
671
672
673
675
678
679
680
681
682
683
684
685
687
689
690
692
693
694
695
696
697
698
701
703
706
707
708
709
710
711
714
718
720
721
722
723
724
725
726
727
728
730
731
732
734
735
736
737
738
739
741
743
744
748
749
750
751
752
753
754
755
756
758
759
763
768
770
772
773
774
775
777
778
779
780
781
782
783
785
787
788
789
790
792
793
795
796
797
798
799
800
801
803
804
805
806
807
809
810
814
815
817
819
820
821
823
824
825
826
827
830
831
832
833
836
837
838
839
842
843
844
846
847
848
849
850
851
853
855
856
857
858
859
860
861
862
864
867
868
869
870
872
873
874
875
876
878
879
880
882
883
884
885
886
887
888
889
891
892
895
897
898
900
901
902
903
904
906
908
909
911
912
917
918
919
920
921
922
924
926
927
928
929
930
931
932
934
936
939
940
941
943
944
945
946
947
948
950
952
954
955
956
957
958
960
961
963
964
966
967
969
971
973
974
975
976
978
980
983
984
986
987
992
993
994
996
997
998
999
1002
1004
1006
1008
1009
1011
1012
1013
1014
1015
1016
1017
1018
1019
1020
1022
1024
1025
1027
1028
1029
1030
1034
1036
1037
1038
1040
1041
1043
1049
1053
1055
1056
1057
1059
1061
1062
1064
1065
1066
1067
1068
1069
1070
1071
1073
1074
1075
1076
1077
1079
1081
1082
1083
1084
1085
1086
1088
1089
1090
1091
1092
1095
1096
1097
1098
1103
1104
1106
1109
1110
1111
1113
1117
1120
1122
1123
1124
1125
1126
1127
1129
1132
1133
1134
1137
1138
1141
1143
1144
1145
1146
1147
1148
1150
1155
1156
1158
1159
1162
1163
1164
1165
1166
1167
1169
1175
1178
1179
1180
1181
1184
1185
1186
1187
1189
1190
1191
1194
1198
1199
1200
1202
1204
1206
1209
1210
1213
1214
1215
1216
1217
1218
1219
1220
1221
1223
1224
1226
1227
1228
1231
1232
1233
1234
1235
1241
1242
1245
1246
1248
1249
1250
1251
1253
1254
1256
1258
1261
1264
1265
1267
1268
1269
1272
1274
1276
1279
1280
1283
1285
1286
1288
1290
1292
1293
1295
1296
1297
1299
1303
1304
1305
1306
1307
1308
1309
1312
1314
1320
1321
1323
1327
1328
1329
1331
1335
1337
1338
1341
1347
1348
1349
1350
1352
1353
1354
1355
1356
1358
1361
1362
1363
1365
1368
1369
1372
1373
1376
1378
1381
1383
1385
1386
1387
1389
1390
1391
1392
1393
1395
1398
1400
1402
1403
1406
1407
1409
1410
1411
1413
1414
1417
1418
1419
1422
1425
1426
1427
1429
1431
1432
1436
1439
1441
1442
1443
1444
1446
1447
1451
1452
1453
1455
1456
1457
1458
1459
1463
1464
1465
1466
1467
1469
1470
1472
1473
1474
1475
1478
1479
1480
1481
1482
1484
1485
1487
1488
1490
1491
1492
1493
1495
1498
1500
1502
1503
1504
1505
1507
1508
1510
1512
1513
1514
1516
1518
1521
1523
1526
1527
1529
1536
1541
1542
1543
1544
1545
1548
1551
1552
1553
1554
1556
1559
1560
1561
1562
1563
1566
1567
1571
1572
1573
1576
1577
1579
1580
1581
1587
1589
1590
1592
1593
1595
1596
1598
1599
1600
1606
1610
1611
1613
1616
1619
1620
1622
1623
1624
1625
1626
1628
1629
1630
1633
1640
1642
1644
1646
1647
1649
1652
1655
1658
1659
1661
1663
1664
1665
1667
1668
1669
1670
1671
1672
1673
1674
1675
1676
1677
1678
1679
1683
1685
1687
1688
1689
1693
1695
1696
1697
1699
1701
1703
1704
1705
1706
1708
1709
1710
1711
1712
1713
1715
1716
1717
1719
1720
1722
1723
1724
1726
1728
1729
1733
1736
1737
1739
1744
1745
1746
1747
1748
1752
1756
1757
1758
1759
1760
1761
1762
1763
1764
1765
1766
1769
1770
1771
1772
1773
1774
1777
1778
1781
1788
1789
1791
1792
1794
1795
1797
1798
1799
1801
1805
1808
1809
1810
1811
1820
1828
1830
1832
1835
1839
1841
1845
1848
1850
1852
1853
1856
1857
1859
1860
1865
1866
1867
1868
1869
1870
1874
1875
1876
1877
1880
1881
1884
1887
1892
1894
1896
1897
1898
1900
1902
1904
1908
1909
1913
1917
1918
1920
1922
1923
1924
1925
1927
1929
1932
1935
1937
1938
1939
1940
1941
1945
1947
1950
1951
1956
1957
1958
1959
1960
1961
1962
1964
1966
1967
1968
1969
1971
1972
1973
1974
1977
1980
1982
1985
1988
1989
1991
1996
1997
2003
2004
2006
2008
2009
2011
2012
2015
2016
2017
2018
2019
2022
2023
2025
2027
2030
2032
2033
2035
2036
2037
2038
2039
2041
2043
2044
2046
2047
2048
2049
2050
2052
2053
2054
2055
2056
2059
2062
2064
2065
2066
2067
2068
2070
2075
2076
2088
2089
2092
2093
2095
2098
2099
2100
2101
2103
2105
2109
2114
2124
2127
2129
2130
2132
2133
2136
2138
2140
2141
2144
2145
2146
2149
2150
2151
2154
2155
2156
2157
2160
2163
2164
2165
2167
2168
2170
2172
2173
2174
2176
2178
2180
2183
2185
2188
2190
2193
2194
2195
2196
2197
2199
2200
2201
2202
2208
2209
2212
2214
2219
2224
2225
2228
2229
2231
2232
2235
2237
2238
2239
2240
2242
2246
2247
2248
2249
2251
2252
2254
2255
2256
2257
2260
2263
2264
2265
2267
2268
2273
2276
2277
2278
2279
2284
2293
2296
2300
2301
2303
2304
2307
2308
2313
2315
2316
2318
2321
2322
2323
2324
2328
2329
2330
2333
2335
2336
2337
2338
2341
2343
2344
2354
2355
2359
2360
2363
2364
2365
2366
2367
2368
2369
2370
2371
2372
2373
2375
2376
2379
2380
2385
2386
2387
2388
2392
2393
2394
2398
2399
2401
2402
2403
2406
2407
2408
2410
2412
2414
2416
2418
2422
2424
2429
2431
2432
2434
2435
2436
2437
2438
2440
2441
2443
2446
2448
2450
2452
2453
2455
2457
2460
2463
2464
2466
2467
2470
2477
2480
2482
2484
2486
2487
2488
2489
2490
2491
2492
2493
2494
2495
2496
2497
2498
2499
2500
2501
2502
2503
2504
2505
2508
2509
2511
2514
2517
2518
2519
2521
2522
2523
2525
2528
2529
2531
2534
2536
2537
2539
2540
2543
2545
2546
2547
2548
2549
2551
2552
2553
2556
2557
2558
2559
2561
2562
2564
2566
2567
2568
2569
2571
2574
2578
2581
2582
2584
2586
2587
2588
2590
2592
2593
2594
2595
2597
2598
2599
2600
2601
2602
2604
2606
2607
2608
2609
2610
2612
2614
2615
2616
2617
2619
2622
2623
2624
2625
2626
2627
2628
2629
2632
2634
2635
2636
2637
2640
2641
2643
2644
2645
2646
2647
2648
2649
2650
2651
2652
2653
2656
2657
2658
2659
2660
2661
2662
2663
2664
2665
2666
2669
2670
2671
2672
2673
2674
2675
2676
2677
2678
2679
2680
2681
2682
2685
2686
2687
2688
2689
2691
2692
2693
2696
2697
2698
2699
2700
2702
2703
2704
2705
2706
2707
2708
2710
2711
2712
2713
2714
2715
2717
2718
2719
2721
2722
2723
2724
2725
2726
2727
2729
2732
2733
2735
2736
2737
2738
2739
2740
2746
2747
2749
2750
2755
2757
2758
2759
2761
2762
2763
2765
2766
2767
2770
2771
2772
2774
2775
2777
2778
2780
2781
2782
2784
2786
2787
2790
2791
2792
2793
2794
2795
2796
2798
2802
2807
2808
2809
2810
2811
2813
2814
2815
2816
2818
2819
2820
2821
2822
2823
2824
2825
2826
2827
2828
2829
2830
2832
2833
2835
2836
2837
2838
2839
2840
2843
2844
2845
2848
2850
2851
2852
2853
2855
2856
2859
2861
2862
2864
2865
2867
2868
2869
2871
2873
2874
2876
2878
2879
2880
2885
2886
2887
2889
2892
2893
2894
2895
2896
2897
2898
2899
2900
2901
2902
2903
2904
2905
2907
2910
2912
2913
2914
2915
2916
2918
2919
2921
2922
2924
2926
2928
2931
2932
2933
2934
2935
2938
2939
2940
2941
2942
2944
2945
2946
2947
2948
2949
2950
2951
2952
2953
2954
2955
2956
2957
2959
2960
2961
2962
2963
2964
2965
2970
2971
2973
2975
2976
2977
2978
2980
2983
2984
2986
2987
2988
2991
2992
2994
2997
2998
2999
3000
3001
3002
3003
3006
3007
3008
3010
3011
3012
3013
3016
3017
3018
3020
3021
3023
3024
3025
3027
3028
3029
3030
3033
3037
3042
3044
3046
3049
3050
3051
3053
3054
3057
3058
3060
3061
3064
3065
3067
3069
3070
3071
3075
3077
3083
3084
3086
3087
3088
3089
3090
3091
3092
3093
3094
3095
3096
3097
3099
3100
3104
3105
3108
3110
3111
3113
3114
3115
3116
3118
3119
3123
3124
3126
3127
3128
3130
3132
3133
3134
3136
3137
3138
3139
3140
3141
3142
3143
3144
3145
3146
3150
3151
3152
3153
3155
3156
3157
3158
3161
3162
3163
3164
3165
3166
3168
3169
3170
3171
3172
3174
3176
3177
3180
3183
3184
3185
3186
3187
3188
3190
3192
3193
3194
3195
3196
3199
3200
3201
3203
3205
3206
3207
3208
3209
3210
3211
3212
3213
3214
3215
3216
3217
3222
3223
3224
3226
3227
3228
3231
3232
3233
3234
3236
3237
3238
3239
3240
3242
3243
3244
3246
3248
3249
3250
3251
3253
3254
3257
3259
3261
3262
3264
3265
3266
3267
3268
3269
3270
3271
3272
3275
3278
3279
3281
3282
3285
3286
3287
3288
3289
3291
3292
3293
3295
3296
3298
3300
3301
3302
3305
3306
3308
3309
3310
3311
3313
3314
3315
3316
3317
3318
3319
3321
3322
3323
3324
3325
3327
3328
3330
3331
3332
3334
3335
3336
3337
3340
3341
3342
3343
3344
3345
3346
3347
3348
3350
3351
3352
3353
3356
3357
3359
3361
3363
3365
3367
3368
3369
3371
3372
3373
3375
3376
3377
3378
3380
3382
3383
3384
3385
3386
3390
3391
3394
3395
3396
3397
3398
3401
3402
3403
3404
3405
3408
3410
3411
3412
3413
3415
3416
3418
3419
3421
3422
3423
3424
3425
3426
3428
3429
3430
3432
3433
3435
3436
3437
3438
3439
3443
3447
3448
3450
3451
3452
3453
3454
3455
3456
3457
3459
3461
3462
3463
3465
3466
3467
3468
3470
3472
3473
3474
3475
3476
3477
3478
3479
3480
3482
3483
3484
3486
3487
3489
3491
3492
3493
3495
3496
3497
3503
3504
3506
3507
3509
3510
3511
3513
3514
3515
3519
3520
3521
3522
3523
3524
3525
3526
3527
3528
3529
3530
3532
3533
3534
3536
3537
3538
3539
3541
3543
3544
3545
3547
3548
3549
3551
3552
3553
3554
3555
3556
3557
3559
3560
3561
3562
3563
3564
3565
3567
3568
3569
3570
3571
3573
3574
3575
3576
3577
3578
3579
3580
3581
3582
3583
3584
3589
3590
3591
3592
3593
3594
3595
3596
3597
3599
3600
3602
3603
3604
3605
3606
3607
3608
3609
3610
3611
3612
3614
3616
3618
3619
3620
3621
3622
3623
3624
3625
3626
3630
3631
3632
3633
3635
3637
3638
3639
3641
3643
3646
3647
3648
3649
3650
3651
3652
3654
3655
3656
3658
3659
3660
3661
3662
3665
3666
3667
3668
3673
3674
3676
3679
3680
3681
3682
3683
3684
3687
3688
3689
3692
3693
3694
3695
3696
3697
3698
3699
3700
3701
3702
3703
3704
3705
3706
3707
3708
3709
3711
3712
3713
3714
3715
3716
3717
3718
3719
3720
3722
3723
3724
3725
3726
3727
3729
3731
3732
3733
3734
3735
3737
3738
3740
3741
3742
3746
3749
3751
3752
3753
3756
3757
3758
3759
3760
3763
3764
3766
3767
3769
3770
3771
3772
3776
3777
3782
3783
3786
3788
3789
3790
3791
3793
3795
3796
3798
3799
3800
3801
3802
3803
3806
3809
3810
3813
3815
3816
3817
3818
3819
3820
3822
3823
3824
3826
3827
3828
3829
3830
3831
3833
3834
3836
3838
3839
3840
3842
3844
3845
3846
3847
3849
3850
3852
3853
3854
3855
3856
3857
3858
3859
3860
3863
3864
3865
3866
3867
3868
3869
3870
3871
3874
3879
3880
3881
3882
3884
3886
3887
3888
3891
3892
3897
3898
3899
3900
3901
3902
3906
3907
3909
3911
3913
3915
3916
3917
3919
3920
3921
3922
3923
3924
3931
3932
3935
3937
3938
3939
3940
3941
3942
3943
3944
3945
3946
3947
3953
3954
3956
3957
3958
3959
3960
3961
3962
3963
3964
3965
3967
3968
3969
3970
3971
3972
3974
3976
3979
3980
3981
3982
3983
3984
3985
3987
3988
3989
3993
3997
3998
3999
4000
4001
4003
4004
4005
4006
4007
4008
4012
4013
4016
4017
4018
4019
4020
4022
4023
4024
4025
4027
4030
4033
4034
4036
4039
4042
4043
4044
4045
4046
4048
4052
4053
4054
4055
4056
4059
4060
4062
4066
4067
4070
4071
4074
4077
4079
4080
4082
4083
4084
4085
4086
4087
4088
4089
4090
4095
4096
4097
4098
4103
4104
4106
4107
4108
4109
4111
4113
4114
4116
4117
4118
4119
4120
4122
4123
4125
4126
4127
4129
4131
4132
4134
4135
4136
4137
4139
4140
4141
4143
4145
4146
4147
4148
4149
4150
4153
4154
4155
4156
4157
4158
4159
4160
4161
4162
4164
4165
4166
4169
4172
4179
4183
4185
4186
4188
4190
4191
4193
4196
4197
4200
4201
4204
4205
4206
4207
4208
4214
4215
4217
4219
4220
4221
4224
4226
4228
4229
4230
4231
4233
4236
4237
4238
4239
4240
4241
4242
4243
4250
4251
4252
4253
4254
4255
4256
4258
4264
4265
4266
4267
4268
4269
4270
4274
4275
4276
4278
4283
4289
4290
4291
4293
4294
4298
4299
4301
4302
4303
4304
4305
4308
4309
4310
4311
4313
4314
4315
4316
4317
4320
4322
4323
4324
4325
4326
4328
4329
4330
4331
4333
4334
4335
4336
4337
4338
4340
4346
4347
4348
4349
4350
4351
4352
4353
4355
4357
4358
4359
4364
4366
4368
4370
4371
4373
4376
4378
4379
4381
4382
4383
4384
4388
4389
4390
4391
4393
4396
4397
4398
4399
4402
4403
4405
4406
4407
4412
4413
4415
4418
4420
4421
4422
4424
4425
4426
4427
4428
4430
4434
4437
4438
4439
4441
4443
4444
4445
4448
4449
4454
4455
4456
4458
4459
4460
4465
4466
4467
4468
4469
4470
4472
4474
4475
4476
4477
4480
4481
4483
4484
4486
4487
4490
4491
4492
4493
4495
4496
4497
4501
4502
4504
4506
4510
4511
4513
4514
4516
4522
4523
4525
4530
4531
4532
4539
4541
4542
4543
4544
4545
4546
4551
4555
4556
4557
4559
4560
4561
4562
4563
4566
4567
4568
4572
4573
4574
4575
4576
4577
4579
4582
4583
4585
4587
4591
4593
4594
4596
4597
4600
4603
4604
4605
4607
4612
4613
4614
4615
4616
4618
4619
4621
4622
4623
4625
4626
4629
4630
4632
4634
4635
4636
4639
4641
4642
4645
4646
4647
4648
4649
4650
4652
4655
4657
4658
4660
4662
4663
4665
4666
4668
4670
4671
4674
4676
4677
4679
4680
4682
4685
4687
4688
4693
4694
4696
4697
4699
4702
4703
4704
4705
4707
4708
4709
4710
4711
4712
4714
4715
4716
4717
4718
4723
4724
4726
4727
4728
4730
4734
4736
4740
4742
4743
4745
4748
4751
4753
4755
4757
4759
4763
4765
4766
4768
4769
4771
4774
4775
4777
4778
4779
4780
4781
4784
4787
4788
4790
4794
4796
4797
4798
4799
4800
4801
4803
4804
4805
4806
4808
4809
4810
4812
4813
4816
4817
4820
4821
4822
4826
4827
4828
4830
4833
4834
4835
4836
4837
4839
4840
4845
4846
4847
4850
4851
4853
4856
4859
4861
4863
4864
4866
4869
4871
4872
4873
4875
4876
4878
4879
4881
4883
4884
4886
4887
4888
4889
4890
4891
4894
4895
4898
4900
4902
4904
4906
4907
4909
4910
4912
4913
4914
4915
4917
4918
4919
4920
4923
4924
4927
4928
4929
4930
4931
4935
4936
4939
4940
4941
4942
4943
4952
4953
4955
4957
4958
4959
4960
4961
4962
4963
4964
4968
4969
4970
4971
4972
4973
4974
4975
4976
4979
4981
4987
4993
4994
4996
4997
4998
5001
5002
5005
5006
5007
5008
5010
5011
5013
5016
5019
5022
5029
5030
5031
5032
5035
5036
5037
5038
5040
5041
5042
5045
5046
5047
5051
5052
5053
5055
5060
5064
5065
5068
5069
5070
5071
5072
5075
5076
5079
5081
5082
5084
5087
5088
5090
5091
5092
5093
5095
5097
5099
5101
5102
5105
5110
5111
5112
5116
5120
5121
5123
5124
5125
5129
5130
5133
5136
5145
5148
5151
5152
5153
5154
5156
5157
5160
5162
5166
5167
5170
5171
5172
5174
5176
5177
5179
5182
5184
5186
5188
5189
5193
5194
5195
5204
5211
5214
5222
5228
5229
5231
5233
5234
5235
5236
5238
5240
5243
5245
5247
5248
5251
5254
5255
5257
5261
5262
5263
5264
5267
5268
5269
5271
5272
5273
5277
5279
5282
5283
5286
5287
5288
5294
5295
5300
5305
5306
5309
5310
5311
5312
5313
5314
5316
5317
5318
5319
5321
5322
5323
5325
5326
5327
5330
5331
5332
5334
5335
5338
5339
5340
5342
5343
5346
5349
5351
5352
5354
5356
5359
5360
5361
5365
5366
5367
5368
5369
5370
5371
5374
5376
5378
5379
5381
5382
5388
5389
5390
5392
5396
5397
5399
5400
5401
5405
5407
5408
5409
5412
5413
5416
5417
5418
5421
5422
5423
5425
5428
5431
5432
5433
5435
5437
5438
5439
5442
5446
5447
5448
5449
5453
5454
5456
5458
5461
5463
5464
5465
5466
5468
5470
5471
5472
5474
5475
5476
5477
5478
5479
5480
5482
5484
5486
5487
5488
5489
5490
5491
5493
5494
5496
5497
5499
5500
5502
5504
5505
5506
5508
5511
5512
5513
5514
5515
5516
5517
5519
5521
5522
5523
5526
5528
5529
5530
5531
5534
5536
5544
5546
5549
5550
5551
5553
5555
5556
5557
5559
5560
5563
5564
5565
5566
5567
5568
5571
5573
5574
5575
5577
5579
5580
5581
5583
5584
5585
5586
5588
5590
5591
5592
5593
5594
5595
5596
5598
5599
5601
5602
5603
5605
5606
5609
5611
5612
5614
5615
5616
5618
5624
5625
5626
5629
5630
5631
5634
5636
5638
5639
5640
5641
5642
5643
5649
5650
5651
5652
5653
5654
5655
5656
5657
5658
5660
5661
5668
5669
5672
5673
5675
5678
5679
5681
5682
5684
5685
5686
5688
5689
5690
5691
5692
5694
5695
5697
5698
5699
5700
5702
5705
5706
5708
5709
5710
5712
5718
5719
5720
5721
5722
5724
5726
5730
5731
5734
5736
5737
5738
5743
5746
5747
5748
5749
5750
5754
5755
5756
5759
5760
5762
5763
5764
5765
5766
5767
5768
5773
5774
5776
5778
5779
5780
5782
5784
5788
5789
5790
5791
5793
5794
5795
5796
5797
5798
5800
5803
5804
5805
5806
5811
5812
5813
5814
5815
5817
5818
5820
5822
5827
5829
5833
5834
5835
5836
5837
5840
5842
5843
5848
5850
5851
5852
5853
5854
5855
5856
5858
5859
5860
5861
5864
5865
5866
5867
5868
5869
5873
5875
5876
5878
5880
5881
5883
5884
5888
5891
5896
5897
5901
5902
5903
5904
5906
5907
5910
5911
5914
5917
5918
5920
5921
5922
5923
5924
5926
5927
5929
5930
5938
5940
5941
5942
5945
5946
5947
5948
5950
5954
5955
5956
5958
5959
5961
5963
5966
5967
5968
5969
5970
5971
5974
5977
5980
5981
5985
5986
5987
5988
5989
5990
5992
5993
5995
5996
5997
5999
6000
6008
6009
6011
6013
6017
6020
6021
6022
6023
6024
6026
6027
6030
6031
6032
6034
6035
6036
6037
6038
6039
6040
6042
6043
6044
6046
6047
6050
6051
6052
6053
6056
6057
6058
6061
6063
6064
6066
6067
6069
6071
6072
6073
6074
6076
6077
6080
6081
6083
6087
6088
6090
6092
6093
6094
6095
6096
6097
6099
6103
6104
6106
6108
6109
6110
6111
6112
6113
6114
6121
6122
6125
6126
6128
6130
6137
6138
6139
6140
6142
6143
6144
6145
6146
6149
6150
6156
6157
6159
6160
6161
6162
6163
6167
6170
6171
6172
6179
6182
6185
6186
6187
6193
6194
6201
6203
6204
6205
6207
6208
6212
6213
6214
6217
6218
6220
6222
6223
6224
6225
6227
6228
6230
6232
6233
6234
6235
6240
6241
6243
6246
6248
6253
6254
6255
6261
6267
6271
6272
6273
6274
6276
6277
6279
6282
6283
6286
6287
6290
6291
6292
6294
6297
6298
6300
6303
6304
6306
6307
6309
6310
6312
6313
6314
6321
6322
6326
6327
6328
6329
6331
6337
6339
6340
6341
6343
6344
6349
6350
6351
6353
6355
6356
6357
6359
6361
6362
6364
6366
6367
6368
6369
6370
6371
6372
6373
6377
6379
6381
6382
6383
6386
6388
6389
6390
6391
6392
6393
6394
6397
6404
6409
6410
6411
6412
6413
6414
6415
6416
6418
6419
6420
6421
6423
6425
6427
6432
6433
6435
6441
6443
6450
6451
6455
6457
6458
6460
6461
6462
6463
6464
6466
6468
6469
6472
6473
6474
6479
6480
6481
6485
6487
6489
6491
6492
6495
6507
6509
6511
6512
6513
6514
6517
6518
6519
6522
6525
6528
6531
6532
6535
6536
6540
6544
6545
6548
6549
6553
6555
6556
6559
6561
6564
6565
6574
6576
6577
6578
6580
6584
6585
6586
6587
6589
6593
6595
6596
6597
6599
6601
6602
6610
6612
6613
6615
6616
6619
6621
6625
6626
6628
6629
6631
6632
6633
6636
6637
6640
6642
6646
6649
6651
6653
6656
6660
6661
6663
6665
6667
6668
6669
6672
6673
6675
6679
6680
6681
6682
6684
6687
6688
6689
6691
6692
6694
6695
6696
6697
6700
6701
6702
6704
6705
6710
6711
6713
6714
6716
6717
6718
6719
6720
6722
6725
6726
6729
6730
6731
6732
6735
6736
6737
6739
6740
6741
6742
6746
6747
6750
6751
6757
6759
6760
6761
6762
6765
6767
6772
6778
6779
6781
6783
6784
6786
6787
6789
6790
6791
6792
6793
6794
6795
6796
6799
6800
6801
6802
6806
6807
6810
6811
6812
6813
6814
6815
6818
6820
6825
6826
6828
6836
6839
6841
6844
6846
6848
6850
6851
6855
6857
6858
6859
6863
6867
6868
6869
6871
6878
6879
6883
6885
6886
6888
6889
6892
6894
6900
6903
6906
6907
6909
6911
6914
6915
6920
6922
6924
6925
6926
6927
6928
6934
6935
6937
6938
6943
6944
6945
6950
6956
6957
6960
6963
6965
6967
6970
6971
6972
6973
6977
6980
6981
6984
6988
6989
6991
6992
6993
6994
6995
7004
7005
7007
7008
7010
7013
7014
7018
7020
7029
7030
7031
7034
7036
7037
7038
7039
7040
7042
7044
7046
7047
7049
7055
7056
7058
7060
7061
7064
7065
7066
7067
7068
7069
7074
7079
7081
7082
7083
7086
7089
7093
7097
7099
7104
7108
7109
7110
7115
7125
7126
7127
7131
7132
7133
7134
7135
7136
7140
7141
7142
7147
7148
7152
7153
7154
7155
7159
7161
7165
7167
7175
7176
7177
7178
7179
7180
7186
7190
7191
7192
7193
7194
7202
7203
7208
7209
7210
7211
7212
7213
7215
7216
7219
7220
7221
7222
7223
7224
7225
7226
7229
7230
7231
7232
7235
7236
7238
7239
7240
7241
7242
7243
7245
7246
7248
7249
7250
7254
7256
7257
7259
7260
7261
7266
7268
7270
7271
7273
7274
7279
7280
7281
7284
7285
7286
7290
7291
7292
7294
7296
7302
7303
7306
7311
7312
7314
7315
7317
7319
7320
7321
7323
7325
7328
7329
7333
7337
7340
7341
7342
7344
7345
7347
7351
7352
7353
7357
7358
7360
7362
7366
7367
7370
7375
7377
7379
7382
7383
7384
7385
7386
7393
7394
7395
7397
7398
7402
7403
7405
7406
7407
7409
7410
7412
7413
7416
7419
7420
7430
7432
7435
7439
7443
7444
7446
7449
7451
7452
7454
7458
7459
7460
7461
7462
7463
7465
7466
7470
7472
7473
7475
7476
7477
7478
7480
7483
7486
7488
7489
7491
7498
7499
7507
7508
7509
7512
7513
7514
7517
7520
7523
7527
7530
7532
7533
7534
7538
7542
7544
7546
7547
7550
7551
7552
7553
7554
7557
7558
7562
7564
7566
7567
7569
7570
7571
7572
7573
7574
7575
7578
7579
7580
7581
7583
7588
7589
7592
7593
7595
7596
7597
7598
7601
7604
7605
7606
7607
7608
7610
7615
7616
7617
7618
7619
7620
7621
7622
7624
7626
7627
7629
7630
7632
7634
7635
7636
7637
7638
7639
7640
7641
7643
7645
7648
7650
7654
7655
7657
7658
7661
7662
7664
7665
7666
7668
7669
7670
7671
7674
7677
7679
7681
7682
7683
7684
7686
7687
7691
7694
7697
7699
7700
7701
7703
7706
7707
7708
7710
7713
7714
7715
7717
7718
7721
7722
7724
7725
7727
7728
7729
7732
7734
7739
7745
7746
7748
7749
7750
7755
7756
7758
7759
7761
7765
7766
7767
7768
7770
7773
7775
7777
7779
7780
7781
7783
7784
7785
7786
7787
7793
7794
7797
7800
7802
7803
7804
7806
7807
7810
7811
7812
7814
7815
7816
7817
7818
7819
7822
7824
7825
7826
7828
7829
7830
7833
7834
7835
7837
7839
7840
7841
7842
7844
7847
7848
7849
7852
7855
7856
7857
7858
7861
7862
7863
7865
7867
7868
7870
7873
7874
7876
7877
7878
7880
7881
7883
7886
7887
7888
7890
7891
7893
7894
7896
7897
7898
7899
7901
7902
7903
7904
7905
7906
7907
7908
7909
7914
7915
7917
7918
7920
7922
7923
7924
7925
7926
7927
7928
7930
7934
7935
7936
7937
7938
7940
7943
7944
7946
7947
7948
7950
7951
7952
7953
7954
7956
7958
7959
7961
7964
7965
7967
7968
7969
7970
7971
7972
7973
7976
7980
7981
7982
7984
7987
7989
7992
7993
7994
7998
8001
8003
8007
8008
8009
8012
8013
8014
8017
8021
8024
8026
8035
8036
8037
8038
8039
8041
8048
8049
8051
8053
8054
8056
8058
8059
8060
8062
8064
8065
8066
8069
8071
8072
8073
8074
8075
8076
8077
8078
8079
8080
8081
8083
8084
8087
8088
8089
8091
8092
8105
8106
8113
8116
8118
8119
8128
8129
8130
8131
8133
8135
8140
8141
8144
8145
8146
8147
8150
8151
8152
8153
8154
8155
8157
8158
8160
8161
8164
8166
8169
8170
8175
8180
8181
8183
8188
8192
8194
8195
8198
8199
8200
8203
8209
8213
8215
8218
8220
8222
8225
8227
8228
8229
8232
8233
8234
8236
8239
8243
8245
8246
8248
8249
8250
8251
8252
8253
8270
8274
8276
8279
8280
8281
8282
8283
8287
8292
8306
8307
8308
8310
8312
8313
8314
8315
8317
8318
8320
8323
8324
8325
8327
8330
8331
8332
8333
8334
8335
8336
8338
8341
8342
8343
8345
8346
8347
8348
8349
8350
8353
8354
8355
8356
8357
8358
8359
8360
8361
8363
8364
8365
8366
8367
8368
8370
8373
8376
8382
8383
8387
8388
8392
8395
8396
8397
8399
8400
8401
8403
8405
8406
8408
8409
8410
8412
8416
8418
8424
8425
8428
8432
8434
8436
8437
8440
8443
8444
8448
8449
8450
8454
8455
8457
8458
8459
8460
8461
8462
8466
8469
8470
8471
8472
8473
8476
8478
8480
8481
8482
8484
8488
8491
8493
8499
8500
8507
8508
8512
8513
8514
8515
8516
8520
8527
8529
8531
8532
8533
8537
8539
8541
8544
8545
8547
8549
8550
8557
8561
8567
8568
8569
8572
8575
8577
8578
8579
8583
8586
8587
8588
8589
8590
8591
8594
8596
8598
8599
8600
8603
8606
8608
8611
8612
8613
8614
8616
8617
8619
8622
8624
8628
8629
8630
8633
8635
8638
8640
8641
8645
8646
8648
8652
8655
8660
8662
8666
8669
8673
8676
8680
8682
8684
8685
8690
8691
8694
8700
8705
8719
8720
8723
8726
8732
8733
8736
8737
8739
8742
8745
8746
8752
8753
8755
8756
8760
8764
8769
8770
8772
8773
8774
8775
8780
8781
8783
8785
8786
8787
8789
8792
8797
8799
8800
8802
8804
8805
8808
8810
8811
8813
8814
8816
8818
8820
8822
8824
8826
8827
8828
8829
8830
8831
8834
8836
8837
8840
8842
8843
8846
8847
8849
8856
8857
8859
8860
8862
8863
8864
8865
8866
8867
8868
8869
8870
8873
8874
8877
8880
8889
8894
8896
8900
8902
8905
8912
8914
8916
8917
8919
8920
8921
8922
8928
8938
8940
8941
8942
8945
8946
8947
8949
8952
8955
8958
8960
8965
8967
8968
8970
8972
8973
8974
8977
8978
8979
8981
8982
8984
8986
8988
8989
8991
8992
8995
8999
9003
9004
9007
9008
9011
9013
9014
9015
9016
9019
9021
9024
9029
9031
9036
9037
9038
9044
9046
9047
9049
9050
9052
9053
9054
9055
9061
9066
9072
9076
9078
9081
9083
9085
9086
9089
9090
9092
9094
9095
9096
9097
9101
9106
9108
9109
9110
9111
9113
9115
9116
9118
9122
9124
9125
9128
9130
9131
9137
9142
9143
9148
9149
9150
9153
9157
9158
9163
9169
9170
9171
9174
9177
9178
9179
9181
9183
9185
9189
9191
9192
9194
9196
9198
9199
9203
9204
9206
9207
9208
9209
9210
9211
9212
9213
9215
9216
9217
9218
9219
9220
9222
9229
9232
9233
9236
9239
9240
9242
9247
9248
9250
9252
9253
9254
9255
9256
9258
9259
9260
9262
9263
9265
9266
9267
9268
9269
9270
9271
9272
9273
9274
9275
9276
9277
9278
9279
9280
9281
9282
9283
9284
9285
9286
9287
9288
9289
9290
9291
9295
9297
9298
9299
9302
9303
9305
9306
9308
9309
9310
9314
9315
9317
9320
9325
9326
9328
9331
9335
9336
9337
9338
9339
9343
9344
9351
9352
9355
9359
9360
9361
9363
9364
9366
9367
9373
9374
9377
9378
9380
9382
9383
9384
9385
9387
9388
9390
9391
9392
9393
9396
9398
9404
9412
9417
9418
9421
9423
9426
9429
9438
9441
9442
9445
9446
9447
9449
9450
9451
9453
9454
9457
9459
9460
9461
9462
9463
9468
9474
9475
9476
9477
9478
9479
9481
9483
9489
9491
9496
9498
9499
9501
9503
9507
9508
9510
9513
9515
9517
9518
9520
9521
9522
9523
9525
9526
9527
9528
9529
9530
9532
9533
9535
9536
9537
9540
9543
9544
9549
9550
9551
9554
9555
9556
9557
9560
9561
9562
9563
9564
9565
9567
9568
9569
9570
9571
9575
9576
9577
9579
9582
9585
9586
9593
9594
9595
9600
9608
9610
9611
9613
9615
9616
9618
9619
9621
9622
9625
9626
9628
9629
9633
9634
9636
9637
9640
9641
9642
9646
9649
9652
9653
9662
9663
9666
9670
9671
9672
9677
9681
9682
9684
9685
9689
9691
9693
9695
9699
9701
9702
9705
9708
9715
9717
9718
9719
9721
9722
9724
9727
9728
9731
9733
9734
9735
9737
9740
9747
9748
9749
9750
9756
9759
9764
9765
9766
9768
9769
9771
9776
9779
9780
9781
9784
9788
9789
9794
9797
9798
9800
9802
9806
9808
9810
9811
9812
9813
9815
9819
9820
9823
9824
9826
9827
9828
9829
9832
9833
9835
9840
9841
9845
9846
9847
9848
9849
9850
9851
9852
9857
9860
9862
9863
9868
9872
9876
9878
9881
9884
9886
9888
9892
9898
9899
9900
9902
9903
9904
9906
9907
9909
9911
9914
9917
9920
9935
9936
9940
9941
9942
9944
9946
9948
9950
9951
9952
9953
9955
9959
9964
9969
9970
9974
9975
9976
9981
9990
9994
9995
9999
10003
10008
10009
10010
10012
10013
10017
10018
10023
10025
10029
10032
10034
10037
10044
10045
10046
10049
10056
10061
10062
10063
10064
10065
10066
10070
10071
10072
10078
10084
10088
10096
10104
10111
10114
10117
10118
10119
10124
10127
10129
10132
10139
10140
10146
10148
10151
10154
10155
10156
10159
10164
10165
10173
10174
10175
10178
10179
10180
10181
10184
10186
10187
10188
10189
10190
10192
10195
10197
10200
10201
10204
10205
10209
10214
10216
10218
10222
10226
10227
10230
10231
10232
10233
10235
10236
10237
10240
10241
10244
10245
10247
10252
10254
10263
10268
10282
10285
10288
10290
10291
10298
10301
10304
10306
10308
10312
10317
10326
10331
10332
10333
10334
10336
10337
10339
10340
10342
10347
10348
10349
10352
10358
10364
10378
10384
10388
10389
10390
10397
10399
10404
10406
10411
10413
10426
10432
10434
10439
10447
10449
10458
10461
10472
10474
10479
10480
10482
10483
10485
10486
10494
10495
10497
10499
10505
10513
10517
10528
10529
10532
10533
10538
10543
10550
10555
10558
10562
10565
10573
10576
10580
10585
10591
10595
10600
10601
10605
10607
10609
10610
10611
10613
10618
10625
10626
10627
10633
10638
10639
10640
10647
10651
10664
10667
10670
10672
10674
10675
10677
10695
10700
10702
10708
10711
10715
10717
10718
10720
10721
10724
10728
10729
10731
10733
10741
10743
10749
10751
10753
10756
10757
10759
10761
10762
10764
10767
10769
10771
10773
10774
10775
10776
10777
10778
10779
10780
10782
10786
10788
10790
10791
10792
10794
10797
10799
10801
10802
10804
10806
10809
10810
10814
10815
10821
10822
10823
10826
10827
10832
10833
10836
10837
10845
10846
10847
10855
10857
10860
10861
10862
10864
10869
10871
10873
10878
10881
10884
10889
10892
10898
10900
10912
10915
10916
10920
10927
10928
10931
10938
10940
10941
10942
10943
10944
10945
10946
10948
10950
10959
10962
10964
10969
10972
10973
10979
10983
10990
10994
10995
11005
11006
11014
11019
11020
11021
11026
11036
11040
11044
11047
11051
11053
11058
11059
11063
11064
11068
11070
11075
11079
11082
11090
11092
11094
11101
11105
11107
11108
11115
11116
11118
11123
11125
11126
11127
11130
11131
11134
11144
11145
11147
11151
11153
11154
11157
11158
11159
11160
11163
11165
11166
11169
11170
11171
11172
11181
11182
11187
11188
11194
11195
11197
11210
11212
11218
11219
11222
11223
11229
11234
11238
11240
11243
11244
11248
11252
11256
11257
11259
11266
11270
11275
11285
11287
11289
11293
11299
11306
11310
11312
11314
11316
11317
11318
11323
11326
11331
11334
11342
11343
11344
11348
11351
11352
11353
11354
11356
11358
11359
11360
11371
11377
11380
11383
11386
11387
11388
11389
11393
11395
11396
11400
11401
11402
11403
11404
11405
11406
11410
11411
11413
11414
11417
11418
11421
11422
11426
11435
11439
11442
11448
11449
11450
11452
11453
11454
11455
11460
11464
11469
11476
11480
11482
11484
11485
11497
11500
11503
11504
11512
11513
11518
11526
11527
11528
11533
11535
11536
11539
11541
11542
11543
11545
11546
11547
11549
11552
11553
11556
11557
11561
11562
11563
11568
11570
11572
11574
11577
11578
11583
11585
11587
11589
11593
11597
11603
11605
11606
11607
11618
11619
11625
11627
11629
11630
11631
11632
11634
11640
11643
11644
11649
11662
11667
11670
11671
11682
11683
11685
11702
11706
11707
11713
11716
11717
11719
11723
11725
11726
11729
11731
11732
11734
11735
11739
11747
11758
11761
11763
11765
11777
11780
11781
11784
11785
11786
11792
11799
11803
11812
11814
11824
11826
11829
11837
11842
11843
11844
11845
11847
11849
11850
11855
11860
11863
11866
11870
11877
11878
11881
11883
11890
11899
11903
11908
11910
11914
11916
11933
11938
11940
11941
11942
11955
11957
11963
11968
11971
11973
11976
11978
11979
11983
11986
11993
11999
12003
12006
12007
12009
12014
12018
12027
12045
12046
12047
12055
12057
12060
12061
12068
12070
12074
12079
12080
12085
12086
12093
12096
12100
12104
12106
12110
12112
12116
12117
12121
12122
12123
12124
12127
12130
12132
12134
12136
12137
12138
12139
12140
12141
12142
12144
12146
12147
12149
12150
12152
12154
12157
12158
12161
12164
12166
12174
12175
12177
12179
12180
12181
12182
12183
12190
12194
12211
12213
12215
12219
12223
12225
12227
12230
12231
12236
12241
12242
12243
12244
12246
12247
12252
12253
12254
12255
12257
12259
12262
12263
12269
12270
12275
12276
12277
12280
12281
12282
12293
12297
12299
12302
12303
12309
12310
12315
12316
12319
12320
12321
12323
12325
12331
12339
12341
12344
12354
12355
12358
12359
12366
12367
12377
12385
12386
12387
12389
12392
12403
12405
12406
12407
12408
12409
12410
12413
12415
12419
12426
12428
12431
12442
12445
12446
12450
12451
12458
12460
12470
12478
12482
12483
12496
12497
12499
12500
12503
12505
12507
12512
12513
12514
12515
12519
12521
12522
12523
12526
12527
12532
12533
12538
12539
12548
12550
12554
12555
12556
12557
12558
12561
12562
12564
12566
12568
12579
12591
12594
12597
12598
12599
12632
12635
12638
12644
12645
12649
12650
12657
12659
12660
12665
12667
12675
12676
12677
12680
12682
12683
12692
12698
12699
12701
12705
12707
12709
12714
12715
12716
12719
12723
12725
12738
12739
12743
12745
12746
12748
12750
12786
12792
12793
12797
12798
12799
12800
12801
12806
12810
12828
12833
12868
12873
12876
12881
12891
12893
12894
12897
12902
12905
12908
12914
12920
12923
12934
12946
12950
12953
12954
12962
12963
12967
12968
12975
12984
12987
12989
12992
12994
12995
12998
13012
13017
13019
13024
13028
13034
13037
13041
13051
13056
13061
13062
13063
13068
13070
13076
13077
13080
13097
13098
13102
13103
13104
13107
13113
13115
13117
13119
13120
13121
13128
13132
13133
13137
13138
13141
13143
13144
13150
13152
13155
13157
13158
13162
13166
13167
13168
13173
13190
13193
13200
13202
13203
13209
13217
13219
13226
13227
13230
13231
13250
13252
13255
13258
13262
13263
13265
13267
13279
13281
13282
13284
13286
13290
13291
13295
13298
13301
13302
13306
13313
13315
13317
13322
13327
13329
13332
13333
13337
13339
13354
13357
13362
13363
13364
13366
13368
13369
13381
13382
13385
13389
13393
13397
13399
13400
13403
13405
13409
13415
13418
13419
13421
13423
13426
13429
13430
13435
13438
13447
13455
13471
13483
13486
13488
13491
13496
13503
13508
13511
13512
13517
13520
13528
13529
13538
13545
13554
13556
13558
13559
13562
13567
13572
13574
13577
13578
13579
13583
13584
13587
13588
13597
13602
13611
13617
13623
13628
13629
13630
13634
13637
13644
13647
13651
13655
13656
13658
13661
13662
13663
13665
13666
13671
13673
13674
13676
13677
13680
13684
13685
13687
13688
13689
13690
13691
13693
13701
13705
13711
13713
13716
13718
13724
13730
13733
13739
13741
13745
13747
13757
13760
13763
13768
13770
13776
13780
13783
13789
13791
13806
13807
13809
13810
13811
13813
13817
13832
13840
13841
13842
13848
13854
13856
13857
13858
13869
13870
13873
13877
13881
13884
13889
13890
13891
13893
13899
13904
13909
13913
13915
13917
13920
13924
13929
13934
13938
13940
13942
13945
13960
13962
13969
13970
13977
13978
13980
13981
13983
13985
13986
13989
13997
14000
14001
14003
14006
14024
14025
14029
14032
14033
14036
14038
14047
14049
14056
14065
14080
14087
14100
14105
14109
14114
14116
14117
14121
14123
14131
14132
14133
14148
14150
14156
14159
14161
14173
14174
14192
14193
14200
14220
14223
14241
14244
14246
14248
14256
14261
14265
14275
14282
14289
14293
14297
14312
14322
14334
14337
14344
14355
14374
14383
14385
14386
14389
14400
14443
14447
14454
14467
14471
14474
14500
14521
14528
14534
14535
14550
14554
14557
14559
14563
14564
14567
14574
14575
14581
14589
14592
14593
14594
14602
14608
14614
14619
14620
14622
14626
14627
14628
14640
14646
14651
14652
14658
14659
14662
14663
14664
14665
14666
14667
14669
14670
14671
14675
14679
14682
14689
14690
14703
14705
14708
14713
14714
14716
14717
14720
14725
14726
14727
14729
14734
14735
14738
14740
14741
14746
14747
14750
14752
14753
14754
14765
14766
14773
14780
14781
14784
14792
14794
14795
14797
14798
14801
14802
14803
14804
14808
14809
14812
14814
14815
14816
14833
14838
14841
14848
14850
14853
14858
14864
14866
14867
14873
14878
14880
14881
14884
14889
14890
14901
14903
14905
14915
14916
14918
14921
14923
14925
14929
14935
14942
14944
14949
14952
14953
14955
14960
14964
14965
14968
14974
14980
14982
14987
14988
14990
14991
15000
15001
15005
15010
15019
15020
15022
15023
15025
15034
15048
15051
15056
15065
15066
15067
15072
15086
15087
15093
15097
15099
15101
15108
15109
15116
15117
15119
15121
15126
15128
15131
15135
15136
15141
15142
15148
15153
15155
15157
15159
15167
15170
15179
15180
15188
15191
15192
15195
15197
15202
15206
15210
15214
15216
15219
15220
15223
15226
15228
15229
15242
15243
15245
15246
15249
15252
15258
15274
15275
15278
15281
15287
15293
15307
15310
15313
15317
15318
15319
15338
15340
15341
15342
15347
15360
15362
15373
15382
15384
15387
15388
15393
15395
15397
15400
15405
15409
15410
15417
15419
15420
15427
15434
15436
15439
15443
15444
15447
15457
15462
15463
15464
15468
15486
15491
15492
15500
15507
15511
15512
15514
15517
15518
15524
15530
15533
15534
15555
15557
15559
15564
15576
15577
15579
15581
15595
15596
15599
15605
15610
15611
15626
15627
15629
15650
15651
15657
15660
15661
15663
15668
15670
15677
15681
15709
15712
15714
15731
15737
15739
15741
15742
15747
15754
15764
15765
15777
15780
15783
15812
15819
15824
15830
15837
15847
15850
15854
15859
15865
15870
15878
15881
15883
15887
15898
15904
15905
15916
15925
15927
15929
15934
15935
15937
15942
15948
15959
15973
15979
15981
15983
16000
16011
16019
16035
16054
16056
16062
16063
16071
16089
16090
16099
16108
16112
16117
16131
16133
16138
16153
16154
16162
16167
16190
16196
16201
16203
16206
16220
16227
16241
16265
16267
16269
16281
16300
16312
16316
16318
16320
16325
16332
16339
16345
16347
16350
16355
16356
16357
16359
16362
16367
16372
16373
16375
16377
16390
16393
16397
16403
16406
16407
16412
16423
16424
16429
16430
16433
16437
16439
16445
16446
16450
16454
16463
16464
16467
16472
16478
16482
16488
16489
16494
16498
16504
16516
16519
16520
16523
16524
16525
16530
16535
16536
16546
16549
16553
16568
16575
16586
16596
16604
16605
16607
16609
16611
16623
16624
16625
16636
16637
16638
16646
16668
16676
16694
16706
16712
16743
16758
16768
16785
16792
16808
16811
16814
16816
16823
16829
16830
16949
16995
17030
17068
17072
17081
17088
17097
17114
17122
17125
17132
17144
17153
17155
17162
17165
17169
17213
17235
17252
17253
17254
17256
17257
17261
17262
17265
17266
17267
17268
17270
17271
17274
17276
17278
17279
17280
17282
17283
17284
17287
17288
17289
17290
17292
17293
17294
17297
17298
17299
17301
17303
17304
17305
17306
17307
17308
17313
17320
17322
17323
17343
17349
17357
17362
17369
17381
17384
17401
17405
17410
17412
17416
17425
17429
17430
17438
17446
17447
17450
17455
17464
17483
17489
17490
17493
17495
17496
17497
17506
17515
17521
17541
17542
17548
17554
17558
17559
17563
17564
17566
17570
17575
17576
17581
17588
17630
17633
17640
17650
17691
17748
17749
17760
17768
17769
17777
17787
17795
17800
17801
17812
17820
17821
17822
17824
17826
17857
17858
17877
17878
17887
17890
17895
17897
17926
17929
17931
17934
17945
17947
17968
17969
17972
17983
17988
17999
18017
18018
18055
18056
18057
18058
18060
18062
18064
18065
18068
18069
18071
18077
18078
18079
18080
18081
18082
18087
18089
18090
18091
18092
18093
18096
18097
18100
18101
18103
18104
18105
18106
18107
18108
18109
18110
18111
18112
18114
18115
18116
18119
18120
18121
18122
18124
18125
18126
18127
18129
18130
18131
18132
18133
18134
18135
18137
18138
18139
18140
18141
18142
18143
18144
18145
18146
18148
18156
18160
18167
18168
18170
18171
18173
18174
18176
18177
18178
18179
18180
18181
18182
18183
18184
18185
18186
18187
18194
18198
18203
18204
18205
18206
18207
18208
18210
18213
18214
18215
18216
18217
18218
18219
18220
18221
18222
18223
18224
18225
18226
18227
18228
18229
18230
18232
18233
18237
18240
18241
18242
18247
18251
18253
18259
18260
18261
18262
18263
18270
18273
18274
18275
18282
18285
18293
18296
18298
18303
18309
18311
18315
18316
18320
18321
18322
18324
18328
18332
18334
18336
18339
18340
18345
18347
18349
18350
18351
18352
18353
18355
18361
18366
18372
18373
18375
18377
18380
18382
18383
18388
18389
18391
18392
18393
18401
18405
18410
18411
18433
18437
18444
18448
18454
18460
18479
18487
18489
18497
18517
18518
18521
18525
18542
18543
18546
18557
18563
18568
18587
18595
18608
18616
18625
18626
18627
18629
18642
18644
18646
18668
18669
18670
18677
18678
18681
18687
18690
18696
18701
18709
18715
18728
18730
18737
18738
18749
18754
18764
18767
18771
18773
18781
18785
18796
18814
18843
18845
18848
18855
18861
18862
18863
18874
18881
18883
18886
18887
18892
18897
18899
18909
18911
18912
18927
18938
18956
18973
18979
18980
18982
18983
18985
18987
18993
18994
18996
19006
19022
19115
19124
19156
19166
19171
19178
19179
19203
19224
19227
19337
19342
19356
19375
19377
19384
19434
19445
19488
19546
19584
19604
19616
19637
19639
19671
19842
19868
