39
71
77
91
179
304
347
387
388
389
403
427
431
439
440
450
451
505
553
587
601
612
630
672
736
805
806
815
832
845
884
917
927
944
1062
1128
1158
1238
1272
1331
1473
1474
1541
1616
1651
1744
1792
1852
1853
1900
1917
1957
1982
2004
2027
2037
2057
2070
2076
2105
2124
2238
2327
2368
2455
2508
2511
2528
2582
2608
2644
2660
2661
2662
2666
2669
2687
2688
2699
2717
2720
2775
2780
2781
2797
2807
2822
2840
2852
2885
2902
2918
2945
2949
2950
2954
2962
2969
2971
2992
2994
3007
3010
3033
3053
3058
3069
3097
3100
3126
3165
3248
3256
3261
3313
3331
3334
3340
3346
3354
3369
3404
3422
3426
3453
3461
3462
3463
3470
3507
3522
3576
3582
3595
3596
3648
3666
3682
3757
3813
3831
3931
3956
4036
4197
4229
4242
4243
4316
4340
4364
4389
4444
4460
4543
4563
4587
4891
4943
5034
5036
5040
5102
5114
5160
5176
5222
5247
5254
5272
5273
5282
5326
5330
5331
5369
5471
5476
5521
5560
5564
5706
5848
5903
5920
5968
6230
6282
6353
6461
6467
6612
6735
7005
7209
7211
7285
7422
7477
7480
7532
7596
7618
7657
7666
7707
7729
7730
7779
7785
7787
7817
8009
8043
8049
8051
8069
8081
8150
8262
8354
8400
8471
8472
8732
8827
8828
8917
8970
8973
9008
9066
9109
9111
9207
9208
9275
9316
9325
9326
9352
9417
9461
9476
9544
9759
9884
9915
10001
10063
10064
10181
10295
10549
10627
11040
11153
11157
11500
11574
11587
11590
12003
12358
12875
13491
13600
13663
14117
15001
16814
17858
18199
18204
18205
18206
