3
7
8
9
10
11
16
17
23
26
27
29
36
39
50
53
54
58
60
62
64
67
68
71
73
74
77
87
89
92
95
97
98
99
101
103
106
114
115
116
117
119
121
122
123
125
128
130
131
134
135
141
142
143
146
147
152
155
167
168
170
172
173
179
181
182
183
186
189
191
197
200
203
204
205
206
207
208
210
211
217
218
221
224
226
230
237
239
240
247
248
256
259
262
263
264
267
270
272
276
278
279
283
286
287
295
297
298
300
301
303
305
307
313
318
321
322
325
333
339
344
345
347
352
353
363
364
365
366
369
371
372
377
387
393
394
395
400
417
420
427
428
431
432
433
438
442
443
445
446
450
451
454
463
464
467
476
479
481
482
483
490
493
494
502
505
510
513
520
525
526
527
533
534
536
537
538
540
542
547
550
551
553
555
558
564
565
567
569
580
586
587
588
596
597
601
602
607
617
618
625
634
635
637
638
640
650
651
652
655
656
660
663
665
667
670
671
672
673
682
689
693
700
707
708
709
710
711
712
716
717
721
725
727
736
739
744
759
770
774
780
782
786
788
801
804
805
806
810
815
820
825
826
827
829
830
831
832
836
848
850
853
855
864
865
869
870
874
875
878
879
880
881
883
884
888
889
903
917
920
921
922
923
927
929
933
934
940
941
944
956
958
967
968
969
971
978
995
999
1006
1011
1020
1024
1025
1027
1029
1030
1032
1043
1057
1061
1062
1065
1068
1071
1077
1078
1082
1088
1092
1097
1098
1105
1112
1132
1133
1146
1147
1158
1161
1162
1163
1166
1172
1175
1179
1181
1184
1190
1191
1200
1209
1210
1213
1237
1238
1244
1245
1250
1269
1271
1272
1274
1276
1279
1284
1312
1321
1328
1331
1341
1344
1346
1358
1359
1363
1378
1385
1386
1404
1425
1426
1433
1451
1461
1463
1472
1473
1474
1479
1481
1485
1493
1495
1504
1505
1508
1514
1518
1522
1545
1553
1563
1567
1572
1579
1580
1589
1592
1596
1604
1610
1618
1622
1626
1632
1643
1653
1659
1668
1675
1677
1683
1698
1701
1705
1706
1707
1714
1736
1749
1753
1755
1758
1760
1761
1762
1770
1771
1772
1773
1774
1788
1792
1795
1811
1812
1815
1819
1825
1835
1840
1850
1856
1857
1870
1871
1877
1880
1881
1883
1884
1900
1902
1905
1907
1920
1925
1930
1935
1937
1939
1945
1947
1950
1960
1961
1962
1979
1982
1991
2001
2003
2009
2016
2017
2021
2022
2027
2032
2041
2043
2044
2047
2049
2051
2064
2068
2070
2100
2109
2123
2124
2128
2140
2151
2162
2167
2174
2177
2183
2197
2201
2205
2208
2219
2225
2227
2240
2246
2255
2258
2271
2292
2295
2307
2322
2323
2325
2330
2337
2338
2343
2344
2346
2361
2368
2376
2407
2408
2414
2417
2422
2427
2434
2436
2450
2455
2457
2465
2466
2477
2484
2489
2490
2492
2494
2495
2501
2508
2510
2511
2520
2521
2523
2528
2530
2531
2536
2537
2545
2549
2552
2553
2556
2560
2561
2567
2579
2582
2583
2590
2592
2593
2603
2608
2609
2610
2615
2616
2619
2624
2627
2628
2634
2640
2641
2644
2645
2646
2657
2658
2659
2661
2662
2664
2667
2669
2670
2671
2674
2677
2678
2680
2683
2684
2688
2693
2702
2717
2722
2723
2724
2725
2729
2733
2738
2746
2749
2754
2755
2761
2763
2770
2772
2774
2775
2781
2785
2788
2790
2792
2801
2807
2808
2809
2816
2822
2823
2827
2830
2833
2840
2843
2844
2846
2848
2851
2852
2853
2854
2860
2862
2864
2868
2870
2873
2875
2880
2893
2895
2896
2897
2901
2902
2904
2906
2908
2915
2918
2922
2933
2934
2941
2944
2945
2946
2950
2952
2954
2960
2962
2965
2969
2970
2971
2973
2980
2983
2987
2988
2989
2997
3003
3007
3008
3010
3011
3019
3028
3029
3034
3036
3057
3058
3060
3066
3069
3071
3087
3089
3093
3094
3095
3097
3099
3100
3113
3115
3116
3119
3123
3126
3128
3144
3151
3153
3156
3157
3158
3159
3163
3165
3168
3169
3174
3182
3186
3187
3188
3206
3207
3214
3217
3232
3234
3237
3238
3240
3242
3245
3249
3250
3255
3256
3264
3265
3282
3285
3286
3289
3291
3299
3300
3301
3302
3308
3314
3315
3316
3322
3324
3331
3334
3340
3345
3347
3354
3357
3359
3361
3365
3379
3383
3384
3385
3398
3403
3404
3410
3412
3413
3416
3419
3420
3423
3426
3440
3441
3450
3452
3453
3455
3461
3462
3463
3466
3470
3473
3474
3475
3476
3480
3483
3487
3489
3491
3493
3495
3503
3509
3511
3515
3520
3529
3532
3534
3540
3544
3546
3549
3550
3552
3553
3554
3556
3557
3559
3564
3565
3571
3572
3574
3576
3578
3579
3581
3591
3592
3595
3596
3597
3601
3604
3606
3609
3610
3612
3623
3624
3625
3626
3630
3631
3632
3635
3638
3642
3651
3654
3655
3657
3658
3661
3662
3668
3671
3682
3683
3692
3697
3698
3699
3702
3703
3704
3705
3706
3707
3709
3714
3715
3717
3719
3722
3727
3729
3732
3733
3734
3742
3744
3749
3752
3753
3754
3757
3766
3772
3782
3791
3800
3813
3818
3821
3824
3826
3827
3828
3829
3831
3834
3835
3839
3843
3855
3864
3865
3866
3867
3868
3869
3870
3878
3886
3887
3896
3897
3901
3912
3913
3919
3921
3922
3924
3931
3956
3960
3961
3962
3963
3968
3973
3974
3977
3979
3981
3982
3984
3988
3990
3993
3995
4006
4009
4020
4026
4033
4034
4035
4036
4054
4064
4066
4070
4076
4094
4097
4098
4103
4107
4108
4111
4113
4118
4119
4122
4124
4127
4131
4135
4143
4149
4151
4162
4164
4165
4169
4188
4198
4201
4205
4208
4212
4214
4215
4220
4228
4232
4250
4251
4265
4280
4283
4289
4298
4300
4307
4316
4321
4324
4329
4330
4331
4335
4350
4351
4352
4362
4368
4371
4376
4377
4389
4390
4393
4405
4412
4424
4428
4430
4441
4443
4444
4446
4449
4453
4455
4456
4460
4470
4476
4485
4486
4487
4489
4490
4491
4495
4496
4497
4502
4513
4514
4523
4528
4533
4536
4539
4549
4568
4572
4581
4583
4585
4587
4596
4597
4603
4606
4615
4629
4632
4633
4637
4640
4646
4651
4655
4660
4674
4676
4698
4699
4702
4703
4715
4716
4719
4726
4734
4740
4753
4757
4765
4766
4767
4785
4798
4803
4809
4812
4816
4834
4841
4843
4847
4849
4853
4857
4861
4866
4873
4877
4878
4879
4880
4881
4882
4883
4888
4894
4895
4900
4907
4909
4915
4917
4919
4920
4921
4927
4946
4951
4959
4961
4973
4979
4993
4994
4997
4998
4999
5008
5025
5034
5035
5036
5038
5040
5041
5048
5062
5066
5068
5072
5082
5102
5110
5114
5123
5126
5172
5176
5186
5189
5228
5233
5247
5254
5268
5272
5273
5282
5292
5293
5294
5300
5303
5315
5316
5319
5321
5326
5330
5331
5334
5335
5357
5364
5369
5379
5383
5389
5399
5400
5402
5408
5413
5416
5438
5447
5466
5470
5494
5504
5511
5512
5521
5526
5531
5544
5551
5563
5566
5571
5573
5574
5575
5576
5577
5583
5585
5590
5591
5592
5599
5601
5602
5618
5633
5638
5651
5652
5660
5662
5669
5671
5674
5675
5679
5681
5682
5699
5706
5712
5719
5720
5721
5724
5725
5726
5729
5730
5735
5749
5755
5764
5767
5768
5770
5771
5780
5783
5784
5790
5791
5794
5804
5806
5815
5817
5822
5834
5840
5850
5860
5866
5867
5869
5875
5877
5880
5885
5886
5887
5891
5892
5902
5903
5904
5927
5938
5946
5952
5953
5954
5957
5961
5966
5968
5971
5984
5985
5987
5992
5994
5999
6001
6025
6037
6038
6057
6060
6061
6066
6079
6086
6087
6088
6093
6104
6108
6109
6114
6116
6122
6141
6157
6158
6162
6171
6182
6185
6186
6187
6205
6223
6224
6230
6242
6246
6250
6251
6252
6253
6261
6262
6275
6276
6277
6279
6281
6291
6296
6314
6321
6332
6341
6342
6355
6357
6358
6361
6362
6366
6367
6368
6372
6373
6385
6388
6389
6396
6424
6425
6432
6433
6434
6446
6461
6463
6478
6484
6488
6491
6492
6507
6508
6509
6533
6536
6541
6549
6553
6555
6557
6564
6566
6580
6589
6596
6609
6612
6622
6624
6628
6630
6638
6660
6661
6662
6667
6675
6680
6702
6703
6704
6727
6739
6741
6752
6753
6755
6756
6757
6767
6770
6787
6804
6807
6812
6818
6821
6858
6863
6872
6881
6886
6891
6893
6894
6895
6903
6910
6911
6915
6917
6935
6936
6938
6945
6956
6968
6980
6981
7009
7012
7037
7040
7046
7048
7065
7074
7081
7091
7093
7097
7103
7104
7140
7148
7151
7167
7169
7172
7175
7181
7192
7199
7204
7205
7209
7211
7221
7222
7223
7224
7225
7232
7234
7235
7236
7240
7246
7249
7265
7267
7270
7273
7285
7290
7292
7298
7317
7319
7324
7343
7368
7379
7398
7401
7412
7414
7417
7437
7439
7441
7453
7460
7463
7475
7478
7491
7496
7501
7508
7515
7519
7530
7532
7533
7534
7538
7547
7560
7562
7567
7572
7574
7583
7589
7590
7598
7601
7602
7608
7614
7620
7622
7637
7638
7641
7654
7661
7664
7666
7679
7680
7685
7694
7707
7709
7711
7714
7725
7727
7734
7740
7747
7757
7793
7808
7816
7817
7825
7827
7834
7837
7851
7852
7855
7858
7863
7865
7869
7874
7879
7886
7902
7905
7907
7932
7951
7969
7971
7980
7987
7994
7997
7998
8009
8016
8041
8049
8051
8052
8053
8064
8070
8071
8074
8075
8077
8081
8084
8106
8108
8113
8126
8131
8134
8138
8143
8161
8167
8168
8174
8188
8194
8209
8215
8233
8234
8245
8256
8270
8276
8278
8279
8286
8314
8315
8320
8345
8354
8367
8368
8377
8388
8392
8394
8397
8400
8404
8413
8415
8416
8418
8419
8426
8437
8443
8458
8471
8472
8473
8476
8477
8480
8492
8496
8497
8512
8518
8522
8525
8530
8537
8540
8606
8616
8635
8648
8652
8659
8704
8732
8736
8745
8746
8783
8785
8786
8799
8818
8824
8828
8830
8836
8837
8847
8877
8916
8917
8924
8940
8944
8945
8947
8953
8954
8999
9006
9007
9010
9014
9021
9025
9031
9037
9049
9054
9057
9066
9067
9071
9074
9078
9079
9092
9094
9106
9109
9111
9153
9154
9157
9163
9165
9169
9179
9207
9238
9275
9282
9297
9312
9315
9316
9325
9334
9343
9350
9360
9364
9376
9390
9428
9432
9441
9442
9454
9461
9471
9476
9478
9481
9490
9512
9524
9532
9538
9540
9552
9556
9563
9565
9574
9578
9581
9594
9598
9601
9613
9626
9637
9638
9652
9694
9697
9712
9715
9716
9724
9727
9742
9747
9749
9783
9810
9816
9818
9824
9826
9827
9829
9840
9847
9861
9868
9881
9899
9915
9920
9935
9948
9976
9977
9995
10000
10019
10029
10034
10035
10045
10058
10063
10080
10088
10091
10101
10113
10114
10132
10152
10165
10170
10187
10210
10213
10219
10232
10249
10265
10266
10272
10307
10315
10349
10352
10354
10359
10365
10380
10384
10388
10398
10404
10410
10413
10424
10432
10445
10471
10478
10513
10519
10532
10543
10545
10551
10556
10562
10578
10583
10595
10622
10626
10636
10642
10647
10651
10670
10675
10677
10681
10701
10702
10710
10716
10728
10731
10778
10781
10783
10785
10791
10796
10799
10801
10803
10813
10814
10822
10823
10829
10876
10908
10909
10912
10924
10964
11009
11022
11031
11040
11070
11093
11097
11105
11107
11127
11143
11146
11154
11178
11209
11210
11213
11251
11255
11299
11314
11327
11348
11390
11418
11448
11450
11462
11464
11484
11500
11529
11535
11541
11543
11547
11554
11568
11585
11611
11637
11654
11662
11676
11685
11695
11704
11708
11751
11809
11824
11851
11856
11874
11876
11943
11955
11965
11998
11999
12003
12021
12042
12083
12125
12132
12133
12139
12140
12141
12146
12147
12150
12154
12156
12160
12161
12179
12214
12236
12237
12243
12247
12249
12260
12269
12277
12293
12304
12316
12322
12341
12346
12357
12363
12377
12389
12403
12501
12512
12522
12540
12576
12582
12585
12586
12591
12592
12615
12620
12642
12649
12663
12665
12668
12693
12713
12716
12727
12730
12740
12757
12798
12826
12833
12863
12892
12907
12911
12923
12943
12965
12971
12977
12994
12996
13019
13036
13102
13112
13134
13137
13155
13161
13203
13227
13231
13239
13262
13267
13276
13314
13325
13356
13403
13431
13462
13464
13472
13480
13492
13527
13530
13561
13562
13609
13637
13647
13663
13666
13673
13674
13690
13693
13735
13741
13761
13763
13780
13792
13821
13825
13832
13833
13835
13836
13842
13844
13850
13864
13870
13877
13892
13899
13906
13926
13931
13938
13962
13985
14005
14008
14029
14056
14057
14083
14100
14117
14125
14173
14187
14205
14227
14263
14268
14281
14289
14291
14362
14405
14410
14411
14427
14467
14469
14526
14534
14543
14585
14586
14638
14647
14648
14650
14659
14665
14672
14679
14682
14717
14718
14720
14745
14753
14786
14807
14808
14810
14816
14825
14832
14845
14851
14873
14882
14889
14924
14931
14935
14944
14946
14955
14982
14995
15000
15010
15031
15036
15044
15045
15097
15101
15116
15142
15171
15184
15187
15207
15209
15216
15232
15245
15260
15261
15281
15317
15332
15349
15366
15367
15370
15383
15394
15398
15474
15514
15515
15517
15548
15566
15574
15576
15579
15606
15610
15648
15650
15663
15664
15695
15696
15697
15698
15699
15700
15701
15702
15703
15704
15705
15706
15707
15708
15709
15710
15711
15712
15713
15714
15715
15716
15717
15718
15719
15720
15721
15722
15723
15724
15725
15726
15727
15728
15729
15730
15731
15732
15733
15734
15735
15736
15737
15738
15862
15865
15867
15870
15872
15883
15885
15886
15888
15889
15901
16001
16020
16054
16117
16118
16148
16162
16164
16170
16201
16219
16225
16269
16276
16315
16344
16476
16517
16520
16570
16582
16596
16611
16619
16714
16739
16791
16804
16827
17094
17144
17155
17249
17250
17251
17252
17253
17254
17255
17256
17257
17258
17259
17260
17261
17262
17263
17264
17265
17266
17267
17268
17269
17270
17271
17272
17273
17274
17275
17276
17278
17279
17280
17281
17282
17283
17284
17285
17286
17287
17288
17289
17290
17291
17292
17293
17294
17295
17296
17297
17298
17299
17300
17301
17302
17303
17304
17305
17306
17307
17308
17309
17310
17311
17313
17320
17425
17428
17436
17471
17493
17535
17558
17559
17568
17628
17629
17638
17639
17834
17858
17921
17922
17923
17924
17925
17926
17927
17928
17929
17930
17931
17932
17933
17934
17935
17936
17937
17959
18169
18196
18316
18377
18553
19383
