1
8
9
15
16
17
22
23
26
39
46
47
48
53
54
55
57
62
68
69
71
72
74
77
79
82
83
85
86
88
89
93
97
98
101
108
111
112
116
119
122
130
131
132
142
152
162
167
170
181
191
194
197
204
205
206
207
217
228
236
239
247
264
268
271
278
279
283
284
287
297
300
303
305
306
307
313
321
323
346
347
349
377
387
402
404
418
419
427
431
432
435
438
439
442
445
450
451
452
454
474
475
481
493
501
504
505
513
519
534
536
538
547
553
554
555
567
574
585
591
607
612
640
648
651
652
657
662
665
673
680
703
708
709
725
734
735
736
737
739
748
752
754
755
759
765
768
774
777
782
787
789
792
796
804
805
806
807
810
812
818
819
820
824
827
829
832
839
847
850
857
863
865
868
872
876
888
891
900
920
921
929
931
932
934
944
945
963
965
971
973
974
980
1002
1006
1008
1011
1019
1024
1025
1029
1030
1031
1033
1040
1043
1057
1062
1069
1076
1083
1085
1086
1096
1097
1098
1106
1127
1141
1156
1159
1161
1181
1199
1206
1227
1231
1232
1237
1241
1243
1249
1250
1256
1269
1272
1274
1279
1280
1288
1293
1303
1309
1327
1328
1355
1368
1370
1378
1387
1395
1400
1404
1419
1422
1425
1433
1447
1463
1464
1465
1467
1473
1474
1475
1479
1480
1495
1504
1545
1556
1563
1572
1579
1589
1601
1622
1637
1647
1655
1664
1697
1705
1732
1737
1744
1758
1761
1764
1769
1773
1791
1792
1798
1802
1808
1811
1820
1821
1848
1850
1856
1870
1874
1880
1881
1894
1900
1905
1907
1909
1918
1919
1923
1929
1931
1932
1935
1937
1947
1950
1956
1959
1960
1972
1977
1985
1989
2003
2009
2015
2016
2027
2037
2041
2052
2053
2064
2068
2070
2089
2092
2099
2124
2133
2136
2140
2146
2150
2155
2167
2168
2176
2178
2190
2192
2194
2196
2197
2224
2229
2232
2235
2238
2249
2251
2252
2253
2254
2256
2260
2289
2307
2308
2315
2324
2337
2359
2361
2369
2373
2379
2383
2394
2398
2416
2422
2424
2434
2436
2464
2473
2489
2505
2508
2518
2521
2522
2523
2525
2536
2539
2545
2548
2565
2566
2569
2581
2582
2595
2598
2603
2615
2616
2619
2622
2623
2624
2625
2628
2644
2646
2647
2650
2651
2655
2657
2659
2661
2662
2666
2669
2671
2678
2682
2685
2687
2689
2712
2715
2717
2723
2725
2728
2747
2757
2761
2763
2765
2766
2774
2775
2779
2787
2790
2807
2811
2814
2820
2825
2832
2836
2837
2838
2850
2852
2857
2861
2865
2885
2897
2902
2907
2912
2915
2916
2919
2920
2922
2935
2941
2945
2946
2949
2950
2951
2961
2964
2978
2987
2991
3003
3007
3010
3013
3018
3021
3030
3033
3060
3064
3065
3091
3094
3097
3100
3110
3116
3126
3133
3139
3143
3162
3163
3165
3168
3174
3177
3180
3186
3200
3203
3205
3211
3226
3234
3239
3242
3248
3250
3254
3262
3263
3264
3268
3279
3288
3289
3290
3293
3296
3313
3315
3322
3323
3324
3325
3332
3357
3369
3376
3379
3382
3384
3385
3397
3398
3401
3404
3405
3422
3424
3450
3452
3453
3461
3462
3470
3473
3476
3479
3489
3492
3504
3506
3510
3511
3522
3525
3529
3532
3534
3544
3553
3556
3560
3567
3573
3574
3575
3576
3583
3603
3604
3607
3609
3614
3616
3620
3623
3624
3625
3630
3632
3648
3650
3651
3656
3682
3687
3689
3690
3698
3699
3702
3704
3706
3707
3722
3725
3732
3733
3734
3753
3757
3759
3760
3763
3764
3766
3773
3777
3799
3803
3813
3815
3818
3827
3829
3849
3864
3866
3867
3868
3887
3889
3898
3900
3902
3954
3958
3959
3968
3982
3986
3988
3999
4000
4006
4013
4019
4022
4030
4045
4056
4084
4096
4107
4108
4115
4118
4131
4134
4145
4155
4159
4190
4195
4205
4206
4208
4215
4219
4224
4243
4250
4252
4258
4264
4292
4309
4311
4312
4317
4330
4334
4336
4340
4358
4378
4389
4390
4391
4398
4407
4415
4425
4430
4455
4459
4466
4474
4478
4490
4493
4495
4496
4502
4504
4511
4517
4539
4540
4546
4548
4551
4555
4561
4567
4618
4623
4668
4674
4676
4677
4693
4700
4707
4708
4709
4710
4718
4726
4742
4763
4766
4776
4778
4794
4799
4808
4814
4816
4817
4820
4833
4837
4846
4851
4863
4878
4879
4882
4883
4884
4886
4887
4888
4909
4910
4919
4920
4924
4927
4928
4940
4943
4946
4955
4957
4959
4969
4971
4973
4980
4981
4984
4994
5010
5013
5028
5035
5041
5044
5052
5066
5074
5076
5082
5087
5121
5124
5134
5148
5152
5176
5177
5222
5233
5234
5240
5242
5247
5254
5262
5263
5264
5268
5271
5282
5295
5300
5302
5309
5322
5326
5330
5331
5335
5368
5369
5382
5388
5392
5399
5408
5409
5423
5428
5435
5438
5449
5464
5476
5479
5480
5496
5499
5500
5513
5515
5516
5519
5534
5544
5560
5581
5583
5589
5598
5605
5617
5624
5630
5638
5648
5650
5651
5660
5670
5689
5690
5700
5708
5719
5720
5730
5734
5742
5756
5766
5767
5778
5780
5790
5795
5798
5805
5806
5812
5835
5844
5857
5875
5880
5897
5901
5908
5936
5938
5947
5950
5953
5956
5963
5967
6031
6035
6039
6045
6050
6077
6078
6093
6104
6107
6114
6122
6140
6159
6171
6211
6217
6225
6227
6235
6272
6274
6277
6321
6327
6351
6367
6371
6389
6393
6409
6410
6418
6427
6455
6489
6514
6519
6548
6556
6557
6561
6564
6574
6576
6586
6590
6591
6596
6602
6609
6615
6649
6675
6679
6689
6700
6701
6729
6740
6741
6761
6763
6790
6792
6798
6800
6801
6804
6807
6812
6836
6837
6859
6885
6906
6922
6926
6928
6933
6934
6963
6964
6967
6970
6973
6977
6979
6992
6993
6994
7005
7027
7034
7081
7097
7104
7108
7131
7132
7154
7175
7176
7208
7209
7213
7225
7238
7250
7268
7279
7281
7290
7296
7298
7300
7302
7326
7347
7359
7377
7379
7405
7409
7411
7412
7443
7448
7461
7480
7508
7517
7532
7533
7547
7552
7565
7567
7570
7571
7572
7573
7580
7588
7593
7596
7608
7610
7615
7617
7618
7623
7630
7633
7635
7638
7640
7641
7644
7662
7665
7686
7695
7706
7718
7748
7756
7772
7774
7775
7781
7816
7817
7822
7830
7835
7836
7837
7848
7868
7869
7873
7874
7891
7899
7904
7907
7915
7924
7928
7934
7935
7956
7971
7984
7987
8021
8041
8049
8075
8077
8080
8084
8100
8104
8106
8113
8116
8117
8119
8140
8160
8161
8171
8195
8227
8228
8229
8233
8234
8249
8253
8266
8267
8276
8291
8308
8313
8317
8320
8334
8338
8354
8371
8372
8392
8412
8416
8428
8444
8451
8454
8455
8461
8469
8471
8472
8484
8491
8510
8512
8516
8522
8533
8537
8541
8586
8594
8603
8612
8645
8648
8650
8659
8684
8705
8732
8733
8736
8746
8775
8782
8785
8789
8811
8824
8828
8829
8847
8856
8860
8866
8868
8876
8897
8907
8917
8939
8947
8974
8986
8995
9030
9048
9066
9085
9095
9096
9097
9103
9109
9125
9127
9141
9185
9187
9199
9207
9209
9210
9219
9229
9269
9276
9290
9320
9325
9337
9343
9361
9367
9377
9390
9417
9441
9453
9460
9474
9494
9510
9518
9530
9532
9540
9552
9556
9560
9561
9564
9569
9571
9573
9576
9582
9588
9613
9621
9652
9653
9693
9695
9724
9802
9810
9825
9828
9833
9835
9847
9849
9852
9884
9886
9906
9911
9914
9951
9968
9975
9990
10034
10049
10063
10071
10075
10104
10121
10146
10151
10154
10169
10173
10180
10181
10188
10201
10209
10222
10237
10240
10252
10312
10339
10383
10395
10399
10434
10442
10480
10494
10543
10605
10607
10614
10627
10636
10647
10674
10708
10718
10727
10775
10779
10791
10843
10860
10884
10889
10892
10912
10920
10921
10931
10950
10990
11014
11030
11033
11036
11040
11047
11064
11069
11082
11115
11116
11127
11144
11181
11182
11212
11218
11306
11327
11331
11348
11383
11387
11413
11439
11448
11450
11455
11483
11513
11527
11541
11545
11553
11556
11570
11574
11585
11639
11661
11716
11729
11731
11737
11747
11751
11758
11781
11784
11855
11914
11960
11980
12006
12007
12080
12112
12121
12139
12140
12142
12144
12150
12157
12225
12231
12234
12247
12263
12288
12345
12392
12408
12442
12526
12548
12557
12566
12568
12594
12597
12599
12626
12677
12680
12682
12705
12714
12716
12876
12902
12956
12963
12994
12998
13037
13217
13267
13275
13282
13291
13306
13327
13339
13340
13357
13366
13418
13442
13448
13483
13491
13514
13515
13517
13527
13591
13610
13616
13656
13666
13673
13677
13692
13703
13711
13718
13776
13846
13856
13869
13915
13945
13976
14003
14017
14025
14097
14165
14244
14274
14312
14324
14383
14393
14447
14467
14552
14564
14570
14574
14594
14659
14703
14709
14726
14765
14799
14802
14804
14845
14866
14873
14903
14914
14929
14952
15005
15023
15051
15067
15087
15117
15153
15180
15210
15275
15310
15346
15373
15384
15393
15400
15427
15436
15557
15634
15651
15661
15668
15712
15755
15771
15837
15847
15867
15981
15997
16011
16019
16071
16110
16153
16154
16201
16206
16267
16300
16316
16355
16363
16390
16407
16464
16487
16499
16524
16574
16609
16636
16639
16704
16765
17068
17113
17249
17254
17271
17278
17288
17290
17300
17313
17402
17455
17489
17493
17496
17543
17558
17575
17577
17639
17795
17812
17824
17878
18056
18060
18062
18071
18093
18112
18127
18129
18130
18132
18143
18145
18146
18179
18181
18182
18186
18204
18210
18215
18221
18222
18223
18241
18270
18282
18311
18328
18332
18336
18350
18355
18361
18366
18398
18433
18487
18490
18518
18525
18650
18658
18709
18749
18795
18804
18858
18982
18992
19178
19356
