0
6
7
8
9
10
12
15
17
20
23
26
29
31
36
37
39
42
48
51
52
53
54
59
60
63
65
67
68
69
70
72
74
76
77
78
80
82
83
85
86
87
89
91
93
98
101
108
110
113
115
117
119
123
124
125
126
127
128
130
132
134
135
137
138
139
142
144
146
150
152
155
157
162
164
165
166
167
169
176
178
179
181
183
188
189
190
191
193
200
201
204
205
206
207
209
211
212
214
217
218
219
227
230
237
244
250
253
254
255
256
262
264
272
273
275
280
282
287
288
293
295
297
298
300
303
304
307
312
313
320
321
322
324
331
344
347
349
351
360
362
363
370
371
376
378
379
383
384
386
388
389
394
399
400
402
403
409
410
415
419
421
423
424
425
426
427
428
430
431
432
437
438
439
441
442
445
446
450
451
454
463
465
470
477
479
485
491
492
494
500
503
505
510
511
513
514
516
518
519
523
525
529
532
533
534
536
538
539
541
546
548
552
553
554
555
563
565
567
569
573
575
579
582
585
587
596
599
601
602
608
619
620
621
628
631
634
635
636
638
640
648
652
653
658
659
663
664
670
671
672
673
680
681
682
685
690
692
696
698
700
701
703
710
719
721
727
733
734
736
739
744
751
754
757
759
760
765
768
773
774
775
777
778
779
781
782
788
790
792
795
796
800
801
803
805
806
808
809
810
814
815
817
824
825
826
827
830
837
839
843
850
855
856
860
865
869
870
878
884
885
886
887
889
891
895
902
903
904
906
909
911
912
918
919
920
921
927
930
937
938
940
942
944
953
954
955
963
964
966
973
974
975
976
978
980
984
987
990
996
999
1008
1012
1013
1016
1019
1022
1024
1025
1029
1030
1031
1033
1037
1038
1040
1041
1043
1044
1048
1056
1060
1062
1064
1066
1067
1073
1074
1075
1077
1082
1084
1092
1096
1098
1103
1109
1110
1122
1124
1127
1129
1142
1143
1145
1149
1156
1157
1158
1159
1161
1162
1165
1179
1181
1184
1191
1198
1199
1200
1204
1208
1209
1210
1213
1220
1223
1231
1232
1244
1245
1248
1251
1258
1264
1271
1279
1285
1286
1297
1300
1302
1304
1308
1310
1312
1323
1325
1327
1328
1331
1341
1343
1347
1348
1349
1350
1352
1355
1356
1366
1369
1372
1378
1379
1385
1386
1389
1392
1403
1407
1409
1410
1414
1419
1426
1429
1430
1432
1436
1444
1447
1450
1451
1455
1463
1465
1466
1468
1472
1473
1475
1479
1480
1483
1487
1488
1490
1494
1495
1503
1507
1514
1520
1523
1536
1541
1542
1545
1548
1563
1570
1573
1579
1589
1590
1592
1596
1599
1609
1610
1624
1625
1627
1629
1637
1644
1659
1665
1667
1668
1679
1683
1687
1694
1697
1705
1726
1729
1731
1736
1742
1744
1747
1758
1760
1762
1764
1766
1772
1773
1774
1777
1789
1791
1792
1798
1799
1804
1810
1811
1813
1828
1830
1840
1841
1850
1852
1853
1857
1866
1867
1877
1880
1887
1897
1900
1904
1909
1915
1916
1918
1919
1920
1925
1935
1937
1941
1945
1947
1950
1956
1957
1969
1974
1977
1980
1982
1985
1990
1995
1996
2005
2007
2009
2011
2015
2019
2021
2027
2028
2029
2032
2033
2037
2041
2044
2047
2048
2052
2053
2057
2064
2070
2073
2075
2076
2079
2089
2090
2092
2096
2098
2099
2103
2105
2109
2112
2114
2116
2124
2130
2133
2134
2140
2150
2154
2157
2159
2165
2167
2174
2176
2177
2183
2188
2190
2194
2196
2197
2199
2201
2202
2212
2214
2219
2223
2224
2232
2235
2238
2239
2248
2250
2256
2286
2293
2300
2309
2311
2316
2317
2322
2329
2336
2341
2348
2359
2364
2366
2367
2368
2369
2375
2385
2393
2394
2402
2403
2404
2412
2413
2423
2424
2430
2432
2434
2436
2440
2444
2450
2459
2464
2466
2473
2480
2481
2484
2486
2489
2494
2497
2498
2499
2501
2503
2508
2509
2513
2514
2518
2521
2523
2526
2529
2531
2544
2545
2548
2549
2550
2552
2559
2564
2567
2568
2571
2572
2574
2581
2582
2586
2587
2590
2593
2599
2601
2604
2606
2608
2613
2615
2616
2622
2628
2634
2637
2640
2641
2644
2645
2646
2647
2648
2650
2651
2658
2660
2662
2666
2669
2670
2674
2678
2680
2681
2682
2684
2692
2695
2696
2699
2701
2702
2710
2711
2713
2714
2715
2717
2719
2720
2721
2722
2724
2725
2726
2732
2733
2734
2738
2739
2747
2749
2753
2754
2755
2757
2758
2759
2762
2763
2765
2769
2771
2774
2775
2778
2781
2783
2784
2787
2790
2792
2795
2798
2802
2807
2811
2816
2822
2828
2829
2832
2835
2844
2845
2846
2848
2852
2854
2857
2858
2859
2861
2865
2882
2885
2886
2888
2889
2893
2894
2897
2898
2899
2900
2901
2903
2907
2910
2911
2912
2917
2922
2926
2931
2933
2939
2943
2945
2946
2951
2954
2958
2963
2965
2967
2968
2970
2976
2977
2978
2979
2988
2989
2994
2997
3002
3007
3008
3011
3016
3029
3030
3039
3044
3047
3049
3050
3052
3053
3060
3061
3065
3073
3084
3091
3092
3094
3095
3098
3100
3105
3106
3108
3112
3115
3116
3120
3124
3128
3130
3132
3139
3140
3150
3152
3153
3154
3156
3157
3159
3160
3163
3165
3168
3169
3170
3171
3183
3186
3193
3203
3205
3206
3207
3208
3209
3211
3213
3216
3217
3223
3227
3232
3233
3237
3238
3243
3244
3249
3250
3251
3254
3256
3259
3262
3264
3265
3266
3271
3275
3279
3285
3292
3295
3296
3297
3299
3301
3302
3306
3309
3313
3322
3325
3328
3329
3330
3331
3334
3336
3340
3341
3343
3344
3346
3349
3350
3354
3357
3359
3361
3363
3367
3368
3369
3372
3375
3376
3383
3387
3398
3403
3404
3410
3412
3413
3415
3416
3421
3422
3424
3426
3430
3435
3437
3438
3441
3450
3451
3452
3453
3455
3456
3457
3459
3461
3462
3463
3465
3466
3470
3473
3474
3475
3476
3477
3478
3479
3482
3483
3484
3485
3487
3488
3489
3491
3502
3505
3506
3507
3509
3510
3511
3512
3520
3521
3523
3524
3525
3526
3529
3533
3538
3539
3540
3543
3544
3547
3551
3552
3553
3554
3556
3558
3560
3565
3567
3568
3570
3571
3576
3578
3579
3580
3582
3583
3584
3590
3592
3596
3603
3604
3605
3606
3607
3608
3609
3610
3611
3612
3613
3614
3617
3618
3619
3623
3624
3625
3626
3632
3637
3639
3646
3648
3650
3651
3652
3662
3665
3667
3676
3682
3683
3689
3692
3693
3694
3701
3702
3703
3705
3706
3707
3708
3710
3713
3714
3719
3720
3721
3722
3729
3730
3731
3733
3734
3735
3737
3743
3746
3752
3753
3755
3756
3757
3763
3764
3766
3772
3773
3775
3776
3779
3782
3784
3786
3791
3795
3799
3802
3803
3813
3815
3818
3819
3821
3823
3824
3825
3828
3831
3833
3834
3838
3839
3840
3844
3845
3848
3852
3853
3856
3857
3859
3860
3863
3865
3867
3868
3870
3871
3874
3887
3888
3896
3898
3900
3901
3916
3919
3921
3922
3923
3924
3932
3943
3945
3946
3958
3961
3963
3968
3970
3971
3972
3983
3994
3997
3999
4000
4005
4006
4008
4009
4012
4016
4018
4023
4024
4032
4033
4036
4045
4046
4050
4054
4069
4071
4076
4077
4079
4080
4082
4084
4101
4103
4107
4111
4113
4115
4118
4119
4120
4122
4125
4134
4145
4146
4148
4153
4155
4156
4157
4159
4162
4179
4184
4186
4188
4191
4194
4195
4200
4201
4215
4217
4220
4229
4231
4232
4242
4250
4253
4254
4256
4261
4275
4276
4280
4290
4291
4292
4293
4294
4297
4303
4308
4311
4316
4323
4340
4347
4350
4352
4354
4355
4358
4359
4362
4364
4373
4376
4383
4384
4388
4389
4390
4397
4399
4405
4406
4412
4421
4425
4430
4432
4441
4446
4451
4454
4470
4475
4476
4477
4478
4479
4486
4488
4491
4495
4500
4501
4502
4506
4510
4513
4518
4522
4539
4545
4551
4555
4556
4558
4560
4561
4566
4587
4588
4594
4595
4596
4597
4600
4610
4615
4622
4626
4629
4630
4632
4633
4634
4635
4642
4647
4651
4654
4660
4671
4673
4679
4683
4685
4695
4698
4699
4702
4703
4706
4707
4708
4715
4718
4719
4721
4723
4724
4726
4728
4734
4737
4740
4759
4760
4763
4765
4766
4787
4790
4794
4800
4801
4803
4812
4813
4816
4817
4828
4830
4833
4840
4841
4846
4847
4855
4859
4866
4869
4881
4882
4883
4886
4891
4894
4898
4909
4910
4915
4917
4918
4919
4920
4924
4930
4931
4937
4943
4944
4959
4961
4962
4970
4972
4973
4979
4980
4981
4988
4996
4997
4998
5001
5002
5005
5009
5017
5019
5030
5036
5040
5042
5045
5051
5052
5062
5064
5074
5082
5096
5110
5111
5113
5115
5116
5120
5121
5123
5124
5129
5133
5135
5148
5153
5154
5156
5158
5160
5167
5176
5179
5184
5187
5193
5195
5205
5222
5223
5230
5231
5238
5247
5251
5254
5262
5268
5270
5272
5280
5282
5287
5299
5303
5309
5310
5322
5326
5330
5331
5336
5340
5358
5359
5361
5369
5375
5376
5382
5388
5390
5408
5425
5432
5435
5436
5437
5440
5444
5449
5457
5458
5466
5471
5476
5478
5480
5484
5489
5491
5496
5498
5500
5513
5515
5519
5521
5523
5530
5536
5549
5550
5551
5560
5563
5564
5565
5566
5567
5570
5571
5577
5579
5581
5583
5584
5588
5590
5592
5595
5609
5621
5624
5625
5626
5628
5629
5630
5638
5645
5651
5653
5654
5656
5662
5675
5688
5697
5699
5701
5702
5706
5707
5708
5709
5719
5750
5754
5755
5760
5764
5766
5767
5768
5774
5778
5780
5784
5789
5791
5793
5794
5805
5811
5812
5817
5831
5834
5836
5837
5840
5844
5848
5858
5861
5880
5883
5884
5888
5889
5890
5897
5903
5908
5915
5917
5922
5926
5927
5944
5947
5953
5957
5966
5967
5971
5976
5984
5985
5987
5990
5992
5996
6007
6013
6015
6018
6024
6028
6031
6033
6034
6035
6037
6039
6041
6045
6047
6056
6061
6063
6077
6079
6080
6081
6092
6093
6094
6095
6096
6098
6103
6104
6107
6112
6113
6114
6121
6125
6126
6138
6139
6140
6142
6144
6146
6149
6150
6152
6156
6180
6186
6194
6202
6205
6206
6210
6212
6213
6214
6217
6219
6221
6224
6229
6230
6234
6242
6246
6252
6253
6267
6272
6273
6274
6276
6282
6283
6317
6321
6322
6325
6329
6331
6336
6351
6353
6356
6363
6369
6370
6371
6372
6374
6375
6381
6382
6386
6389
6391
6393
6395
6404
6409
6411
6414
6416
6420
6421
6425
6427
6432
6435
6436
6439
6444
6450
6463
6466
6473
6480
6482
6488
6489
6491
6495
6496
6497
6500
6509
6511
6515
6517
6532
6550
6560
6561
6565
6566
6580
6586
6590
6592
6593
6596
6597
6600
6601
6612
6615
6618
6621
6624
6626
6627
6628
6629
6631
6637
6645
6649
6653
6654
6668
6672
6675
6684
6687
6694
6696
6697
6702
6706
6713
6716
6718
6719
6720
6722
6723
6728
6730
6731
6741
6747
6751
6767
6769
6770
6772
6779
6781
6794
6799
6801
6807
6809
6810
6817
6822
6823
6825
6836
6844
6846
6849
6857
6859
6865
6869
6870
6871
6883
6884
6885
6886
6890
6892
6893
6900
6906
6907
6911
6913
6915
6916
6918
6921
6922
6926
6927
6934
6935
6943
6944
6956
6967
6970
6973
6977
6981
6995
6999
7005
7006
7012
7023
7035
7038
7046
7049
7068
7070
7073
7081
7086
7093
7097
7099
7104
7116
7117
7132
7134
7140
7141
7142
7148
7154
7167
7176
7177
7178
7189
7198
7199
7202
7203
7208
7209
7211
7213
7216
7221
7222
7223
7224
7225
7232
7236
7241
7242
7243
7244
7245
7252
7256
7257
7259
7260
7275
7276
7282
7284
7291
7293
7298
7300
7309
7325
7338
7340
7342
7343
7346
7349
7353
7358
7362
7366
7370
7377
7378
7393
7394
7398
7403
7406
7409
7414
7416
7422
7442
7451
7458
7460
7461
7465
7466
7472
7478
7480
7487
7488
7499
7512
7517
7526
7532
7533
7534
7542
7545
7547
7557
7561
7563
7570
7572
7580
7583
7588
7592
7593
7594
7601
7602
7607
7626
7628
7630
7635
7636
7640
7641
7643
7645
7654
7655
7657
7664
7666
7670
7677
7680
7683
7686
7687
7693
7700
7707
7708
7712
7718
7720
7722
7724
7729
7739
7746
7749
7750
7759
7761
7762
7765
7770
7772
7773
7774
7779
7781
7785
7792
7794
7800
7804
7813
7816
7817
7827
7828
7830
7833
7834
7837
7840
7847
7848
7849
7851
7852
7856
7857
7858
7859
7861
7862
7865
7867
7868
7874
7877
7881
7883
7886
7895
7897
7898
7902
7903
7905
7906
7909
7912
7913
7919
7924
7925
7926
7927
7928
7929
7931
7934
7940
7943
7947
7949
7957
7958
7971
7972
7981
7982
7983
7987
7989
7992
8001
8003
8009
8014
8015
8041
8042
8043
8047
8049
8051
8059
8062
8071
8074
8075
8078
8081
8083
8084
8091
8099
8100
8102
8104
8105
8118
8119
8133
8138
8141
8145
8149
8150
8153
8156
8161
8164
8169
8170
8192
8194
8195
8200
8219
8234
8236
8246
8249
8253
8260
8262
8270
8271
8276
8279
8282
8287
8289
8314
8315
8317
8322
8327
8335
8338
8341
8342
8343
8347
8348
8353
8354
8365
8370
8371
8373
8388
8394
8396
8404
8412
8418
8434
8448
8449
8455
8458
8461
8469
8472
8481
8486
8487
8501
8507
8513
8514
8532
8557
8567
8568
8576
8580
8586
8588
8590
8600
8603
8605
8612
8613
8616
8635
8645
8648
8652
8655
8660
8684
8698
8700
8702
8705
8726
8729
8732
8733
8736
8737
8745
8749
8759
8764
8773
8780
8783
8785
8797
8798
8802
8808
8824
8827
8828
8833
8834
8842
8849
8856
8862
8864
8865
8871
8873
8874
8893
8897
8913
8917
8924
8968
8973
8977
8978
8980
8987
8999
9003
9006
9011
9028
9030
9031
9033
9035
9048
9049
9052
9057
9058
9061
9066
9069
9078
9081
9083
9089
9090
9091
9092
9096
9106
9108
9109
9110
9135
9139
9140
9145
9146
9149
9157
9164
9174
9185
9206
9207
9210
9211
9212
9215
9216
9220
9222
9223
9232
9236
9238
9239
9240
9242
9244
9248
9250
9259
9265
9267
9276
9277
9278
9280
9281
9282
9283
9295
9298
9299
9303
9306
9325
9326
9338
9346
9351
9352
9373
9383
9384
9414
9420
9422
9423
9438
9445
9461
9476
9488
9490
9499
9513
9515
9528
9530
9532
9536
9541
9556
9557
9561
9565
9567
9568
9569
9579
9582
9591
9594
9595
9598
9611
9613
9616
9623
9629
9635
9647
9666
9669
9689
9693
9694
9695
9717
9719
9728
9740
9747
9751
9759
9765
9766
9768
9771
9776
9790
9797
9802
9812
9813
9815
9824
9835
9841
9847
9849
9850
9860
9861
9874
9878
9908
9911
9920
9922
9938
9939
9953
9964
9975
9978
9980
10019
10034
10035
10038
10047
10050
10063
10064
10084
10100
10114
10132
10139
10144
10151
10152
10154
10158
10163
10179
10180
10181
10189
10209
10218
10229
10235
10237
10244
10245
10265
10266
10268
10285
10299
10334
10336
10339
10343
10358
10390
10399
10404
10434
10447
10459
10474
10480
10482
10485
10513
10528
10532
10538
10543
10552
10558
10562
10571
10578
10585
10600
10608
10609
10610
10622
10668
10682
10702
10703
10728
10730
10743
10747
10751
10759
10761
10764
10771
10775
10776
10780
10784
10785
10786
10790
10791
10794
10795
10796
10799
10804
10833
10841
10846
10847
10853
10857
10859
10863
10864
10881
10889
10912
10914
10917
10936
10944
10962
10964
10977
10983
10988
11003
11004
11005
11014
11018
11033
11041
11051
11059
11067
11068
11082
11086
11093
11094
11115
11127
11137
11141
11146
11154
11159
11169
11181
11194
11211
11212
11218
11250
11257
11266
11270
11276
11289
11299
11305
11317
11342
11343
11344
11351
11358
11386
11387
11403
11405
11413
11422
11425
11426
11439
11446
11448
11453
11464
11468
11487
11507
11510
11511
11512
11520
11542
11545
11548
11556
11558
11561
11564
11566
11571
11572
11573
11574
11577
11581
11583
11587
11590
11609
11619
11628
11632
11640
11665
11728
11731
11734
11744
11783
11795
11826
11836
11849
11876
11877
11884
11903
11910
11951
11957
11961
11963
11971
11973
11980
12007
12010
12036
12055
12060
12062
12070
12074
12090
12096
12122
12123
12124
12134
12135
12138
12139
12141
12142
12146
12148
12179
12180
12181
12182
12189
12191
12202
12211
12212
12220
12224
12239
12242
12247
12277
12295
12315
12316
12318
12322
12323
12325
12327
12358
12382
12386
12403
12413
12419
12444
12501
12513
12514
12518
12526
12537
12538
12542
12548
12554
12559
12587
12594
12606
12621
12632
12658
12659
12664
12667
12674
12677
12680
12682
12699
12707
12708
12715
12716
12720
12748
12764
12775
12786
12800
12803
12806
12876
12892
12897
12914
12915
12917
12925
12934
12973
12990
12994
13014
13017
13019
13020
13028
13068
13070
13097
13101
13102
13103
13112
13134
13143
13150
13190
13216
13227
13239
13248
13254
13263
13265
13267
13282
13289
13295
13306
13313
13314
13318
13320
13335
13339
13343
13351
13354
13389
13429
13433
13488
13491
13492
13506
13514
13517
13527
13528
13529
13538
13566
13567
13577
13580
13584
13587
13602
13611
13637
13647
13663
13685
13688
13689
13690
13691
13718
13748
13754
13770
13848
13854
13858
13877
13880
13909
13913
13940
13997
14001
14006
14033
14038
14061
14096
14100
14117
14123
14150
14153
14169
14173
14174
14203
14288
14297
14344
14363
14370
14378
14413
14419
14437
14447
14452
14462
14485
14536
14541
14553
14557
14561
14564
14594
14615
14646
14658
14664
14665
14680
14690
14710
14720
14725
14734
14746
14749
14752
14766
14769
14776
14785
14793
14806
14812
14819
14841
14853
14864
14878
14888
14901
14915
14920
14923
14952
14966
14978
14989
15011
15014
15015
15035
15051
15059
15066
15071
15072
15082
15086
15097
15135
15137
15164
15172
15180
15222
15223
15243
15246
15249
15273
15278
15279
15310
15311
15332
15341
15348
15353
15366
15367
15383
15388
15393
15401
15405
15419
15421
15422
15423
15434
15436
15479
15496
15500
15507
15525
15557
15584
15587
15596
15597
15650
15661
15663
15668
15670
15714
15730
15742
15763
15782
15847
15864
15870
15872
15877
15880
15888
15914
15925
15927
15980
15981
16010
16019
16046
16056
16071
16077
16099
16112
16153
16173
16181
16206
16217
16220
16262
16276
16316
16320
16340
16372
16377
16391
16405
16407
16440
16458
16464
16471
16494
16495
16500
16520
16521
16523
16534
16536
16560
16577
16578
16609
16623
16635
16646
16676
16695
16726
16740
16765
16792
16812
16818
16835
16949
17097
17122
17152
17250
17254
17266
17267
17271
17272
17273
17275
17286
17290
17292
17299
17300
17309
17366
17412
17429
17430
17432
17454
17464
17514
17566
17569
17575
17598
17749
17806
17821
17822
17824
17852
17875
17887
17897
17926
17931
17934
17949
18017
18020
18052
18055
18059
18061
18063
18068
18071
18074
18077
18078
18079
18085
18088
18093
18102
18106
18108
18110
18111
18116
18121
18122
18128
18129
18130
18132
18133
18136
18137
18141
18144
18149
18151
18153
18156
18166
18168
18185
18186
18188
18195
18200
18204
18206
18207
18210
18211
18215
18217
18218
18219
18220
18223
18226
18230
18239
18241
18258
18261
18275
18287
18293
18306
18320
18338
18339
18342
18343
18349
18351
18364
18368
18381
18383
18404
18429
18454
18503
18507
18510
18657
18666
18680
18703
18734
18751
18767
18771
18801
18839
18927
18984
18990
19016
19058
19094
19102
19136
19167
19180
19218
19225
19410
19445
