8
9
10
12
16
17
23
29
34
39
41
51
54
60
62
67
68
72
74
75
76
77
83
85
86
87
88
89
97
98
99
101
107
108
110
111
114
117
118
119
122
125
131
132
133
135
136
138
140
142
152
162
166
168
169
170
173
181
182
183
189
193
199
200
204
205
206
210
212
213
217
218
222
226
237
240
242
243
247
254
262
264
275
278
280
283
287
288
295
297
299
301
307
309
310
312
318
321
322
323
325
330
337
340
344
345
350
351
352
360
362
363
371
376
384
387
388
389
394
402
405
423
425
427
428
437
438
441
448
449
450
451
454
463
468
471
474
477
481
486
492
493
494
501
504
505
510
511
513
518
524
529
539
541
544
549
553
555
561
564
566
567
588
595
596
597
599
622
627
631
635
636
640
646
647
648
650
651
652
659
670
672
673
674
682
687
689
692
699
704
705
710
719
722
725
736
739
749
754
757
758
759
767
768
772
780
781
782
785
788
789
791
792
793
795
796
798
799
801
805
806
809
811
815
817
821
824
825
826
830
832
846
848
850
854
857
865
869
870
879
880
881
886
888
889
895
898
901
903
904
908
919
921
923
928
929
935
944
947
948
950
954
968
973
974
976
980
983
989
990
1013
1016
1024
1025
1029
1041
1043
1056
1057
1074
1077
1082
1084
1086
1092
1099
1106
1123
1124
1129
1131
1139
1141
1150
1156
1159
1161
1162
1165
1167
1181
1184
1185
1190
1194
1196
1200
1206
1209
1213
1216
1217
1220
1230
1232
1248
1249
1251
1253
1262
1272
1274
1279
1281
1286
1295
1319
1320
1323
1327
1328
1348
1350
1356
1372
1377
1378
1389
1400
1402
1404
1406
1410
1426
1430
1435
1442
1450
1451
1455
1458
1459
1463
1464
1469
1470
1472
1473
1480
1498
1503
1536
1541
1543
1546
1552
1563
1573
1577
1580
1587
1589
1590
1596
1599
1622
1625
1629
1637
1638
1641
1642
1651
1655
1659
1669
1670
1671
1677
1679
1683
1698
1716
1719
1722
1726
1729
1732
1740
1746
1762
1772
1773
1783
1792
1798
1802
1809
1810
1811
1819
1832
1841
1850
1853
1880
1881
1902
1903
1910
1922
1923
1929
1935
1939
1940
1941
1947
1950
1951
1957
1959
1962
1969
1972
1977
1982
1987
1989
2015
2019
2022
2030
2035
2039
2041
2046
2059
2064
2068
2069
2070
2085
2088
2092
2098
2103
2109
2114
2124
2133
2146
2155
2157
2160
2167
2168
2169
2191
2194
2196
2197
2199
2200
2201
2207
2219
2227
2232
2234
2248
2251
2252
2254
2256
2268
2270
2284
2300
2301
2307
2322
2327
2344
2359
2369
2376
2380
2381
2386
2403
2407
2417
2418
2427
2434
2435
2442
2450
2455
2456
2460
2464
2491
2494
2498
2501
2508
2517
2518
2524
2525
2536
2537
2539
2552
2561
2562
2567
2568
2571
2581
2582
2583
2593
2599
2600
2601
2610
2616
2622
2623
2624
2625
2628
2629
2634
2643
2644
2645
2646
2647
2648
2650
2657
2659
2660
2662
2669
2671
2674
2678
2680
2682
2688
2691
2693
2694
2696
2717
2724
2728
2729
2732
2739
2742
2743
2747
2755
2756
2757
2762
2765
2766
2769
2770
2775
2777
2778
2779
2786
2792
2809
2814
2823
2839
2840
2841
2850
2851
2852
2853
2860
2865
2872
2881
2885
2886
2887
2893
2894
2896
2901
2907
2921
2922
2924
2928
2939
2943
2945
2950
2952
2953
2954
2962
2965
2967
2971
2976
2987
2994
2999
3003
3007
3008
3011
3017
3020
3023
3029
3033
3037
3044
3046
3053
3058
3059
3061
3068
3069
3079
3084
3087
3092
3094
3095
3097
3098
3112
3115
3119
3124
3127
3133
3141
3146
3150
3152
3156
3157
3161
3162
3165
3187
3200
3205
3207
3210
3217
3219
3223
3232
3236
3237
3245
3248
3250
3264
3270
3271
3275
3281
3296
3298
3305
3311
3314
3316
3319
3322
3325
3327
3328
3331
3334
3337
3340
3343
3346
3348
3357
3361
3367
3371
3383
3385
3388
3398
3402
3405
3407
3417
3430
3433
3435
3439
3443
3450
3452
3457
3459
3461
3463
3466
3467
3468
3470
3473
3478
3479
3480
3483
3487
3495
3496
3503
3506
3512
3520
3521
3525
3527
3533
3544
3545
3547
3548
3553
3554
3559
3561
3565
3574
3577
3578
3581
3582
3583
3585
3590
3599
3604
3605
3608
3609
3611
3612
3618
3619
3623
3624
3625
3626
3632
3641
3643
3646
3648
3650
3655
3661
3672
3676
3680
3682
3683
3692
3698
3699
3700
3705
3707
3708
3713
3714
3721
3729
3731
3732
3734
3735
3737
3739
3742
3751
3752
3756
3760
3764
3767
3770
3776
3780
3791
3797
3799
3802
3814
3815
3818
3821
3824
3831
3836
3839
3840
3844
3845
3846
3851
3852
3854
3865
3866
3869
3870
3871
3892
3894
3897
3902
3913
3921
3923
3924
3927
3930
3941
3943
3947
3950
3954
3955
3962
3963
3993
3995
4005
4009
4012
4013
4017
4032
4033
4039
4052
4066
4067
4071
4080
4087
4096
4103
4106
4111
4118
4119
4122
4127
4131
4134
4136
4149
4151
4153
4155
4159
4164
4179
4190
4198
4209
4212
4228
4229
4250
4253
4258
4269
4274
4275
4276
4284
4298
4300
4308
4311
4322
4328
4340
4345
4366
4368
4382
4383
4384
4388
4389
4396
4401
4415
4439
4441
4443
4454
4456
4462
4486
4490
4491
4492
4495
4497
4511
4513
4514
4523
4532
4533
4543
4546
4551
4555
4559
4562
4566
4571
4575
4577
4586
4593
4614
4615
4618
4619
4625
4626
4630
4632
4635
4636
4639
4660
4666
4690
4691
4696
4708
4710
4716
4725
4726
4728
4734
4745
4748
4757
4765
4766
4774
4787
4790
4807
4813
4816
4817
4820
4827
4833
4836
4842
4843
4846
4851
4869
4872
4881
4882
4891
4894
4910
4912
4914
4917
4918
4919
4920
4925
4938
4944
4946
4953
4959
4968
4970
4976
4983
4996
4997
5002
5021
5029
5033
5036
5042
5051
5052
5063
5064
5082
5087
5089
5090
5096
5097
5099
5105
5111
5116
5119
5124
5125
5127
5153
5156
5160
5162
5167
5169
5176
5184
5195
5218
5222
5229
5237
5243
5247
5265
5273
5276
5282
5300
5301
5309
5310
5316
5321
5326
5330
5332
5348
5352
5356
5361
5362
5365
5366
5367
5369
5380
5382
5387
5388
5392
5397
5403
5408
5417
5421
5425
5428
5431
5432
5438
5441
5442
5449
5464
5471
5475
5481
5489
5491
5504
5511
5515
5521
5533
5536
5540
5550
5560
5563
5565
5566
5567
5571
5574
5580
5581
5583
5589
5592
5593
5598
5599
5602
5605
5606
5620
5621
5633
5638
5645
5654
5660
5668
5674
5675
5676
5683
5706
5712
5722
5724
5726
5734
5736
5743
5747
5750
5765
5768
5770
5773
5778
5785
5790
5791
5793
5804
5806
5810
5811
5812
5816
5817
5829
5831
5834
5836
5840
5854
5858
5864
5871
5876
5883
5884
5894
5896
5897
5903
5911
5918
5949
5952
5960
5961
5966
5967
5971
5981
5987
6009
6011
6018
6027
6034
6036
6039
6041
6042
6044
6050
6061
6063
6087
6089
6093
6096
6103
6107
6110
6113
6133
6137
6139
6144
6145
6148
6150
6160
6174
6186
6196
6199
6212
6213
6219
6221
6232
6241
6242
6253
6254
6255
6261
6270
6273
6277
6286
6297
6299
6306
6309
6322
6323
6324
6329
6351
6353
6361
6362
6366
6370
6371
6372
6373
6388
6389
6391
6393
6405
6409
6412
6415
6418
6420
6424
6425
6444
6447
6451
6453
6457
6461
6464
6480
6485
6488
6489
6495
6500
6513
6523
6531
6532
6535
6544
6545
6556
6558
6564
6576
6580
6587
6588
6590
6593
6596
6598
6610
6621
6627
6661
6667
6674
6679
6681
6689
6690
6694
6698
6704
6705
6718
6722
6731
6750
6779
6790
6791
6807
6813
6825
6830
6833
6836
6850
6851
6859
6863
6887
6907
6926
6933
6950
6957
6962
6964
6973
6990
6991
7004
7005
7029
7035
7041
7049
7056
7060
7080
7093
7127
7131
7133
7140
7148
7154
7166
7173
7177
7178
7189
7198
7203
7223
7226
7238
7240
7241
7242
7246
7247
7256
7259
7268
7275
7285
7292
7340
7352
7358
7366
7382
7385
7405
7406
7409
7416
7422
7447
7451
7452
7458
7460
7461
7476
7494
7498
7501
7505
7508
7521
7532
7547
7553
7559
7562
7565
7569
7570
7571
7572
7573
7588
7601
7605
7608
7620
7622
7623
7624
7627
7630
7635
7638
7641
7643
7652
7682
7692
7700
7707
7718
7720
7735
7738
7754
7757
7759
7760
7770
7780
7785
7791
7799
7804
7808
7816
7819
7828
7829
7848
7852
7856
7865
7879
7912
7915
7931
7934
7935
7940
7944
7946
7950
7954
7956
7958
7961
7962
7964
7971
7972
7980
7981
7983
7984
7987
7988
7989
7993
7994
7998
8006
8008
8013
8014
8015
8049
8051
8057
8062
8064
8071
8074
8079
8080
8086
8088
8092
8118
8120
8133
8144
8145
8146
8152
8153
8157
8158
8161
8185
8189
8205
8206
8229
8230
8246
8253
8268
8276
8279
8308
8312
8317
8318
8327
8335
8342
8345
8346
8349
8350
8354
8371
8399
8425
8437
8441
8450
8455
8472
8476
8477
8487
8500
8522
8532
8533
8537
8547
8562
8568
8572
8603
8605
8612
8614
8617
8625
8635
8638
8660
8684
8732
8733
8746
8787
8797
8800
8811
8816
8820
8822
8826
8828
8829
8834
8835
8849
8856
8864
8866
8867
8874
8899
8902
8917
8923
8934
8960
8968
8970
8973
8980
8992
9002
9007
9013
9017
9021
9025
9044
9052
9058
9064
9066
9078
9081
9083
9085
9086
9091
9095
9102
9105
9106
9109
9123
9135
9140
9143
9153
9165
9178
9180
9194
9207
9210
9214
9223
9225
9233
9238
9248
9270
9282
9284
9287
9291
9299
9304
9325
9330
9337
9339
9350
9352
9359
9371
9380
9383
9388
9426
9450
9453
9474
9476
9490
9494
9507
9513
9514
9519
9529
9530
9532
9540
9560
9562
9563
9594
9608
9612
9621
9652
9653
9662
9668
9681
9685
9717
9718
9722
9728
9753
9776
9777
9787
9790
9802
9810
9811
9823
9825
9849
9850
9860
9863
9868
9886
9911
9913
9952
9953
9970
9975
9980
9987
10005
10023
10033
10034
10052
10056
10061
10064
10065
10077
10094
10120
10139
10151
10170
10181
10189
10218
10235
10237
10240
10243
10264
10268
10269
10275
10283
10293
10303
10314
10336
10339
10345
10348
10378
10399
10419
10434
10471
10474
10480
10482
10499
10513
10555
10585
10610
10636
10669
10670
10692
10699
10709
10715
10720
10743
10757
10772
10774
10782
10792
10796
10830
10860
10881
10884
10889
10928
10941
10944
10945
10987
11005
11018
11021
11024
11036
11040
11053
11068
11079
11081
11082
11153
11157
11193
11211
11212
11218
11229
11244
11247
11259
11275
11277
11304
11316
11323
11339
11343
11351
11383
11387
11389
11400
11401
11402
11405
11418
11430
11439
11464
11500
11512
11517
11524
11545
11565
11572
11577
11578
11590
11599
11602
11609
11619
11642
11643
11665
11729
11745
11805
11941
11983
12055
12061
12062
12081
12100
12103
12112
12116
12122
12124
12129
12137
12138
12144
12150
12172
12180
12195
12215
12225
12239
12241
12242
12247
12251
12271
12314
12353
12355
12358
12385
12434
12448
12516
12523
12530
12540
12554
12563
12568
12579
12583
12650
12658
12659
12660
12676
12677
12680
12707
12716
12741
12750
12751
12783
12861
12881
12914
12915
12972
12986
12990
12994
12995
12997
13017
13048
13059
13068
13077
13084
13113
13130
13144
13150
13200
13217
13239
13241
13267
13281
13282
13289
13296
13315
13317
13362
13363
13381
13405
13434
13476
13491
13511
13532
13535
13574
13576
13587
13602
13614
13627
13634
13673
13677
13685
13688
13690
13691
13715
13724
13739
13741
13742
13753
13792
13802
13812
13815
13865
13875
13906
13915
13926
13964
13975
14009
14033
14047
14096
14111
14112
14118
14133
14145
14168
14192
14193
14244
14264
14342
14367
14383
14386
14391
14428
14431
14474
14528
14550
14557
14561
14564
14594
14602
14614
14623
14663
14664
14676
14700
14720
14726
14740
14770
14780
14858
14874
14880
14901
14910
14915
14929
14947
14953
15005
15051
15056
15072
15089
15121
15153
15158
15159
15170
15172
15180
15184
15195
15257
15278
15280
15319
15395
15429
15478
15525
15533
15542
15557
15597
15634
15690
15691
15709
15714
15737
15742
15754
15825
15847
15854
15875
15925
15954
15981
15993
16034
16035
16057
16083
16089
16112
16172
16191
16227
16296
16325
16341
16356
16382
16394
16409
16421
16436
16460
16474
16494
16498
16499
16524
16525
16546
16623
16743
16758
16763
16830
16842
16949
16984
17133
17153
17169
17258
17267
17278
17286
17291
17298
17301
17304
17356
17384
17425
17490
17515
17516
17559
17588
17609
17629
17651
17748
17820
17858
17882
17887
17934
17972
17986
18010
18051
18061
18066
18068
18079
18096
18106
18107
18110
18112
18113
18114
18117
18119
18126
18130
18134
18136
18144
18146
18163
18173
18175
18179
18181
18189
18198
18210
18211
18213
18225
18238
18239
18242
18292
18303
18304
18310
18312
18324
18325
18338
18344
18349
18350
18351
18356
18377
18383
18433
18449
18470
18474
18521
18536
18841
18876
18903
18911
18981
18993
19006
19010
19012
19013
19025
19047
19138
19180
19222
19441
19644
19739
19914
