1
4
7
17
20
23
29
36
39
50
58
60
68
101
109
110
112
115
120
131
147
150
167
181
204
210
258
262
296
307
327
349
376
410
428
431
432
433
438
445
454
494
504
505
510
515
551
555
556
576
581
595
596
602
615
618
665
666
681
701
708
734
774
779
781
801
805
817
827
850
859
903
905
1062
1066
1074
1097
1105
1198
1208
1211
1244
1248
1328
1345
1410
1419
1465
1474
1520
1551
1580
1589
1616
1629
1669
1703
1788
1820
1870
1895
1947
1948
1959
1972
1991
2028
2179
2260
2429
2444
2448
2515
2566
2582
2608
2645
2656
2669
2671
2677
2715
2717
2724
2728
2729
2732
2746
2783
2787
2856
2906
2922
2973
2976
3008
3038
3171
3191
3206
3213
3232
3233
3264
3315
3404
3416
3426
3443
3450
3453
3466
3470
3489
3542
3583
3594
3599
3608
3609
3611
3648
3655
3665
3683
3699
3709
3818
3820
3828
3840
3866
3899
3943
3956
4036
4118
4131
4147
4148
4179
4205
4231
4276
4293
4313
4364
4388
4390
4403
4430
4432
4478
4487
4529
4690
4704
4707
4816
4895
4900
4953
4969
4983
4993
5056
5110
5154
5167
5227
5369
5387
5408
5433
5466
5471
5497
5549
5626
5660
5676
5694
5728
5734
5799
5805
5859
5884
5929
6000
6072
6074
6092
6093
6133
6317
6321
6335
6393
6561
6586
6627
6642
6673
6675
6703
6706
6762
6879
7010
7034
7037
7064
7089
7159
7176
7177
7366
7395
7419
7519
7551
7557
7562
7569
7570
7573
7693
7744
7759
7779
7780
7806
7827
7856
7858
7917
7929
7964
7970
7972
7995
8021
8047
8051
8118
8138
8164
8169
8330
8360
8377
8424
8515
8586
8629
8726
8732
8917
9090
9110
9130
9199
9223
9279
9327
9412
9466
9549
9563
9565
9653
9713
10023
10063
10065
10163
10203
10684
10893
10962
11050
11166
11275
11276
11285
11359
11533
11574
11710
11787
11818
11982
12171
12234
12247
12289
12320
12358
12692
12960
12965
13224
13267
13275
13369
13517
13562
13647
13689
13769
13924
13997
14000
14188
14239
14244
14248
14665
14702
14735
14752
14793
14852
14932
14963
15057
15072
15180
15216
15811
15948
16089
16201
16356
16551
16649
16655
16775
16829
17256
17259
17266
17267
17332
17419
17566
17819
18140
18641
18894
19010
19130
