0
1
3
4
8
10
23
24
26
28
29
35
37
39
42
48
50
54
58
60
61
62
73
78
82
83
88
90
92
98
101
103
107
108
114
115
130
134
137
159
162
170
172
175
181
183
188
189
200
201
204
205
207
208
210
212
213
215
218
221
229
237
247
257
258
268
270
273
274
275
278
279
287
288
295
297
299
308
309
310
313
322
333
344
349
351
356
357
371
374
378
383
387
393
395
403
417
419
426
427
428
431
438
439
441
442
445
450
451
454
463
464
473
474
481
482
492
501
513
522
526
527
530
535
542
543
550
551
553
565
567
568
583
587
590
597
601
616
619
631
632
651
652
658
664
672
673
675
684
685
687
689
690
693
695
719
728
734
736
739
743
746
748
750
753
757
765
768
770
773
777
782
787
796
798
804
806
836
841
850
857
859
874
878
884
896
903
911
922
940
943
948
973
996
999
1002
1003
1009
1011
1013
1029
1030
1036
1041
1056
1062
1063
1069
1074
1077
1078
1079
1082
1083
1084
1092
1097
1103
1129
1135
1139
1145
1150
1159
1161
1167
1172
1178
1181
1190
1191
1204
1210
1212
1213
1219
1220
1227
1229
1231
1236
1245
1251
1255
1258
1264
1272
1280
1291
1318
1319
1323
1327
1328
1334
1345
1348
1385
1402
1404
1410
1425
1431
1447
1458
1463
1465
1469
1474
1479
1483
1485
1490
1502
1503
1507
1508
1545
1562
1579
1581
1584
1585
1589
1592
1596
1610
1613
1625
1628
1644
1655
1657
1670
1678
1680
1683
1695
1712
1719
1722
1729
1740
1746
1759
1762
1770
1772
1773
1774
1780
1787
1792
1795
1797
1809
1811
1825
1852
1853
1856
1859
1867
1894
1904
1917
1918
1923
1925
1942
1947
1950
1953
1957
1959
1962
1965
1969
1970
1972
1979
1985
1989
2000
2004
2010
2016
2019
2021
2027
2028
2038
2048
2052
2064
2076
2088
2089
2092
2102
2109
2125
2134
2146
2150
2157
2165
2167
2168
2176
2190
2192
2197
2209
2213
2219
2225
2229
2232
2238
2251
2257
2261
2268
2290
2295
2297
2307
2322
2338
2341
2359
2365
2368
2380
2381
2393
2399
2403
2407
2422
2430
2432
2450
2455
2463
2509
2511
2521
2527
2536
2539
2549
2551
2557
2562
2568
2582
2584
2588
2590
2593
2602
2605
2608
2610
2617
2629
2646
2651
2657
2658
2659
2660
2662
2667
2670
2671
2678
2684
2688
2692
2698
2713
2717
2724
2725
2727
2729
2732
2739
2747
2752
2771
2784
2792
2796
2809
2813
2814
2817
2826
2832
2839
2840
2843
2868
2878
2879
2880
2885
2893
2902
2910
2912
2914
2930
2935
2939
2942
2945
2947
2953
2954
2956
2962
2963
2965
2967
2971
2978
2984
2985
2994
2999
3007
3008
3010
3011
3012
3029
3034
3050
3061
3063
3069
3084
3093
3095
3099
3100
3106
3116
3126
3134
3139
3152
3153
3156
3160
3161
3163
3165
3170
3171
3177
3214
3216
3223
3227
3232
3233
3239
3242
3248
3250
3258
3261
3270
3275
3276
3291
3296
3314
3315
3322
3323
3327
3328
3331
3334
3341
3343
3346
3347
3361
3370
3371
3375
3383
3397
3402
3403
3405
3412
3423
3424
3431
3432
3437
3447
3455
3461
3465
3466
3467
3468
3470
3472
3473
3477
3478
3482
3483
3484
3487
3489
3495
3497
3506
3507
3510
3511
3520
3521
3522
3530
3550
3553
3559
3564
3567
3568
3573
3574
3576
3578
3580
3582
3595
3597
3598
3599
3600
3601
3603
3604
3605
3609
3610
3612
3613
3621
3632
3633
3637
3651
3667
3683
3687
3695
3698
3699
3704
3715
3719
3722
3727
3729
3738
3749
3757
3764
3766
3776
3777
3780
3785
3802
3812
3821
3826
3829
3840
3844
3847
3850
3851
3854
3862
3867
3868
3870
3873
3884
3897
3898
3901
3902
3911
3923
3924
3930
3937
3938
3940
3946
3954
3959
3963
3967
3968
3981
3985
4000
4005
4006
4012
4033
4065
4070
4076
4101
4109
4112
4118
4122
4127
4136
4148
4155
4158
4165
4176
4178
4182
4186
4188
4206
4212
4216
4217
4218
4229
4238
4240
4249
4253
4255
4256
4264
4268
4269
4270
4274
4284
4298
4303
4310
4311
4316
4323
4330
4340
4353
4359
4368
4381
4384
4388
4420
4424
4426
4430
4451
4453
4455
4457
4470
4478
4487
4491
4492
4496
4506
4519
4522
4523
4525
4539
4544
4560
4597
4600
4610
4611
4612
4613
4614
4623
4625
4634
4642
4652
4662
4663
4679
4686
4696
4708
4710
4712
4724
4734
4739
4756
4757
4763
4790
4792
4802
4812
4817
4828
4835
4840
4841
4850
4851
4869
4881
4886
4900
4907
4909
4925
4927
4963
4967
4979
4997
5006
5010
5025
5034
5035
5052
5064
5065
5072
5076
5097
5102
5103
5106
5114
5116
5120
5142
5144
5152
5172
5176
5177
5187
5192
5193
5195
5206
5233
5235
5240
5252
5254
5282
5312
5325
5334
5335
5338
5340
5345
5348
5356
5358
5368
5382
5383
5388
5403
5419
5430
5440
5442
5475
5477
5479
5481
5482
5487
5504
5505
5508
5511
5516
5517
5519
5521
5531
5536
5549
5551
5560
5564
5566
5567
5582
5588
5591
5592
5593
5598
5641
5652
5656
5660
5662
5686
5702
5706
5722
5729
5730
5742
5747
5760
5763
5765
5773
5774
5778
5793
5794
5803
5812
5817
5833
5834
5850
5851
5855
5858
5866
5869
5876
5884
5897
5920
5922
5926
5960
5966
6018
6028
6031
6033
6037
6039
6040
6058
6061
6063
6087
6093
6109
6114
6117
6121
6137
6139
6142
6143
6146
6153
6162
6166
6172
6186
6212
6213
6241
6254
6262
6289
6299
6334
6337
6341
6352
6366
6373
6374
6383
6416
6424
6425
6430
6432
6450
6461
6462
6464
6468
6479
6480
6496
6515
6531
6550
6585
6594
6599
6600
6615
6626
6633
6655
6659
6665
6669
6687
6700
6705
6762
6768
6780
6800
6801
6811
6812
6814
6815
6879
6886
6891
6892
6894
6897
6900
6907
6915
6934
6935
6943
6956
6964
6974
6990
6991
6993
7006
7036
7037
7055
7068
7073
7075
7089
7100
7109
7110
7111
7133
7152
7155
7169
7176
7183
7203
7208
7220
7221
7232
7239
7261
7297
7303
7323
7340
7349
7357
7362
7365
7366
7379
7409
7419
7420
7428
7439
7458
7461
7462
7473
7477
7490
7492
7509
7517
7523
7532
7547
7551
7557
7562
7570
7572
7573
7576
7580
7583
7584
7586
7588
7608
7618
7637
7643
7649
7654
7657
7661
7676
7682
7694
7704
7707
7724
7736
7751
7756
7759
7768
7774
7779
7794
7797
7812
7816
7825
7834
7840
7854
7855
7858
7861
7868
7869
7871
7881
7892
7903
7904
7917
7923
7925
7926
7931
7935
7940
7944
7953
7955
7956
7970
7971
7979
7980
7982
7989
8008
8041
8047
8049
8051
8064
8072
8074
8077
8081
8084
8093
8102
8131
8133
8143
8159
8161
8170
8188
8209
8212
8227
8228
8236
8239
8245
8252
8268
8312
8322
8326
8330
8335
8339
8342
8343
8345
8354
8418
8436
8444
8455
8469
8471
8472
8533
8535
8562
8564
8567
8568
8579
8583
8610
8635
8648
8667
8677
8716
8733
8737
8741
8760
8764
8773
8786
8788
8791
8797
8818
8824
8827
8830
8831
8837
8863
8864
8873
8894
8906
8914
8917
8944
8970
8971
8973
8981
8988
9002
9018
9028
9033
9047
9052
9062
9066
9078
9085
9089
9096
9101
9102
9109
9110
9123
9127
9143
9144
9149
9177
9178
9182
9195
9199
9212
9217
9228
9245
9252
9266
9272
9280
9314
9315
9326
9330
9352
9357
9390
9393
9404
9442
9488
9490
9499
9507
9519
9521
9524
9529
9530
9553
9555
9561
9571
9574
9666
9672
9677
9684
9690
9693
9713
9718
9738
9740
9751
9752
9764
9768
9776
9802
9812
9824
9835
9839
9847
9849
9860
9881
9895
9897
9909
9911
9944
9951
9953
9975
10022
10032
10181
10188
10189
10203
10230
10233
10268
10307
10317
10344
10367
10371
10399
10404
10433
10450
10558
10560
10635
10675
10684
10702
10715
10728
10745
10749
10761
10771
10782
10784
10786
10792
10809
10813
10814
10903
10945
10964
10971
10979
11044
11068
11090
11115
11127
11141
11145
11157
11181
11182
11194
11212
11347
11373
11389
11392
11401
11404
11411
11413
11414
11418
11439
11454
11482
11500
11512
11533
11558
11564
11570
11613
11635
11640
11642
11643
11664
11682
11723
11729
11731
11797
11799
11812
11833
11863
11917
11976
12003
12011
12080
12085
12086
12112
12123
12130
12134
12138
12140
12159
12173
12213
12227
12230
12289
12297
12302
12318
12353
12354
12355
12359
12386
12401
12403
12434
12435
12470
12510
12523
12539
12554
12559
12560
12630
12660
12676
12682
12687
12833
12854
12870
12876
12879
12893
12898
12908
12992
12998
13001
13016
13085
13094
13101
13106
13113
13144
13150
13176
13200
13241
13245
13246
13250
13267
13334
13372
13415
13419
13426
13440
13455
13462
13485
13506
13562
13654
13664
13673
13687
13688
13690
13742
13748
13848
13858
13863
13896
13939
13948
14000
14039
14108
14114
14117
14121
14245
14386
14407
14427
14447
14512
14535
14559
14601
14626
14646
14659
14664
14712
14720
14722
14741
14757
14765
14803
14812
14852
14939
14944
14945
14984
14986
15028
15051
15053
15072
15089
15117
15136
15153
15154
15180
15191
15202
15235
15243
15249
15252
15300
15330
15366
15382
15468
15507
15557
15563
15591
15826
15870
15912
15914
16089
16152
16162
16201
16349
16449
16454
16491
16506
16524
16567
16605
16646
16733
16771
16784
17122
17153
17159
17196
17251
17255
17259
17283
17292
17323
17384
17497
17513
17614
17629
17631
17668
17787
17849
17887
17934
17953
18062
18109
18112
18115
18119
18122
18125
18127
18136
18140
18143
18162
18163
18173
18174
18175
18180
18205
18211
18215
18221
18237
18261
18263
18283
18293
18302
18309
18312
18349
18365
18495
18534
18555
18650
18660
18678
18692
18702
18743
18985
19012
19023
19047
19089
19182
19207
19229
19258
19594
19644
19674
19930
