1
7
8
9
15
16
17
22
23
26
28
29
31
35
36
39
48
51
54
55
58
60
62
67
68
70
71
72
74
77
82
87
88
89
91
92
93
97
98
99
101
102
103
104
106
111
112
114
115
118
119
120
123
124
125
126
127
128
130
131
134
136
138
139
145
146
147
152
155
156
157
159
167
170
171
172
179
181
182
183
185
194
198
203
204
205
206
207
208
210
211
215
216
217
218
219
222
224
226
227
228
229
230
234
236
248
253
254
261
264
265
270
271
275
277
278
279
280
281
284
286
287
288
295
297
300
303
304
305
307
310
313
319
320
321
322
323
333
336
342
344
345
347
349
351
352
357
360
368
371
376
379
383
387
388
389
401
403
408
409
414
416
417
419
423
425
426
427
428
430
431
432
436
438
441
442
444
445
449
450
454
457
466
471
475
481
483
484
493
494
501
504
505
506
513
516
519
520
522
523
524
527
532
533
537
538
539
541
546
549
550
552
553
554
555
557
561
563
569
571
572
574
575
576
580
582
584
585
596
601
602
603
604
610
612
615
628
631
632
634
637
646
651
652
653
654
656
658
659
660
662
663
665
666
672
673
675
680
681
683
685
688
692
701
706
709
719
720
721
724
726
733
734
736
737
739
741
743
744
745
746
749
750
754
755
759
760
763
768
770
771
772
774
775
780
781
782
795
796
798
804
805
806
807
808
810
811
815
818
819
820
822
829
832
836
837
840
843
844
845
846
850
853
855
856
857
860
865
867
868
869
870
871
873
875
880
883
884
887
888
889
891
892
894
895
897
898
912
918
920
921
925
927
929
931
934
936
940
941
943
944
950
953
956
957
963
967
969
973
974
976
980
982
990
991
992
996
1024
1025
1029
1031
1035
1036
1038
1042
1043
1051
1057
1061
1062
1065
1068
1070
1077
1088
1094
1098
1102
1105
1107
1108
1113
1117
1129
1138
1142
1146
1155
1156
1174
1179
1180
1181
1184
1189
1201
1202
1206
1209
1210
1213
1215
1223
1238
1242
1243
1244
1245
1250
1253
1255
1265
1268
1270
1275
1279
1283
1286
1287
1312
1321
1327
1328
1331
1332
1334
1338
1344
1348
1349
1350
1353
1362
1375
1389
1400
1402
1404
1406
1410
1433
1435
1443
1447
1449
1455
1461
1463
1464
1465
1469
1470
1472
1473
1474
1479
1480
1482
1484
1485
1495
1502
1505
1506
1507
1514
1516
1518
1527
1541
1543
1544
1545
1560
1563
1566
1572
1576
1577
1578
1579
1580
1581
1590
1592
1595
1596
1610
1611
1613
1622
1625
1627
1633
1635
1640
1644
1648
1655
1669
1670
1671
1674
1677
1678
1679
1683
1687
1692
1695
1699
1705
1709
1710
1716
1719
1720
1723
1729
1731
1732
1744
1748
1758
1760
1763
1772
1774
1788
1792
1795
1805
1808
1809
1811
1822
1830
1835
1850
1852
1853
1857
1867
1868
1869
1875
1894
1895
1900
1902
1903
1923
1925
1929
1939
1944
1947
1949
1950
1952
1956
1957
1972
1977
1982
1985
2008
2009
2010
2019
2027
2028
2029
2033
2039
2041
2043
2046
2048
2052
2057
2064
2068
2070
2073
2074
2076
2088
2090
2092
2098
2099
2101
2105
2124
2130
2136
2150
2154
2168
2170
2175
2185
2193
2194
2196
2197
2199
2209
2225
2238
2242
2248
2249
2255
2260
2264
2269
2270
2276
2281
2282
2306
2309
2327
2328
2336
2341
2344
2354
2363
2364
2366
2367
2369
2386
2387
2388
2393
2403
2407
2408
2432
2434
2436
2437
2446
2450
2451
2455
2457
2464
2473
2489
2491
2492
2498
2499
2508
2511
2513
2516
2517
2518
2519
2520
2521
2523
2524
2528
2529
2531
2544
2545
2546
2548
2553
2557
2558
2559
2564
2571
2580
2581
2582
2583
2585
2587
2588
2590
2593
2595
2600
2604
2605
2608
2609
2613
2614
2615
2616
2622
2623
2624
2625
2626
2627
2628
2634
2641
2644
2645
2646
2651
2659
2660
2661
2662
2664
2669
2671
2674
2676
2677
2678
2680
2681
2682
2685
2688
2691
2692
2693
2696
2702
2703
2707
2715
2717
2721
2722
2724
2731
2732
2733
2734
2746
2747
2749
2758
2760
2763
2765
2771
2775
2780
2781
2784
2786
2787
2790
2792
2793
2796
2804
2807
2813
2815
2822
2823
2832
2838
2840
2842
2843
2844
2846
2848
2850
2851
2852
2854
2856
2859
2863
2868
2871
2877
2878
2885
2891
2893
2897
2901
2902
2904
2913
2916
2918
2921
2937
2940
2941
2945
2950
2953
2954
2955
2957
2958
2960
2962
2965
2967
2969
2970
2971
2977
2980
2987
2988
2989
2994
3003
3004
3007
3008
3009
3010
3011
3013
3016
3024
3025
3029
3033
3050
3053
3058
3064
3069
3077
3078
3082
3083
3090
3092
3093
3094
3097
3107
3109
3116
3120
3122
3126
3139
3150
3152
3153
3156
3163
3165
3168
3169
3174
3184
3186
3205
3209
3211
3214
3215
3216
3218
3219
3223
3228
3230
3234
3242
3248
3250
3256
3257
3261
3264
3265
3268
3270
3271
3281
3292
3293
3296
3301
3304
3309
3311
3313
3314
3315
3316
3322
3328
3330
3331
3334
3346
3350
3354
3361
3363
3369
3371
3375
3383
3396
3404
3413
3417
3418
3421
3426
3429
3434
3436
3443
3446
3450
3451
3452
3453
3454
3456
3457
3458
3461
3462
3463
3464
3466
3468
3469
3470
3472
3473
3474
3475
3476
3477
3479
3480
3483
3489
3504
3507
3511
3524
3525
3526
3530
3533
3543
3544
3546
3547
3549
3550
3551
3552
3553
3557
3560
3564
3565
3568
3576
3578
3580
3581
3583
3586
3590
3593
3594
3595
3596
3598
3601
3604
3605
3607
3609
3610
3612
3613
3614
3619
3620
3623
3624
3625
3626
3630
3632
3633
3639
3648
3651
3652
3656
3658
3660
3664
3667
3669
3677
3679
3683
3689
3692
3697
3698
3699
3702
3703
3704
3705
3706
3707
3708
3709
3713
3714
3715
3717
3720
3731
3732
3733
3734
3735
3737
3741
3742
3744
3746
3749
3751
3753
3756
3757
3760
3761
3764
3766
3767
3772
3773
3777
3782
3789
3795
3800
3808
3809
3813
3814
3815
3825
3826
3827
3828
3829
3831
3834
3839
3843
3845
3865
3879
3887
3896
3897
3898
3899
3900
3901
3921
3922
3923
3924
3927
3929
3930
3931
3952
3953
3954
3956
3961
3965
3968
3975
3983
3984
3993
3994
3996
4005
4006
4008
4009
4011
4012
4017
4020
4022
4023
4032
4033
4034
4036
4038
4039
4057
4065
4071
4082
4084
4095
4097
4098
4101
4108
4110
4111
4118
4119
4125
4127
4134
4135
4136
4143
4147
4148
4150
4153
4159
4160
4164
4165
4169
4172
4173
4175
4179
4180
4181
4182
4183
4184
4188
4189
4191
4205
4211
4212
4215
4217
4220
4230
4234
4241
4242
4243
4255
4256
4265
4266
4276
4278
4279
4280
4291
4293
4298
4308
4316
4336
4338
4340
4351
4352
4365
4366
4379
4381
4382
4383
4384
4385
4387
4388
4389
4390
4391
4399
4405
4413
4420
4421
4424
4426
4430
4434
4437
4439
4444
4445
4460
4466
4473
4474
4481
4483
4486
4487
4491
4492
4506
4511
4512
4535
4539
4540
4543
4545
4546
4549
4555
4566
4568
4572
4579
4580
4582
4585
4595
4600
4618
4625
4627
4632
4633
4646
4647
4655
4664
4677
4678
4685
4686
4699
4702
4710
4726
4734
4742
4745
4765
4766
4787
4788
4801
4803
4809
4811
4816
4817
4821
4823
4827
4828
4837
4840
4843
4846
4847
4851
4861
4864
4866
4868
4869
4876
4879
4881
4882
4883
4886
4887
4894
4898
4900
4903
4906
4907
4908
4909
4910
4912
4917
4927
4928
4930
4931
4946
4957
4961
4973
4979
4984
4994
4998
5022
5034
5036
5040
5042
5051
5067
5070
5074
5081
5082
5086
5102
5109
5110
5111
5112
5114
5116
5118
5121
5126
5145
5148
5157
5160
5176
5177
5186
5190
5193
5198
5205
5220
5222
5235
5244
5247
5252
5254
5272
5273
5280
5282
5286
5292
5294
5306
5326
5330
5331
5334
5336
5348
5350
5352
5359
5364
5369
5372
5380
5382
5396
5399
5400
5408
5419
5425
5438
5446
5449
5466
5471
5476
5486
5490
5495
5497
5504
5511
5514
5515
5520
5521
5526
5535
5536
5549
5550
5551
5557
5560
5564
5565
5566
5577
5585
5589
5592
5598
5599
5615
5618
5623
5630
5631
5632
5641
5673
5674
5675
5680
5706
5712
5722
5730
5733
5734
5736
5737
5739
5745
5747
5750
5755
5759
5765
5768
5772
5803
5804
5811
5815
5825
5828
5834
5847
5848
5867
5869
5883
5884
5888
5891
5903
5911
5918
5920
5922
5931
5939
5945
5949
5952
5953
5955
5956
5966
5968
5987
5989
5991
5997
5998
5999
6015
6019
6021
6027
6038
6039
6041
6053
6056
6057
6064
6077
6082
6083
6086
6087
6093
6104
6113
6116
6120
6126
6149
6150
6151
6157
6158
6159
6162
6205
6219
6230
6233
6251
6252
6261
6262
6264
6265
6279
6283
6289
6291
6294
6297
6306
6317
6321
6331
6333
6338
6348
6350
6351
6353
6363
6366
6367
6371
6372
6389
6390
6393
6401
6432
6446
6447
6457
6460
6461
6463
6466
6469
6479
6491
6496
6530
6531
6532
6544
6545
6546
6565
6569
6580
6591
6604
6610
6612
6633
6634
6641
6646
6655
6658
6664
6668
6683
6685
6689
6691
6696
6704
6705
6713
6714
6715
6718
6725
6726
6728
6733
6735
6740
6757
6771
6778
6791
6792
6793
6796
6800
6801
6807
6811
6813
6818
6821
6836
6844
6850
6856
6857
6862
6863
6869
6881
6891
6893
6906
6926
6927
6935
6938
6939
6945
6948
6955
6981
6982
6985
6986
6993
7002
7005
7018
7037
7040
7046
7047
7049
7055
7056
7060
7065
7075
7089
7095
7111
7112
7124
7125
7126
7130
7148
7152
7153
7155
7174
7176
7177
7178
7188
7193
7203
7211
7220
7224
7246
7284
7290
7323
7324
7342
7343
7360
7378
7382
7401
7406
7409
7425
7427
7428
7430
7432
7439
7444
7459
7461
7470
7474
7480
7487
7496
7498
7499
7506
7512
7513
7532
7533
7540
7551
7552
7553
7554
7562
7569
7570
7571
7573
7574
7578
7583
7586
7592
7604
7606
7610
7611
7612
7615
7616
7623
7626
7630
7633
7641
7657
7664
7676
7680
7686
7691
7707
7709
7710
7725
7727
7740
7749
7761
7770
7775
7779
7785
7787
7804
7807
7815
7819
7829
7833
7835
7839
7841
7846
7851
7854
7858
7863
7874
7877
7894
7906
7913
7929
7930
7947
7948
7950
7957
7964
7971
7980
7981
7993
8000
8009
8030
8041
8047
8049
8053
8054
8065
8070
8074
8080
8087
8107
8110
8119
8125
8131
8143
8146
8150
8161
8164
8169
8170
8174
8192
8199
8204
8223
8242
8247
8268
8274
8276
8278
8291
8314
8316
8319
8320
8335
8338
8343
8345
8347
8352
8353
8354
8355
8356
8357
8358
8359
8360
8361
8362
8363
8364
8365
8371
8374
8388
8400
8401
8404
8407
8412
8424
8431
8441
8447
8448
8455
8468
8471
8472
8478
8481
8488
8489
8498
8559
8568
8579
8580
8597
8599
8603
8629
8638
8646
8652
8660
8705
8732
8733
8736
8739
8745
8748
8760
8773
8775
8787
8801
8814
8827
8828
8849
8855
8864
8865
8866
8871
8889
8895
8896
8897
8905
8917
8919
8970
8973
8997
9006
9007
9014
9021
9038
9044
9049
9054
9066
9079
9081
9083
9085
9089
9090
9091
9099
9105
9109
9131
9135
9137
9138
9143
9148
9150
9174
9179
9190
9202
9204
9207
9208
9232
9235
9263
9318
9325
9326
9338
9352
9353
9366
9380
9385
9417
9435
9438
9439
9443
9445
9461
9476
9498
9501
9508
9519
9521
9525
9526
9549
9551
9556
9567
9568
9569
9571
9575
9576
9582
9592
9593
9595
9607
9613
9620
9622
9653
9670
9684
9693
9694
9695
9698
9699
9702
9705
9708
9720
9721
9757
9759
9776
9787
9805
9810
9817
9832
9835
9846
9847
9878
9884
9888
9902
9911
9915
9920
9921
9953
9960
9967
9973
10009
10019
10023
10031
10032
10048
10050
10063
10064
10089
10125
10142
10154
10181
10195
10219
10232
10234
10240
10241
10245
10257
10290
10305
10334
10352
10406
10434
10438
10458
10482
10499
10543
10585
10638
10692
10728
10741
10751
10754
10758
10762
10763
10777
10796
10800
10802
10804
10806
10816
10817
10818
10819
10833
10845
10849
10850
10853
10860
10865
10881
10912
10920
10921
10936
10939
10941
10942
10949
10950
10961
10975
10988
11008
11040
11062
11064
11072
11081
11086
11087
11092
11094
11101
11127
11144
11147
11157
11181
11218
11250
11299
11334
11367
11390
11394
11395
11398
11400
11401
11402
11403
11404
11405
11412
11426
11427
11454
11496
11500
11520
11526
11533
11536
11552
11566
11574
11587
11590
11619
11641
11800
11817
11840
11890
11896
11904
11927
11955
11961
11994
11995
11998
12071
12100
12139
12140
12158
12203
12213
12230
12231
12234
12263
12275
12385
12386
12434
12435
12444
12459
12461
12470
12515
12518
12538
12544
12558
12568
12571
12657
12664
12665
12666
12667
12668
12669
12670
12671
12672
12673
12674
12675
12676
12677
12678
12679
12680
12681
12682
12683
12684
12685
12686
12687
12688
12689
12690
12691
12692
12693
12694
12695
12696
12697
12698
12702
12726
12798
12810
12832
12938
12948
12954
12970
13028
13059
13117
13171
13173
13267
13312
13314
13330
13491
13567
13651
13656
13663
13667
13703
13735
13750
13757
13791
13796
13802
13837
13838
13840
13899
13981
14003
14304
14312
14342
14427
14529
14610
14653
14654
14662
14664
14744
14783
14784
14793
14827
14848
14939
14952
14974
14996
15014
15051
15066
15095
15097
15272
15540
15548
15591
15593
15627
15639
15735
15777
15839
15854
15949
16043
16062
16085
16405
16427
16492
16516
16524
16754
17155
17186
17369
17425
17559
17563
17661
17858
17898
17959
18052
18071
18107
18167
18377
18379
18416
18448
18449
18490
19036
19285
19756
