1
17
39
54
55
58
72
82
112
119
138
194
203
224
226
230
247
265
270
277
278
287
288
301
303
304
305
347
351
352
402
427
432
436
438
441
454
480
482
483
501
537
541
552
554
559
562
576
596
628
665
674
675
721
734
737
743
746
755
768
771
782
787
795
796
805
818
820
837
849
867
868
869
870
871
883
891
894
895
897
898
931
973
978
1024
1043
1077
1129
1179
1327
1485
1495
1516
1560
1576
1580
1596
1633
1640
1651
1655
1723
1760
1761
1788
1792
1795
1822
1870
1902
1903
1925
1929
1947
1969
2009
2033
2090
2098
2099
2101
2136
2194
2234
2281
2282
2354
2364
2369
2393
2394
2434
2446
2450
2572
2582
2593
2615
2624
2627
2628
2676
2722
2775
2784
2793
2856
2868
2871
2877
2893
2958
3156
3162
3268
3271
3281
3296
3359
3404
3453
3454
3456
3457
3458
3466
3477
3479
3480
3483
3489
3549
3564
3583
3590
3593
3594
3595
3596
3604
3607
3609
3614
3632
3651
3658
3669
3683
3687
3737
3742
3746
3766
3767
3826
3827
3828
3829
3921
3924
3927
3929
3952
3953
3961
3965
4005
4027
4082
4098
4148
4153
4179
4183
4184
4215
4217
4220
4265
4352
4358
4359
4390
4430
4445
4470
4486
4592
4595
4685
4690
4691
4702
4708
4841
4847
4866
4869
4903
4909
4915
4979
4994
5051
5294
5395
5396
5400
5504
5514
5577
5585
5631
5641
5710
5736
5745
5750
5784
5811
5815
5848
5884
6037
6038
6093
6104
6120
6157
6171
6219
6363
6366
6367
6371
6514
6532
6683
6728
6757
6795
6796
6808
6869
6938
7018
7037
7091
7210
7246
7378
7397
7401
7444
7461
7466
7487
7532
7533
7569
7574
7578
7594
7595
7596
7609
7610
7611
7612
7640
7641
7749
7790
7815
7819
7854
7971
8024
8267
8472
8733
8895
8905
8997
9049
9054
9066
9072
9253
9334
9445
9551
9694
9695
9696
9698
9805
9816
9817
10567
10717
10784
10869
11064
11395
11404
11418
11425
11426
11526
11590
11679
12241
12500
12702
12917
13059
13117
13171
13239
14100
14490
15226
15518
15851
16062
16078
16542
16804
17366
17471
17518
17628
17629
17630
17631
17632
17633
18351
18526
19225
19226
19227
19228
19229
19230
