8
10
12
16
17
23
29
33
35
39
43
54
55
56
60
63
68
70
79
82
83
87
89
93
97
101
107
108
112
113
115
118
119
126
132
133
136
138
145
147
152
156
157
170
174
175
181
182
183
187
194
199
200
201
204
205
207
211
214
215
219
229
232
234
242
247
254
258
264
266
271
276
278
279
280
287
288
294
295
297
303
304
313
317
318
321
336
339
347
356
362
370
371
374
376
379
389
393
401
408
417
419
423
425
427
428
431
432
434
438
439
441
442
449
450
451
454
463
474
477
481
491
493
501
504
506
508
513
520
536
538
540
546
548
553
555
562
570
585
588
594
595
596
601
603
604
609
610
612
622
628
629
634
638
646
651
652
661
663
664
665
672
673
679
683
684
690
693
694
695
696
699
702
704
707
708
709
711
721
724
725
734
735
736
739
741
742
751
754
758
759
762
777
778
779
780
781
782
783
785
786
788
789
792
795
796
798
799
801
805
806
815
822
824
827
840
846
850
855
857
860
864
870
878
889
897
903
918
920
921
943
961
968
969
974
975
976
980
983
984
990
1003
1014
1018
1029
1030
1031
1040
1041
1043
1051
1056
1058
1061
1069
1070
1071
1077
1082
1083
1084
1085
1086
1091
1098
1104
1109
1119
1132
1143
1145
1149
1153
1154
1162
1167
1190
1199
1204
1209
1210
1212
1213
1214
1223
1227
1235
1237
1250
1257
1260
1267
1268
1269
1272
1279
1288
1312
1323
1325
1328
1331
1347
1351
1354
1359
1372
1380
1409
1416
1419
1436
1444
1446
1454
1455
1457
1465
1472
1473
1479
1487
1498
1503
1506
1528
1541
1556
1558
1562
1563
1590
1596
1599
1600
1619
1625
1629
1631
1640
1644
1647
1654
1655
1664
1670
1679
1683
1690
1705
1710
1714
1721
1736
1739
1746
1749
1766
1770
1773
1774
1783
1789
1792
1795
1802
1835
1848
1853
1869
1872
1880
1900
1902
1918
1931
1933
1957
1959
1961
1969
1972
1977
1982
1986
1989
2004
2009
2015
2017
2019
2024
2027
2032
2039
2041
2047
2050
2066
2067
2068
2070
2076
2098
2099
2104
2105
2109
2134
2144
2165
2168
2174
2175
2177
2185
2198
2199
2201
2202
2208
2227
2249
2260
2268
2276
2300
2308
2323
2329
2341
2344
2346
2354
2359
2364
2369
2370
2388
2397
2414
2422
2423
2430
2432
2443
2448
2458
2466
2467
2473
2487
2489
2491
2501
2508
2515
2516
2518
2519
2521
2536
2539
2548
2549
2551
2552
2556
2559
2561
2565
2568
2569
2571
2575
2581
2582
2587
2590
2593
2595
2604
2605
2610
2615
2622
2646
2647
2651
2662
2663
2666
2669
2678
2680
2684
2688
2690
2691
2700
2712
2714
2717
2718
2727
2732
2738
2747
2763
2764
2765
2766
2767
2771
2774
2787
2791
2792
2795
2796
2799
2807
2813
2814
2816
2828
2848
2852
2854
2861
2864
2865
2885
2892
2893
2904
2907
2914
2916
2919
2921
2933
2934
2941
2945
2952
2953
2954
2961
2970
2973
2976
2977
2978
2979
2988
2989
2997
3001
3003
3008
3010
3016
3037
3046
3049
3051
3057
3058
3060
3065
3068
3069
3072
3080
3087
3091
3097
3112
3115
3118
3125
3126
3130
3134
3142
3144
3155
3158
3162
3163
3169
3171
3173
3176
3193
3207
3214
3217
3223
3227
3228
3232
3239
3250
3254
3257
3261
3265
3266
3270
3279
3287
3291
3296
3301
3312
3317
3322
3324
3330
3331
3334
3336
3346
3347
3350
3368
3369
3372
3373
3394
3398
3400
3403
3409
3411
3412
3415
3416
3418
3419
3424
3426
3428
3432
3434
3435
3437
3439
3455
3456
3459
3461
3465
3470
3472
3476
3480
3483
3484
3491
3506
3507
3513
3521
3523
3527
3533
3536
3541
3544
3553
3557
3563
3565
3570
3577
3578
3579
3580
3583
3590
3591
3598
3599
3604
3608
3609
3610
3612
3625
3626
3632
3635
3646
3648
3651
3655
3658
3673
3681
3683
3687
3693
3695
3698
3699
3702
3704
3705
3708
3709
3713
3715
3718
3719
3721
3722
3746
3749
3757
3759
3766
3768
3774
3778
3786
3790
3801
3802
3808
3813
3820
3825
3831
3834
3860
3865
3866
3869
3874
3881
3886
3887
3890
3902
3919
3947
3958
4006
4009
4018
4024
4027
4041
4045
4058
4084
4098
4103
4111
4113
4118
4122
4131
4134
4153
4158
4172
4179
4182
4184
4187
4188
4190
4191
4205
4215
4216
4217
4219
4220
4222
4224
4232
4238
4242
4253
4255
4256
4260
4266
4267
4274
4291
4294
4299
4303
4311
4324
4336
4341
4345
4352
4358
4364
4369
4389
4402
4405
4420
4426
4427
4453
4457
4466
4490
4492
4496
4497
4511
4531
4536
4539
4546
4550
4555
4556
4560
4561
4562
4574
4578
4582
4602
4614
4615
4619
4622
4630
4636
4642
4659
4660
4662
4666
4683
4699
4708
4717
4726
4766
4790
4806
4810
4816
4817
4820
4828
4830
4831
4839
4863
4864
4869
4873
4878
4881
4883
4890
4894
4912
4913
4919
4920
4924
4927
4955
4964
4969
4973
4988
4993
4994
4996
5012
5035
5036
5042
5047
5079
5082
5084
5087
5102
5111
5116
5148
5152
5160
5169
5179
5187
5189
5243
5245
5250
5254
5261
5262
5265
5272
5273
5282
5292
5309
5312
5330
5340
5342
5351
5358
5363
5364
5367
5369
5370
5381
5382
5395
5400
5408
5412
5438
5453
5458
5459
5464
5475
5476
5478
5491
5508
5511
5512
5513
5521
5535
5536
5549
5555
5559
5560
5563
5574
5579
5583
5595
5605
5625
5631
5638
5640
5646
5660
5668
5669
5679
5699
5709
5726
5741
5743
5759
5767
5779
5784
5789
5792
5804
5806
5810
5814
5817
5835
5836
5840
5850
5859
5868
5869
5878
5882
5884
5888
5891
5896
5901
5902
5903
5904
5918
5920
5929
5939
5941
5947
5957
5959
5966
5971
5976
6013
6022
6026
6027
6031
6039
6041
6054
6056
6057
6058
6063
6069
6091
6092
6093
6159
6162
6186
6193
6211
6212
6214
6217
6227
6239
6254
6255
6267
6272
6283
6285
6291
6304
6311
6317
6337
6347
6353
6361
6366
6372
6373
6389
6391
6392
6393
6401
6411
6413
6419
6420
6424
6427
6435
6438
6441
6458
6461
6481
6488
6492
6505
6532
6553
6556
6577
6580
6582
6585
6594
6601
6612
6621
6624
6631
6660
6674
6687
6702
6703
6705
6713
6718
6721
6735
6737
6741
6751
6761
6765
6767
6772
6779
6786
6792
6793
6796
6799
6800
6801
6802
6813
6823
6830
6836
6837
6844
6853
6865
6868
6870
6880
6883
6885
6886
6889
6894
6896
6900
6903
6906
6913
6916
6941
6946
6950
6953
6957
6969
6977
6982
6990
7015
7027
7035
7038
7042
7049
7061
7064
7068
7069
7079
7086
7103
7104
7110
7117
7125
7126
7134
7141
7148
7166
7167
7176
7177
7184
7189
7193
7205
7209
7211
7212
7216
7226
7232
7235
7261
7289
7293
7299
7314
7321
7326
7331
7340
7342
7346
7352
7354
7360
7366
7387
7394
7403
7405
7437
7439
7446
7472
7480
7483
7507
7525
7531
7532
7533
7534
7542
7557
7562
7563
7565
7569
7571
7573
7578
7593
7594
7606
7617
7619
7627
7630
7636
7641
7642
7647
7651
7657
7661
7664
7665
7666
7669
7675
7687
7691
7695
7700
7707
7724
7727
7738
7739
7743
7757
7759
7761
7778
7779
7780
7795
7803
7804
7825
7829
7830
7836
7837
7839
7844
7847
7857
7862
7867
7869
7870
7877
7881
7898
7907
7913
7916
7923
7925
7928
7930
7940
7956
7961
7970
7981
7993
8008
8009
8030
8042
8043
8049
8051
8062
8064
8066
8072
8074
8079
8081
8084
8087
8102
8108
8112
8133
8141
8151
8155
8161
8170
8181
8192
8194
8195
8203
8206
8211
8215
8229
8233
8234
8246
8252
8257
8268
8276
8279
8282
8309
8310
8318
8319
8323
8330
8341
8348
8354
8362
8365
8366
8371
8392
8406
8424
8440
8461
8471
8472
8488
8506
8511
8518
8567
8577
8588
8606
8608
8612
8629
8634
8648
8651
8660
8705
8716
8732
8733
8741
8753
8773
8774
8787
8802
8811
8816
8818
8825
8826
8834
8835
8857
8868
8913
8917
8921
8922
8944
8973
8995
9000
9008
9047
9049
9062
9069
9083
9090
9095
9096
9097
9106
9130
9149
9170
9195
9198
9199
9208
9210
9234
9239
9242
9246
9250
9256
9263
9269
9271
9275
9277
9289
9291
9305
9314
9316
9325
9327
9330
9357
9385
9386
9391
9404
9417
9422
9424
9445
9447
9461
9472
9476
9529
9530
9535
9540
9565
9566
9570
9619
9652
9653
9655
9669
9671
9681
9682
9693
9699
9718
9724
9725
9740
9749
9759
9764
9789
9797
9802
9810
9813
9832
9833
9848
9860
9884
9896
9899
9900
9902
9913
9962
9975
9981
9990
9994
10010
10020
10038
10052
10054
10056
10064
10071
10085
10117
10164
10179
10180
10184
10186
10189
10218
10264
10272
10295
10299
10335
10347
10351
10358
10378
10381
10428
10443
10455
10459
10482
10485
10513
10514
10519
10521
10523
10548
10558
10576
10585
10609
10653
10675
10689
10743
10749
10759
10774
10777
10780
10784
10789
10791
10805
10809
10833
10847
10860
10870
10872
10879
10889
10892
10913
10942
10945
10949
10973
11029
11068
11090
11123
11141
11143
11163
11166
11168
11259
11321
11323
11326
11342
11351
11352
11353
11358
11400
11406
11413
11418
11425
11464
11517
11523
11538
11553
11554
11561
11574
11580
11583
11601
11639
11640
11679
11710
11716
11751
11780
11805
11814
11837
11866
12011
12027
12067
12096
12117
12142
12146
12157
12158
12169
12170
12242
12247
12253
12263
12264
12269
12293
12304
12319
12353
12358
12385
12386
12387
12392
12405
12482
12499
12506
12515
12525
12548
12554
12568
12582
12587
12610
12618
12666
12676
12677
12716
12746
12799
12828
12833
12876
12895
12906
12912
12919
12930
12954
12963
12965
12989
12991
13034
13039
13065
13121
13122
13123
13138
13162
13168
13169
13216
13219
13223
13227
13241
13254
13258
13260
13263
13267
13282
13291
13300
13318
13357
13419
13430
13479
13495
13496
13584
13587
13663
13685
13689
13766
13769
13770
13832
13848
13881
13890
13927
13975
14039
14070
14088
14112
14174
14216
14260
14280
14329
14419
14516
14557
14626
14642
14669
14716
14795
14796
14799
14806
14831
14832
14901
14932
14968
14983
15000
15001
15010
15024
15033
15097
15108
15153
15213
15220
15227
15243
15249
15258
15273
15278
15341
15373
15393
15439
15500
15515
15642
15648
15691
15739
15764
15767
15851
15863
15885
15899
15948
15976
16056
16057
16087
16089
16126
16131
16196
16238
16241
16281
16297
16356
16368
16380
16387
16390
16397
16399
16429
16439
16482
16494
16513
16525
16548
16556
16613
16695
16710
16734
16740
16792
16853
16892
16918
17105
17122
17267
17288
17295
17297
17310
17410
17420
17514
17570
17633
17821
17861
17887
17895
17928
17929
17931
17945
17947
18051
18056
18078
18088
18092
18107
18110
18116
18120
18125
18128
18129
18135
18139
18141
18143
18144
18145
18173
18176
18177
18180
18181
18183
18184
18186
18199
18204
18205
18206
18212
18216
18224
18227
18239
18285
18294
18311
18318
18349
18351
18373
18413
18485
18517
18539
18585
18624
18625
18709
18727
18733
18738
18796
18829
18831
18863
18867
18890
18910
18996
19035
19441
19446
19659
19765
19879
