0
1
3
7
8
9
10
12
13
15
16
17
18
19
20
22
23
24
26
28
29
30
32
35
36
39
40
41
42
43
45
48
50
51
53
54
55
56
57
58
59
60
61
62
66
67
68
69
70
71
72
73
74
75
76
77
78
79
80
81
82
83
84
85
86
87
88
89
90
91
92
93
94
96
97
98
99
100
101
103
106
107
108
109
110
111
112
113
114
115
116
119
120
122
123
124
125
126
127
128
130
131
132
133
134
135
136
137
140
141
142
143
145
146
147
148
149
150
152
153
154
155
156
157
159
162
163
165
166
167
168
169
170
172
173
176
177
178
179
180
181
182
183
185
186
189
191
192
193
194
197
198
199
200
201
202
203
204
205
206
207
208
209
210
211
213
214
215
217
218
219
222
223
224
226
228
229
230
233
236
237
238
240
241
243
244
247
248
253
254
255
257
259
260
261
262
263
264
265
270
271
272
273
275
278
279
280
281
282
283
285
287
288
289
290
293
295
296
297
299
300
302
303
304
306
307
308
310
311
312
313
319
320
321
322
323
325
326
329
333
334
335
337
338
340
342
343
344
345
346
347
349
350
351
352
353
354
356
358
359
360
363
366
369
370
371
372
373
374
375
376
377
379
380
381
383
384
385
386
387
388
389
390
393
394
395
399
402
403
405
407
408
409
411
412
417
418
419
421
423
424
425
426
427
428
431
432
433
434
435
436
437
438
439
441
442
445
449
450
451
452
454
455
457
458
459
460
463
464
465
466
468
469
470
473
474
475
477
479
480
481
482
483
488
489
490
491
492
493
494
499
501
502
503
504
506
508
510
513
514
516
518
519
520
521
525
526
527
529
532
533
534
536
537
538
539
540
541
542
546
548
549
550
551
552
553
554
555
557
558
559
563
564
565
566
567
569
573
575
576
579
582
587
589
590
591
594
595
596
597
599
600
601
602
603
604
606
607
608
609
610
611
612
614
615
616
617
619
620
622
623
625
628
631
632
633
634
635
636
637
638
640
641
645
646
648
650
651
652
653
654
656
658
659
660
661
662
663
665
666
667
668
670
671
672
673
678
679
680
681
682
684
685
687
688
689
690
692
693
694
695
696
697
698
700
703
706
707
708
709
710
714
717
718
719
720
721
723
724
725
727
728
730
731
732
733
734
735
736
737
739
741
743
744
745
749
750
751
752
753
754
755
756
758
759
760
761
763
765
768
770
772
773
774
775
776
777
778
779
780
781
782
783
785
787
788
789
790
791
792
793
795
796
797
798
800
801
804
805
806
807
810
811
812
815
816
817
819
820
821
822
825
826
827
830
832
834
836
837
838
839
843
845
846
847
848
849
850
853
854
856
857
858
859
860
861
864
865
867
868
869
870
872
874
875
876
877
878
879
883
884
885
886
887
888
889
892
895
896
897
898
900
901
902
903
904
906
908
909
911
912
913
916
918
919
920
921
922
926
927
928
929
930
931
932
933
934
935
937
938
940
941
942
943
944
946
948
949
950
953
955
956
957
958
960
961
963
966
967
969
970
971
973
974
975
976
977
978
979
980
982
983
984
986
987
988
990
992
994
996
997
998
999
1002
1003
1005
1006
1008
1009
1011
1012
1013
1014
1015
1016
1018
1019
1022
1024
1025
1027
1028
1029
1030
1031
1032
1034
1037
1038
1040
1041
1043
1044
1049
1050
1053
1055
1057
1061
1062
1063
1065
1066
1067
1070
1071
1074
1076
1077
1079
1081
1082
1083
1084
1085
1086
1088
1090
1091
1092
1097
1098
1099
1103
1104
1105
1106
1107
1108
1109
1110
1111
1113
1120
1122
1123
1124
1126
1127
1128
1129
1131
1132
1133
1134
1136
1137
1138
1139
1143
1144
1145
1146
1149
1150
1152
1153
1155
1156
1158
1159
1160
1161
1162
1167
1168
1169
1172
1177
1178
1179
1180
1181
1184
1186
1187
1188
1189
1190
1191
1194
1196
1198
1199
1200
1202
1203
1206
1208
1209
1210
1211
1212
1213
1214
1215
1216
1217
1219
1220
1223
1224
1225
1226
1227
1229
1231
1233
1234
1236
1237
1242
1244
1245
1246
1249
1250
1251
1253
1255
1257
1258
1264
1265
1267
1268
1269
1270
1271
1272
1274
1275
1276
1277
1278
1279
1280
1285
1286
1295
1297
1299
1300
1301
1302
1304
1306
1308
1309
1310
1311
1312
1316
1321
1322
1323
1327
1328
1329
1331
1333
1335
1338
1339
1345
1346
1347
1348
1350
1352
1353
1354
1355
1356
1358
1362
1363
1365
1367
1368
1369
1370
1371
1372
1373
1375
1379
1380
1382
1384
1385
1386
1387
1389
1390
1393
1395
1399
1400
1402
1403
1404
1406
1408
1409
1410
1418
1419
1421
1422
1425
1426
1427
1429
1433
1434
1435
1436
1437
1440
1443
1444
1446
1447
1449
1451
1453
1456
1457
1458
1463
1465
1466
1468
1469
1472
1473
1474
1475
1476
1478
1479
1480
1482
1483
1485
1487
1488
1490
1491
1492
1495
1497
1498
1500
1502
1503
1504
1505
1507
1513
1514
1516
1521
1524
1526
1527
1528
1530
1535
1536
1539
1540
1541
1542
1544
1545
1547
1548
1549
1550
1552
1553
1554
1556
1559
1560
1561
1562
1563
1564
1566
1567
1568
1571
1572
1575
1580
1581
1583
1587
1589
1590
1591
1592
1593
1595
1596
1598
1599
1600
1606
1610
1613
1616
1619
1620
1622
1623
1625
1629
1630
1633
1635
1636
1638
1639
1640
1641
1644
1646
1647
1652
1653
1655
1657
1659
1660
1662
1664
1667
1668
1669
1673
1674
1677
1678
1679
1680
1683
1686
1688
1689
1692
1693
1694
1697
1703
1705
1711
1712
1714
1715
1716
1717
1723
1726
1727
1729
1730
1731
1733
1735
1736
1739
1744
1745
1746
1747
1748
1752
1755
1758
1759
1760
1761
1762
1763
1764
1765
1766
1767
1769
1770
1773
1774
1778
1781
1783
1788
1789
1790
1791
1792
1794
1795
1796
1798
1802
1809
1810
1811
1815
1819
1821
1828
1830
1831
1832
1835
1841
1843
1850
1852
1853
1855
1856
1857
1859
1860
1864
1867
1868
1869
1870
1871
1873
1875
1880
1881
1887
1895
1896
1900
1902
1904
1907
1909
1911
1912
1915
1918
1919
1922
1923
1924
1925
1929
1931
1933
1935
1937
1939
1941
1943
1944
1947
1950
1951
1956
1957
1959
1960
1961
1964
1965
1967
1969
1970
1971
1972
1973
1977
1980
1982
1983
1985
1989
1990
1991
1996
1999
2003
2004
2007
2008
2009
2010
2011
2012
2015
2016
2017
2018
2019
2021
2025
2026
2027
2028
2029
2030
2032
2033
2034
2035
2037
2038
2039
2041
2043
2046
2047
2048
2049
2050
2052
2054
2055
2056
2057
2060
2064
2066
2067
2068
2069
2070
2072
2073
2074
2075
2076
2078
2079
2081
2082
2085
2088
2092
2095
2097
2098
2099
2100
2101
2103
2104
2105
2107
2109
2110
2112
2113
2118
2124
2125
2128
2129
2130
2131
2132
2133
2136
2137
2140
2144
2146
2150
2154
2155
2156
2157
2158
2164
2165
2167
2168
2169
2170
2172
2174
2176
2177
2185
2189
2190
2192
2193
2194
2196
2197
2198
2199
2201
2202
2205
2208
2209
2215
2219
2222
2223
2224
2225
2226
2227
2229
2232
2233
2235
2238
2239
2240
2246
2247
2249
2251
2252
2254
2256
2260
2265
2268
2270
2278
2284
2290
2292
2293
2300
2301
2303
2309
2310
2313
2318
2321
2322
2323
2324
2328
2330
2332
2335
2336
2337
2338
2341
2344
2345
2348
2349
2354
2355
2358
2359
2363
2364
2365
2366
2368
2369
2370
2372
2376
2378
2379
2380
2381
2382
2385
2388
2389
2394
2397
2398
2399
2401
2402
2403
2406
2407
2408
2410
2412
2413
2417
2418
2423
2424
2425
2429
2430
2432
2434
2436
2437
2438
2443
2446
2448
2450
2452
2453
2454
2455
2457
2460
2463
2464
2466
2467
2469
2470
2472
2473
2477
2482
2484
2486
2489
2490
2491
2492
2493
2494
2497
2498
2499
2500
2501
2502
2504
2505
2508
2509
2511
2514
2515
2516
2517
2518
2521
2522
2523
2524
2525
2526
2527
2528
2530
2531
2532
2533
2535
2536
2537
2539
2540
2543
2544
2545
2546
2547
2548
2549
2551
2552
2554
2555
2556
2557
2558
2559
2562
2563
2564
2566
2567
2568
2569
2571
2574
2578
2581
2582
2583
2584
2585
2586
2587
2591
2593
2594
2595
2597
2599
2600
2601
2602
2603
2604
2605
2606
2608
2610
2613
2614
2615
2619
2622
2623
2624
2625
2627
2628
2629
2633
2634
2637
2638
2640
2641
2642
2643
2644
2645
2646
2647
2648
2649
2650
2651
2652
2653
2655
2656
2657
2658
2659
2660
2661
2662
2663
2664
2665
2666
2667
2669
2670
2671
2672
2674
2675
2676
2678
2679
2680
2681
2682
2683
2684
2685
2687
2688
2691
2692
2693
2694
2696
2697
2700
2702
2703
2708
2710
2714
2715
2716
2717
2718
2720
2721
2722
2723
2724
2725
2727
2728
2729
2731
2732
2733
2734
2738
2739
2746
2747
2749
2750
2754
2755
2757
2758
2759
2761
2762
2763
2765
2766
2769
2770
2771
2774
2775
2776
2777
2778
2779
2781
2782
2783
2784
2786
2787
2788
2789
2791
2792
2793
2795
2796
2798
2799
2800
2801
2802
2803
2805
2807
2808
2809
2810
2811
2814
2816
2818
2819
2820
2821
2822
2823
2824
2825
2826
2829
2830
2832
2833
2837
2838
2839
2840
2843
2844
2845
2846
2848
2850
2851
2852
2853
2856
2857
2859
2860
2861
2862
2863
2867
2868
2869
2871
2876
2878
2879
2882
2885
2886
2889
2891
2892
2893
2895
2896
2898
2899
2901
2902
2903
2904
2907
2910
2912
2914
2915
2916
2918
2920
2921
2922
2924
2926
2928
2931
2932
2933
2934
2939
2940
2941
2945
2947
2948
2949
2950
2952
2953
2954
2959
2962
2963
2964
2967
2970
2971
2973
2974
2976
2978
2979
2980
2982
2983
2984
2985
2987
2988
2989
2992
2994
2996
2997
2999
3000
3001
3002
3003
3006
3007
3008
3010
3011
3016
3018
3019
3020
3021
3023
3028
3029
3033
3035
3037
3042
3044
3046
3049
3050
3051
3052
3053
3056
3058
3059
3060
3061
3064
3068
3069
3071
3073
3075
3076
3078
3079
3082
3083
3084
3088
3089
3090
3091
3092
3094
3095
3096
3097
3098
3099
3100
3102
3103
3105
3106
3107
3108
3109
3110
3111
3113
3115
3116
3118
3119
3120
3123
3124
3126
3127
3128
3130
3132
3133
3134
3136
3137
3141
3144
3146
3150
3151
3153
3154
3155
3156
3157
3158
3160
3161
3162
3163
3165
3166
3167
3168
3169
3170
3171
3172
3173
3174
3176
3177
3178
3180
3182
3183
3184
3185
3187
3188
3189
3192
3194
3197
3198
3199
3200
3201
3202
3205
3206
3207
3208
3209
3210
3211
3213
3214
3215
3216
3217
3222
3223
3228
3230
3232
3234
3238
3239
3240
3242
3244
3246
3248
3250
3253
3254
3256
3257
3259
3260
3261
3263
3264
3265
3267
3268
3269
3270
3271
3272
3275
3277
3278
3279
3281
3284
3285
3286
3287
3288
3290
3292
3293
3296
3297
3301
3302
3305
3308
3309
3310
3311
3313
3314
3315
3316
3317
3319
3322
3323
3324
3325
3327
3328
3330
3331
3334
3336
3337
3340
3341
3342
3343
3344
3346
3347
3348
3350
3352
3353
3354
3357
3361
3365
3367
3368
3369
3370
3372
3373
3375
3376
3377
3378
3379
3380
3383
3384
3385
3386
3388
3390
3394
3395
3398
3399
3400
3402
3403
3404
3405
3406
3407
3408
3410
3412
3413
3414
3415
3416
3417
3419
3420
3421
3422
3423
3424
3426
3431
3432
3434
3435
3436
3437
3438
3439
3443
3447
3448
3450
3452
3453
3454
3455
3456
3457
3459
3461
3462
3463
3464
3465
3466
3467
3468
3469
3470
3471
3472
3473
3474
3476
3477
3478
3479
3480
3482
3483
3484
3486
3487
3488
3489
3490
3492
3493
3495
3496
3497
3498
3499
3503
3504
3506
3507
3510
3511
3513
3515
3516
3517
3519
3520
3521
3523
3524
3525
3526
3527
3529
3530
3531
3532
3533
3534
3535
3538
3539
3541
3543
3544
3545
3546
3547
3549
3550
3551
3552
3553
3554
3556
3557
3558
3559
3560
3562
3565
3566
3567
3568
3570
3571
3572
3573
3574
3576
3578
3579
3580
3581
3582
3583
3584
3585
3590
3591
3592
3596
3598
3599
3600
3601
3602
3603
3604
3605
3606
3607
3608
3609
3610
3611
3612
3613
3614
3616
3617
3619
3620
3621
3622
3623
3624
3625
3628
3630
3632
3633
3635
3637
3639
3642
3646
3648
3649
3650
3651
3653
3654
3655
3656
3658
3662
3664
3667
3668
3674
3676
3678
3679
3680
3682
3683
3685
3687
3689
3691
3692
3693
3694
3697
3698
3699
3700
3701
3702
3703
3704
3705
3706
3707
3708
3709
3710
3711
3713
3714
3715
3716
3718
3720
3721
3722
3723
3724
3727
3729
3731
3732
3733
3734
3738
3740
3741
3742
3743
3746
3749
3751
3752
3753
3755
3756
3757
3759
3760
3761
3763
3764
3766
3767
3769
3771
3772
3776
3777
3778
3780
3782
3783
3784
3785
3786
3788
3789
3790
3791
3792
3793
3795
3797
3799
3801
3803
3804
3806
3808
3810
3812
3813
3814
3815
3816
3817
3818
3819
3820
3821
3822
3823
3824
3825
3826
3827
3829
3830
3831
3833
3834
3841
3843
3844
3845
3846
3847
3848
3849
3852
3854
3855
3857
3858
3860
3862
3864
3865
3866
3867
3868
3869
3870
3871
3873
3874
3875
3879
3880
3881
3882
3884
3886
3887
3891
3892
3893
3895
3896
3897
3898
3899
3900
3901
3902
3906
3908
3909
3911
3912
3913
3915
3916
3919
3921
3922
3923
3924
3926
3934
3936
3938
3940
3941
3943
3944
3945
3946
3947
3953
3955
3956
3958
3959
3960
3961
3962
3963
3965
3967
3968
3969
3970
3971
3972
3974
3976
3979
3980
3981
3982
3983
3984
3985
3987
3989
3993
3994
3997
4000
4001
4003
4004
4005
4006
4007
4008
4009
4012
4013
4014
4016
4017
4018
4019
4020
4022
4023
4024
4027
4030
4032
4033
4034
4036
4038
4039
4040
4042
4043
4044
4045
4046
4048
4053
4056
4057
4059
4060
4061
4062
4070
4071
4072
4074
4079
4080
4082
4083
4085
4086
4087
4088
4092
4095
4096
4098
4101
4103
4104
4106
4108
4109
4110
4111
4112
4113
4114
4115
4116
4118
4119
4120
4122
4123
4124
4126
4127
4129
4131
4134
4137
4138
4140
4141
4143
4144
4145
4146
4147
4148
4149
4150
4152
4153
4154
4156
4157
4158
4159
4160
4164
4165
4169
4171
4172
4173
4175
4178
4179
4182
4183
4184
4185
4186
4187
4188
4190
4191
4192
4194
4197
4205
4209
4214
4215
4217
4218
4220
4221
4223
4224
4228
4229
4231
4232
4234
4237
4238
4239
4240
4242
4243
4245
4248
4250
4252
4253
4254
4255
4256
4258
4262
4264
4265
4266
4267
4268
4269
4270
4272
4274
4275
4276
4281
4282
4284
4286
4289
4293
4294
4298
4299
4301
4303
4306
4308
4309
4310
4311
4313
4315
4316
4317
4319
4321
4323
4324
4325
4326
4328
4329
4330
4331
4334
4335
4336
4337
4339
4340
4345
4347
4349
4352
4354
4355
4358
4359
4362
4364
4368
4370
4373
4375
4378
4379
4381
4382
4383
4384
4387
4388
4389
4390
4391
4392
4393
4396
4397
4398
4400
4402
4405
4406
4407
4408
4412
4414
4415
4418
4421
4422
4424
4425
4426
4427
4428
4430
4434
4437
4438
4439
4441
4442
4444
4445
4447
4448
4451
4453
4455
4456
4458
4465
4466
4469
4470
4473
4474
4477
4478
4479
4480
4481
4483
4484
4486
4487
4489
4490
4491
4492
4496
4497
4502
4506
4508
4510
4513
4514
4515
4516
4518
4519
4523
4524
4527
4528
4531
4532
4533
4534
4539
4542
4543
4544
4545
4546
4549
4551
4553
4555
4556
4557
4558
4559
4560
4561
4562
4563
4564
4566
4567
4568
4569
4571
4577
4578
4579
4580
4581
4582
4586
4587
4588
4592
4593
4594
4595
4596
4600
4603
4605
4606
4607
4611
4612
4613
4614
4615
4616
4618
4622
4625
4630
4632
4634
4635
4636
4640
4642
4645
4646
4647
4649
4650
4651
4658
4660
4661
4662
4663
4664
4666
4668
4670
4671
4673
4674
4677
4679
4683
4688
4690
4691
4694
4695
4696
4698
4699
4701
4702
4703
4704
4707
4708
4709
4710
4712
4713
4714
4715
4716
4717
4719
4722
4725
4726
4727
4734
4741
4742
4743
4746
4749
4751
4753
4755
4756
4757
4759
4760
4763
4765
4766
4768
4769
4770
4774
4776
4778
4779
4780
4784
4787
4788
4790
4797
4799
4801
4802
4803
4805
4807
4810
4812
4813
4814
4815
4816
4817
4821
4822
4826
4828
4829
4830
4831
4833
4834
4835
4836
4837
4839
4841
4843
4844
4845
4846
4847
4850
4851
4859
4860
4861
4862
4863
4865
4866
4869
4870
4871
4873
4875
4876
4877
4878
4879
4881
4882
4883
4884
4886
4887
4888
4890
4894
4898
4900
4902
4903
4904
4906
4907
4909
4910
4912
4913
4914
4916
4917
4918
4919
4920
4922
4923
4927
4929
4930
4931
4932
4938
4939
4941
4942
4943
4946
4952
4953
4955
4957
4959
4962
4964
4965
4969
4971
4972
4973
4975
4976
4979
4980
4981
4984
4987
4993
4994
4996
4998
5001
5002
5005
5007
5011
5013
5014
5019
5021
5022
5030
5035
5036
5038
5040
5041
5045
5047
5051
5052
5055
5062
5063
5064
5065
5068
5072
5074
5076
5082
5083
5084
5087
5088
5090
5092
5093
5097
5099
5101
5102
5104
5105
5110
5111
5112
5114
5116
5119
5120
5121
5124
5125
5126
5127
5132
5134
5136
5137
5138
5139
5140
5141
5145
5146
5148
5152
5153
5154
5156
5157
5160
5166
5167
5169
5172
5176
5179
5184
5186
5187
5190
5192
5193
5196
5197
5198
5200
5204
5205
5218
5220
5222
5223
5226
5227
5228
5230
5231
5233
5235
5238
5242
5243
5244
5246
5247
5249
5251
5252
5254
5255
5261
5262
5263
5264
5265
5267
5268
5269
5271
5273
5275
5277
5279
5280
5282
5286
5292
5293
5294
5295
5296
5300
5301
5302
5304
5305
5306
5307
5309
5310
5311
5312
5313
5315
5316
5317
5321
5322
5323
5326
5328
5330
5331
5333
5335
5338
5339
5340
5341
5343
5344
5345
5349
5351
5352
5356
5357
5358
5359
5361
5362
5363
5366
5367
5369
5370
5371
5376
5379
5382
5383
5385
5386
5387
5388
5395
5399
5400
5401
5408
5409
5413
5416
5418
5419
5422
5423
5424
5425
5428
5432
5433
5435
5436
5437
5438
5440
5441
5446
5447
5449
5450
5452
5453
5454
5456
5457
5458
5460
5461
5463
5464
5466
5468
5470
5471
5472
5473
5474
5475
5476
5477
5478
5479
5481
5482
5484
5487
5489
5491
5493
5494
5497
5499
5500
5501
5502
5503
5504
5505
5511
5512
5513
5515
5516
5517
5519
5521
5523
5526
5528
5529
5530
5531
5533
5534
5535
5536
5540
5541
5544
5549
5550
5551
5553
5556
5557
5559
5560
5561
5563
5564
5565
5566
5570
5571
5573
5574
5577
5580
5581
5582
5583
5584
5585
5587
5588
5590
5591
5592
5594
5598
5600
5601
5602
5603
5605
5606
5614
5615
5616
5620
5621
5623
5624
5625
5629
5630
5631
5632
5633
5635
5636
5638
5639
5640
5642
5643
5645
5646
5647
5648
5649
5651
5652
5654
5656
5657
5658
5660
5664
5666
5667
5668
5669
5673
5675
5676
5678
5680
5681
5686
5688
5690
5691
5697
5698
5699
5700
5702
5706
5708
5709
5710
5712
5718
5719
5720
5721
5723
5726
5730
5734
5736
5738
5743
5745
5746
5747
5748
5749
5751
5754
5755
5756
5759
5760
5761
5762
5763
5764
5765
5766
5768
5773
5774
5776
5778
5779
5780
5784
5786
5789
5790
5791
5792
5793
5794
5795
5796
5801
5803
5804
5805
5806
5810
5812
5813
5814
5817
5818
5819
5822
5825
5827
5829
5831
5833
5834
5836
5837
5838
5840
5842
5843
5845
5847
5848
5850
5851
5852
5853
5855
5856
5858
5859
5860
5861
5862
5865
5867
5868
5869
5871
5872
5875
5876
5878
5880
5882
5883
5884
5888
5890
5891
5894
5897
5901
5902
5906
5911
5913
5914
5915
5916
5919
5920
5923
5925
5926
5927
5928
5929
5930
5933
5939
5941
5942
5943
5945
5946
5947
5948
5949
5952
5953
5954
5955
5956
5959
5961
5966
5968
5971
5974
5975
5977
5981
5984
5985
5987
5989
5992
5993
5994
5997
5999
6000
6006
6007
6010
6011
6013
6015
6019
6020
6021
6022
6023
6025
6027
6028
6031
6032
6033
6034
6035
6036
6037
6039
6041
6042
6043
6044
6046
6047
6050
6052
6053
6056
6057
6060
6062
6063
6066
6067
6068
6069
6072
6073
6074
6076
6079
6081
6084
6085
6087
6089
6091
6092
6093
6094
6095
6099
6103
6104
6105
6106
6108
6110
6111
6113
6114
6117
6119
6120
6122
6124
6125
6126
6128
6134
6135
6137
6138
6139
6140
6142
6143
6144
6145
6149
6150
6153
6154
6155
6156
6158
6159
6160
6162
6163
6164
6170
6172
6173
6178
6182
6184
6185
6186
6187
6193
6195
6199
6204
6205
6208
6212
6213
6214
6215
6216
6218
6220
6223
6224
6225
6227
6230
6232
6233
6234
6235
6236
6241
6243
6248
6253
6254
6255
6261
6263
6267
6268
6270
6271
6272
6273
6274
6276
6277
6278
6282
6285
6286
6287
6290
6291
6292
6293
6297
6299
6300
6302
6305
6306
6308
6309
6310
6314
6315
6317
6321
6322
6329
6343
6344
6347
6349
6350
6351
6352
6353
6354
6356
6357
6358
6359
6360
6361
6362
6363
6366
6367
6370
6371
6372
6373
6374
6375
6376
6377
6380
6381
6385
6388
6389
6390
6391
6392
6393
6394
6401
6403
6405
6409
6411
6412
6413
6414
6415
6416
6418
6419
6420
6421
6424
6425
6427
6430
6431
6433
6434
6435
6441
6444
6447
6451
6453
6455
6457
6458
6460
6461
6462
6463
6464
6466
6467
6469
6479
6480
6481
6482
6485
6486
6488
6491
6493
6496
6500
6502
6503
6506
6509
6510
6511
6512
6515
6516
6518
6519
6522
6523
6525
6528
6531
6532
6533
6534
6538
6544
6545
6548
6550
6553
6556
6559
6561
6564
6565
6574
6577
6579
6580
6581
6584
6585
6586
6587
6588
6591
6596
6597
6599
6600
6601
6602
6603
6609
6610
6612
6613
6616
6620
6621
6622
6624
6625
6626
6627
6628
6629
6631
6634
6637
6640
6642
6645
6649
6650
6653
6656
6661
6663
6665
6668
6669
6673
6674
6675
6676
6680
6682
6684
6687
6689
6690
6691
6694
6698
6699
6700
6701
6703
6704
6705
6706
6709
6713
6717
6718
6719
6720
6721
6722
6723
6728
6729
6730
6735
6736
6738
6739
6741
6745
6749
6750
6761
6762
6763
6765
6767
6769
6772
6773
6778
6779
6781
6784
6786
6787
6788
6790
6791
6792
6795
6796
6799
6800
6801
6804
6807
6809
6810
6812
6813
6814
6816
6820
6821
6822
6825
6827
6833
6834
6836
6840
6841
6844
6846
6850
6856
6857
6859
6863
6865
6869
6870
6871
6878
6879
6880
6881
6884
6885
6886
6889
6892
6894
6897
6903
6906
6907
6908
6910
6914
6915
6918
6921
6922
6924
6925
6926
6927
6932
6933
6934
6935
6936
6938
6943
6944
6948
6949
6951
6954
6956
6960
6961
6962
6963
6964
6965
6970
6971
6972
6973
6974
6977
6978
6980
6984
6988
6990
6991
6992
6999
7002
7004
7005
7008
7009
7010
7011
7015
7018
7020
7023
7027
7029
7030
7031
7035
7036
7037
7038
7039
7040
7041
7042
7046
7048
7049
7052
7055
7056
7060
7061
7062
7064
7065
7066
7068
7072
7074
7079
7080
7081
7082
7083
7086
7090
7093
7094
7097
7098
7101
7102
7103
7104
7108
7109
7112
7115
7116
7123
7125
7126
7131
7132
7133
7134
7135
7138
7140
7141
7142
7143
7146
7148
7152
7154
7159
7162
7165
7167
7171
7172
7174
7175
7176
7177
7178
7179
7183
7184
7189
7191
7192
7194
7200
7202
7203
7208
7209
7210
7211
7212
7213
7215
7220
7221
7222
7223
7225
7226
7231
7232
7234
7235
7236
7238
7239
7240
7241
7242
7243
7244
7245
7247
7248
7249
7250
7251
7253
7256
7257
7259
7260
7261
7268
7271
7273
7274
7275
7276
7277
7279
7281
7282
7284
7285
7286
7292
7294
7295
7300
7303
7311
7314
7315
7317
7318
7319
7320
7324
7328
7329
7333
7337
7340
7342
7346
7353
7358
7360
7362
7363
7366
7373
7375
7377
7378
7379
7382
7384
7385
7391
7392
7393
7394
7396
7397
7398
7402
7403
7405
7406
7408
7409
7410
7413
7415
7420
7422
7426
7427
7430
7431
7439
7441
7449
7451
7455
7458
7460
7461
7462
7463
7465
7466
7470
7472
7473
7478
7480
7483
7488
7490
7492
7495
7498
7501
7505
7506
7507
7508
7512
7513
7517
7518
7519
7521
7523
7527
7532
7533
7534
7535
7538
7544
7546
7547
7549
7550
7551
7552
7553
7554
7557
7558
7559
7560
7561
7562
7563
7565
7567
7569
7570
7572
7573
7575
7576
7578
7579
7580
7582
7583
7584
7585
7586
7588
7589
7592
7593
7595
7596
7598
7599
7604
7608
7609
7612
7614
7615
7618
7622
7623
7624
7626
7627
7629
7630
7631
7633
7634
7635
7636
7637
7638
7640
7641
7643
7645
7647
7650
7654
7657
7658
7661
7662
7664
7665
7666
7668
7670
7671
7673
7680
7682
7683
7684
7686
7687
7688
7690
7691
7693
7694
7695
7699
7700
7701
7702
7703
7706
7707
7708
7710
7713
7714
7715
7717
7719
7721
7724
7725
7727
7729
7730
7734
7735
7738
7739
7740
7741
7745
7746
7748
7749
7750
7754
7757
7758
7759
7760
7761
7762
7765
7766
7768
7769
7770
7772
7773
7774
7775
7776
7777
7779
7780
7781
7783
7784
7785
7787
7793
7794
7797
7798
7801
7803
7804
7806
7807
7809
7815
7816
7817
7818
7820
7821
7822
7824
7825
7827
7828
7829
7830
7831
7832
7834
7835
7837
7839
7844
7847
7848
7852
7854
7856
7857
7858
7860
7861
7862
7865
7867
7868
7869
7870
7873
7874
7877
7878
7880
7881
7882
7883
7886
7887
7888
7893
7894
7897
7898
7900
7901
7906
7907
7908
7909
7910
7912
7913
7915
7916
7917
7918
7921
7923
7924
7925
7926
7927
7928
7929
7931
7933
7934
7935
7940
7941
7942
7943
7944
7946
7947
7949
7951
7952
7953
7954
7956
7958
7960
7961
7964
7967
7969
7970
7971
7972
7976
7980
7981
7982
7984
7993
7994
7995
7998
8003
8004
8006
8008
8009
8011
8014
8016
8017
8024
8030
8034
8035
8039
8041
8044
8047
8049
8051
8052
8054
8056
8058
8059
8060
8062
8063
8064
8065
8066
8067
8069
8071
8072
8073
8074
8075
8077
8078
8080
8081
8083
8084
8086
8087
8090
8092
8100
8102
8104
8105
8110
8113
8115
8116
8118
8119
8120
8126
8129
8130
8131
8135
8138
8141
8144
8145
8146
8147
8149
8150
8152
8153
8154
8155
8157
8158
8159
8161
8168
8169
8170
8173
8174
8175
8180
8184
8185
8188
8194
8195
8197
8200
8206
8208
8209
8212
8213
8215
8216
8221
8222
8224
8227
8228
8229
8232
8233
8234
8236
8237
8239
8240
8243
8245
8248
8249
8250
8251
8252
8253
8260
8263
8264
8269
8270
8275
8276
8278
8279
8280
8281
8282
8287
8291
8293
8294
8298
8306
8308
8312
8314
8317
8318
8320
8323
8324
8325
8327
8330
8331
8333
8335
8336
8337
8338
8341
8342
8343
8345
8346
8347
8348
8349
8354
8356
8357
8358
8359
8360
8362
8365
8366
8367
8368
8369
8371
8372
8373
8375
8383
8387
8388
8389
8394
8395
8396
8397
8400
8401
8403
8404
8405
8407
8408
8409
8410
8412
8413
8418
8420
8424
8425
8426
8428
8431
8434
8437
8443
8444
8448
8449
8450
8452
8455
8456
8458
8459
8461
8462
8465
8466
8469
8470
8471
8472
8473
8477
8478
8481
8482
8483
8484
8485
8486
8488
8493
8496
8500
8507
8513
8514
8518
8522
8532
8533
8537
8541
8542
8544
8546
8547
8548
8549
8557
8561
8567
8568
8572
8577
8578
8580
8581
8583
8584
8587
8588
8589
8590
8591
8593
8594
8596
8599
8600
8603
8605
8606
8607
8608
8609
8612
8613
8614
8616
8629
8630
8633
8635
8638
8640
8643
8645
8646
8648
8650
8652
8655
8659
8660
8666
8669
8670
8672
8676
8680
8684
8685
8691
8693
8705
8706
8723
8731
8732
8733
8735
8736
8739
8743
8746
8748
8753
8755
8758
8760
8761
8764
8766
8771
8773
8775
8780
8783
8785
8786
8787
8789
8790
8792
8797
8799
8800
8801
8802
8803
8805
8806
8809
8810
8811
8814
8816
8818
8820
8821
8822
8823
8824
8826
8827
8828
8829
8834
8835
8836
8837
8839
8847
8849
8853
8855
8856
8857
8860
8862
8863
8864
8865
8866
8867
8868
8870
8873
8874
8877
8879
8885
8889
8892
8896
8897
8898
8902
8904
8905
8908
8914
8915
8917
8919
8920
8921
8922
8925
8927
8928
8929
8930
8934
8938
8939
8940
8942
8943
8944
8946
8947
8949
8955
8958
8963
8968
8970
8972
8973
8974
8975
8978
8980
8981
8982
8984
8985
8986
8988
8992
8995
8998
8999
9003
9005
9006
9007
9008
9011
9019
9021
9026
9029
9031
9036
9039
9040
9041
9044
9049
9052
9053
9059
9060
9061
9062
9063
9065
9066
9069
9078
9079
9080
9081
9083
9085
9086
9089
9090
9091
9092
9093
9096
9097
9099
9101
9104
9105
9106
9108
9109
9111
9112
9113
9115
9117
9122
9123
9126
9127
9131
9132
9137
9140
9143
9148
9149
9150
9157
9169
9170
9172
9175
9177
9178
9179
9180
9184
9185
9189
9193
9194
9195
9198
9199
9202
9203
9204
9207
9208
9209
9211
9212
9213
9214
9215
9217
9218
9219
9220
9222
9224
9227
9229
9232
9233
9235
9236
9238
9239
9240
9241
9242
9247
9248
9249
9250
9252
9253
9255
9261
9262
9263
9264
9265
9266
9267
9268
9269
9270
9271
9272
9273
9274
9276
9277
9278
9279
9280
9281
9282
9283
9284
9286
9287
9288
9289
9290
9295
9297
9298
9299
9300
9305
9308
9309
9310
9312
9314
9315
9322
9325
9326
9327
9328
9334
9335
9336
9337
9338
9340
9344
9348
9351
9352
9355
9357
9362
9365
9370
9371
9374
9378
9380
9383
9384
9387
9388
9390
9391
9393
9396
9398
9400
9401
9403
9405
9408
9410
9412
9415
9416
9418
9420
9421
9422
9423
9426
9429
9430
9435
9438
9442
9445
9446
9447
9449
9452
9453
9459
9460
9461
9462
9463
9467
9468
9475
9476
9481
9484
9485
9488
9489
9490
9491
9497
9499
9501
9502
9503
9507
9510
9513
9514
9519
9520
9521
9523
9524
9525
9526
9528
9529
9530
9531
9532
9533
9535
9537
9539
9540
9541
9543
9544
9545
9549
9550
9551
9555
9556
9559
9560
9561
9562
9563
9565
9567
9568
9569
9571
9575
9582
9586
9588
9590
9591
9593
9594
9598
9599
9600
9603
9607
9609
9615
9619
9620
9623
9625
9629
9630
9636
9639
9640
9642
9644
9649
9652
9653
9654
9655
9660
9662
9666
9667
9669
9670
9672
9674
9677
9679
9681
9682
9684
9685
9692
9693
9695
9699
9702
9716
9717
9718
9719
9721
9722
9724
9727
9728
9730
9731
9737
9740
9747
9748
9749
9750
9753
9759
9761
9764
9765
9766
9767
9768
9771
9776
9779
9781
9788
9791
9798
9802
9808
9810
9811
9813
9815
9820
9821
9823
9824
9827
9829
9830
9831
9832
9833
9841
9845
9847
9848
9850
9854
9856
9857
9860
9861
9862
9868
9869
9871
9874
9878
9881
9883
9884
9886
9896
9898
9899
9902
9903
9904
9906
9907
9909
9911
9917
9918
9920
9921
9922
9931
9935
9936
9940
9942
9944
9953
9954
9955
9959
9963
9964
9975
9980
9982
9985
9987
9990
9994
9995
9998
10003
10005
10008
10009
10012
10016
10017
10023
10025
10029
10032
10033
10034
10035
10037
10040
10044
10046
10048
10052
10056
10061
10062
10063
10064
10065
10075
10078
10079
10080
10083
10085
10090
10091
10097
10100
10102
10121
10122
10127
10129
10131
10132
10144
10145
10154
10155
10156
10157
10159
10161
10163
10164
10170
10172
10179
10181
10184
10185
10187
10188
10189
10190
10192
10193
10195
10197
10198
10202
10203
10210
10212
10214
10218
10222
10224
10226
10227
10230
10232
10233
10235
10237
10244
10245
10249
10252
10253
10254
10256
10262
10263
10267
10268
10269
10271
10275
10277
10281
10282
10286
10290
10292
10296
10304
10306
10308
10312
10317
10332
10336
10338
10342
10344
10345
10348
10349
10351
10356
10357
10358
10359
10361
10371
10373
10381
10385
10388
10390
10391
10395
10396
10399
10404
10406
10412
10413
10419
10424
10426
10428
10434
10435
10437
10438
10439
10445
10447
10449
10450
10468
10471
10474
10476
10479
10480
10485
10488
10490
10494
10495
10497
10501
10505
10513
10516
10517
10528
10529
10532
10545
10548
10555
10558
10559
10560
10562
10565
10571
10573
10576
10578
10585
10587
10591
10595
10599
10600
10604
10608
10613
10615
10627
10630
10636
10640
10641
10644
10652
10656
10667
10672
10674
10675
10676
10680
10690
10692
10695
10700
10701
10715
10721
10723
10728
10729
10731
10733
10738
10739
10741
10743
10745
10751
10757
10759
10761
10764
10767
10771
10772
10774
10775
10776
10777
10779
10781
10782
10783
10784
10785
10786
10788
10790
10791
10792
10795
10799
10801
10804
10806
10807
10809
10810
10815
10818
10821
10826
10827
10830
10833
10834
10836
10838
10841
10845
10846
10852
10855
10857
10860
10864
10865
10866
10868
10871
10872
10873
10874
10877
10879
10881
10884
10885
10889
10892
10893
10897
10898
10900
10907
10912
10915
10917
10919
10920
10927
10941
10942
10943
10944
10945
10947
10950
10952
10959
10960
10962
10964
10967
10968
10970
10972
10973
10976
10982
10987
10988
10994
10995
10999
11002
11006
11008
11009
11010
11019
11021
11029
11031
11033
11036
11040
11041
11044
11046
11047
11051
11062
11063
11064
11067
11075
11082
11087
11090
11094
11098
11101
11108
11114
11115
11116
11121
11123
11125
11126
11127
11131
11134
11139
11140
11141
11144
11145
11147
11151
11153
11154
11159
11160
11163
11164
11165
11166
11171
11172
11181
11182
11190
11194
11195
11197
11201
11204
11209
11211
11212
11213
11218
11238
11243
11244
11248
11256
11260
11266
11270
11275
11276
11284
11285
11289
11293
11302
11308
11313
11314
11316
11317
11320
11323
11326
11342
11348
11351
11353
11356
11358
11360
11369
11375
11377
11379
11383
11387
11388
11394
11395
11399
11401
11402
11403
11404
11405
11406
11411
11413
11414
11417
11418
11419
11425
11427
11435
11439
11440
11444
11448
11453
11455
11456
11460
11464
11469
11473
11474
11476
11482
11490
11492
11500
11502
11503
11511
11512
11513
11516
11527
11529
11533
11534
11535
11536
11538
11541
11542
11543
11545
11547
11552
11553
11554
11556
11561
11563
11564
11568
11569
11570
11571
11572
11573
11574
11577
11578
11581
11582
11583
11587
11593
11606
11607
11617
11618
11619
11629
11630
11631
11634
11639
11640
11641
11643
11644
11652
11660
11665
11666
11676
11682
11685
11694
11695
11703
11712
11713
11715
11716
11720
11723
11726
11728
11729
11732
11740
11742
11744
11754
11761
11762
11763
11776
11780
11781
11782
11785
11787
11795
11813
11814
11821
11826
11829
11836
11837
11843
11847
11851
11855
11858
11866
11870
11871
11875
11878
11881
11883
11886
11890
11898
11899
11907
11908
11910
11911
11913
11916
11923
11925
11931
11934
11939
11940
11942
11955
11963
11968
11978
11979
11980
11981
11982
11983
11989
11993
11999
12000
12003
12007
12008
12009
12013
12014
12027
12037
12042
12046
12047
12055
12057
12061
12069
12078
12079
12083
12085
12100
12104
12111
12112
12121
12122
12123
12124
12128
12130
12132
12134
12135
12137
12138
12139
12140
12141
12142
12143
12146
12148
12149
12150
12151
12154
12158
12164
12166
12169
12172
12173
12175
12178
12179
12180
12182
12183
12186
12189
12190
12194
12195
12196
12197
12199
12205
12208
12209
12210
12213
12225
12227
12228
12230
12239
12240
12243
12246
12247
12252
12255
12258
12259
12261
12265
12267
12269
12273
12275
12276
12277
12278
12279
12280
12281
12282
12293
12295
12296
12297
12303
12310
12316
12318
12319
12321
12322
12325
12328
12339
12341
12345
12354
12355
12356
12358
12359
12362
12370
12373
12374
12384
12385
12386
12387
12388
12392
12399
12403
12405
12406
12410
12415
12418
12419
12426
12428
12431
12434
12442
12444
12445
12447
12448
12456
12460
12470
12475
12478
12482
12499
12501
12505
12509
12511
12512
12513
12515
12523
12525
12531
12532
12546
12548
12550
12555
12557
12559
12561
12562
12568
12574
12579
12585
12587
12591
12600
12609
12634
12638
12643
12645
12650
12654
12657
12658
12659
12660
12665
12676
12677
12680
12682
12683
12687
12699
12701
12705
12707
12713
12714
12715
12716
12726
12728
12732
12733
12736
12738
12739
12740
12741
12742
12745
12759
12761
12765
12774
12778
12786
12787
12788
12793
12797
12798
12799
12800
12808
12810
12828
12833
12857
12861
12863
12864
12868
12870
12876
12879
12892
12894
12898
12899
12901
12904
12906
12908
12914
12915
12916
12917
12925
12927
12934
12938
12948
12950
12954
12955
12960
12962
12965
12971
12983
12988
12994
12995
13012
13016
13028
13035
13036
13037
13041
13051
13059
13062
13064
13068
13078
13079
13080
13092
13097
13101
13109
13110
13113
13117
13119
13131
13133
13137
13138
13141
13144
13151
13152
13158
13160
13161
13167
13168
13171
13181
13190
13200
13202
13203
13205
13208
13209
13217
13220
13221
13222
13223
13227
13230
13231
13238
13241
13246
13248
13253
13255
13258
13263
13265
13267
13273
13275
13279
13281
13284
13286
13290
13291
13293
13294
13295
13297
13298
13301
13306
13313
13314
13317
13325
13327
13331
13332
13334
13337
13343
13354
13363
13366
13369
13382
13383
13390
13399
13400
13404
13409
13415
13418
13419
13421
13423
13424
13426
13427
13430
13432
13437
13438
13441
13443
13447
13455
13458
13476
13483
13484
13485
13488
13491
13506
13511
13512
13517
13518
13520
13529
13535
13545
13556
13559
13562
13566
13567
13568
13570
13574
13577
13578
13584
13590
13591
13592
13600
13602
13605
13609
13611
13617
13623
13629
13630
13634
13645
13648
13650
13652
13654
13655
13656
13658
13661
13663
13674
13677
13679
13680
13681
13684
13685
13687
13688
13689
13690
13691
13695
13701
13705
13713
13714
13716
13718
13719
13724
13731
13733
13745
13746
13747
13748
13750
13757
13759
13760
13769
13770
13772
13776
13789
13793
13795
13796
13799
13800
13805
13806
13809
13810
13811
13812
13813
13836
13837
13840
13846
13848
13850
13854
13856
13857
13858
13863
13873
13881
13884
13888
13889
13893
13904
13906
13909
13916
13917
13920
13927
13929
13930
13934
13942
13943
13948
13954
13960
13962
13963
13964
13969
13974
13975
13977
13978
13980
13981
13989
13990
13997
14000
14003
14008
14012
14014
14016
14020
14029
14032
14034
14036
14042
14047
14052
14056
14057
14065
14069
14075
14087
14088
14089
14100
14105
14113
14116
14117
14121
14123
14132
14133
14137
14148
14150
14152
14153
14159
14161
14165
14168
14173
14192
14193
14196
14200
14205
14206
14226
14239
14244
14245
14248
14260
14264
14265
14270
14275
14279
14281
14282
14289
14294
14302
14307
14314
14322
14332
14337
14344
14349
14360
14361
14362
14366
14370
14374
14386
14396
14397
14400
14404
14405
14410
14416
14420
14447
14448
14452
14454
14467
14471
14528
14536
14550
14552
14554
14561
14563
14564
14566
14569
14575
14581
14582
14585
14590
14602
14613
14614
14615
14619
14621
14626
14646
14648
14652
14655
14659
14662
14663
14664
14665
14669
14670
14671
14681
14683
14700
14708
14716
14720
14726
14729
14735
14736
14738
14741
14746
14747
14752
14753
14754
14756
14764
14766
14768
14773
14776
14777
14780
14785
14788
14793
14794
14796
14797
14798
14801
14802
14804
14806
14810
14812
14813
14825
14829
14831
14835
14838
14844
14848
14850
14854
14855
14858
14863
14864
14868
14869
14877
14878
14881
14884
14885
14889
14890
14891
14893
14901
14904
14905
14906
14907
14912
14916
14921
14927
14930
14940
14941
14944
14949
14953
14955
14957
14968
14969
14973
14980
14982
14983
14987
14991
14994
14995
15000
15001
15007
15011
15014
15015
15017
15023
15024
15027
15038
15040
15051
15054
15059
15066
15067
15069
15072
15080
15089
15093
15097
15099
15100
15108
15110
15117
15119
15121
15124
15135
15146
15149
15153
15155
15156
15157
15159
15161
15170
15172
15179
15180
15191
15195
15210
15214
15219
15223
15229
15235
15242
15243
15244
15246
15247
15252
15257
15270
15272
15275
15277
15278
15280
15283
15284
15286
15287
15294
15298
15310
15312
15320
15337
15340
15347
15362
15365
15373
15375
15382
15388
15392
15400
15404
15409
15421
15423
15427
15434
15435
15436
15444
15456
15463
15464
15478
15479
15507
15510
15514
15516
15517
15524
15525
15528
15533
15534
15540
15555
15556
15557
15558
15564
15570
15571
15576
15578
15581
15583
15587
15595
15599
15600
15602
15605
15608
15611
15620
15626
15627
15651
15653
15657
15663
15668
15677
15681
15706
15709
15714
15730
15737
15742
15745
15754
15764
15765
15767
15781
15782
15783
15807
15847
15870
15879
15881
15893
15898
15904
15905
15911
15914
15917
15925
15931
15932
15939
15943
15947
15960
15961
15970
15973
15981
15991
16003
16010
16012
16019
16035
16037
16047
16057
16062
16071
16089
16099
16108
16109
16112
16115
16118
16125
16131
16153
16154
16157
16160
16164
16167
16173
16181
16185
16195
16196
16201
16211
16227
16237
16240
16241
16242
16243
16245
16249
16251
16253
16257
16261
16265
16276
16281
16296
16300
16316
16320
16324
16330
16337
16346
16356
16357
16358
16363
16365
16369
16372
16373
16375
16394
16397
16401
16408
16412
16422
16423
16427
16429
16433
16434
16437
16438
16439
16440
16445
16454
16464
16474
16478
16482
16488
16489
16494
16499
16500
16504
16506
16516
16522
16524
16525
16529
16530
16534
16536
16548
16551
16552
16554
16560
16570
16571
16574
16578
16583
16585
16586
16590
16597
16600
16602
16604
16605
16607
16609
16612
16615
16619
16624
16625
16628
16635
16645
16648
16650
16655
16668
16689
16700
16701
16703
16713
16716
16719
16765
16779
16785
16791
16792
16794
16800
16805
16808
16812
16829
16837
16885
16949
16971
16981
17081
17087
17097
17116
17122
17123
17125
17134
17153
17155
17159
17169
17173
17213
17235
17248
17249
17250
17251
17253
17254
17255
17256
17258
17259
17260
17261
17263
17264
17267
17268
17269
17270
17271
17272
17273
17279
17280
17281
17283
17287
17288
17289
17290
17291
17292
17293
17297
17298
17299
17301
17303
17304
17306
17307
17308
17309
17310
17311
17313
17324
17334
17343
17366
17405
17406
17410
17412
17419
17423
17425
17430
17446
17455
17458
17459
17472
17487
17490
17493
17497
17506
17513
17515
17536
17548
17554
17565
17566
17575
17576
17640
17661
17691
17740
17747
17748
17749
17777
17778
17787
17795
17801
17802
17812
17820
17821
17824
17826
17856
17857
17858
17875
17877
17887
17890
17895
17897
17905
17929
17931
17934
17942
17945
17964
17968
17974
17988
18002
18017
18019
18051
18052
18054
18055
18056
18057
18060
18062
18063
18064
18065
18066
18068
18069
18071
18077
18080
18082
18084
18089
18090
18091
18093
18094
18096
18101
18102
18104
18105
18106
18107
18108
18109
18110
18111
18112
18113
18114
18115
18116
18118
18119
18120
18121
18122
18123
18124
18125
18126
18127
18128
18129
18130
18131
18132
18133
18135
18136
18137
18138
18139
18141
18142
18143
18144
18145
18146
18151
18153
18156
18157
18161
18163
18170
18171
18173
18174
18175
18176
18177
18178
18181
18182
18183
18185
18186
18187
18196
18198
18200
18203
18204
18205
18208
18209
18210
18211
18212
18213
18214
18215
18216
18217
18218
18219
18220
18221
18222
18223
18224
18225
18226
18228
18230
18237
18239
18240
18242
18243
18247
18250
18260
18261
18262
18263
18268
18274
18293
18296
18298
18301
18310
18318
18321
18323
18326
18339
18343
18349
18350
18351
18352
18356
18358
18366
18367
18377
18379
18380
18397
18400
18402
18404
18410
18412
18413
18423
18425
18429
18433
18444
18448
18449
18451
18460
18469
18471
18473
18487
18491
18497
18504
18514
18517
18518
18520
18543
18545
18546
18557
18566
18595
18601
18605
18607
18616
18629
18631
18644
18652
18659
18661
18666
18683
18690
18702
18706
18707
18709
18730
18736
18737
18750
18755
18757
18764
18785
18786
18788
18794
18818
18827
18833
18855
18863
18867
18868
18872
18877
18886
18892
18901
18910
18920
18938
18956
18971
18979
18980
18985
18986
18991
18992
18993
18998
19010
19011
19013
19015
19035
19093
19131
19133
19134
19138
19140
19150
19167
19169
19179
19181
19193
19223
19260
19266
19268
19301
19313
19322
19361
19371
19374
19375
19383
19385
19398
19445
19489
19526
19535
19548
19551
19554
19569
19639
19642
19665
19671
19673
19681
19682
19748
19780
19811
19820
19865
19888
19891
