63 11 37 30
57 16 73 71
24 50 79 51
67 16 29 45
15 70 38 54
28 52 10 8
35 53 37 24
26 58 10 51
32 38 17 10
34 23 39 13
24 11 75 8
16 33 17 5
32 10 50 35
7 56 55 54
45 2 55 33
5 13 7 58
57 67 31 78
33 60 66 0
5 37 57 78
71 70 11 52
63 38 7 32
77 76 10 6
62 68 35 1
38 76 0 18
58 60 24 7
50 37 55 35
0 74 44 37
11 33 70 74
12 26 70 37
66 15 16 38
2 78 69 57
78 44 15 66
18 77 16 43
68 66 50 75
0 25 1 46
12 72 0 31
0 4 57 29
59 9 65 46
77 20 76 19
70 10 75 68
3 71 6 73
17 10 67 32
39 54 12 55
15 60 70 76
0 50 66 6
11 60 4 8
15 79 33 18
3 72 63 33
1 45 62 78
45 1 19 77
17 15 25 34
39 78 29 7
31 2 16 25
33 78 32 28
18 79 47 38
3 71 11 35
68 46 15 60
74 72 0 52
9 70 61 49
3 26 60 43
52 63 70 54
26 28 75 62
19 49 5 55
76 35 64 38
45 31 66 37
9 68 51 13
32 56 63 78
20 75 6 72
20 56 11 13
64 8 58 37
4 47 8 79
60 37 70 67
74 65 8 53
47 76 51 49
38 71 13 50
70 44 24 58
1 48 37 9
45 31 50 57
6 65 68 58
55 7 2 24
28 9 50 39
47 71 5 61
61 65 20 3
26 51 2 16
39 19 54 56
70 69 72 51
10 48 74 20
4 39 44 45
11 79 25 47
29 23 52 48
79 25 26 59
67 56 68 8
30 38 56 47
79 71 6 63
34 35 52 69
9 23 20 44
38 51 2 3
30 2 5 44
35 62 57 49
18 23 9 69
38 34 16 71
60 11 35 30
11 30 77 56
62 71 50 77
12 47 35 18
64 18 1 17
7 72 38 74
19 29 52 1
54 67 73 65
72 58 25 60
2 6 33 58
44 1 69 65
45 20 57 52
20 9 19 52
19 57 0 52
77 73 68 71
17 76 47 38
75 56 57 31
57 78 61 8
73 37 24 9
47 16 54 0
11 61 25 54
66 75 37 65
71 23 45 29
56 68 49 72
72 66 4 30
58 68 34 48
11 26 9 2
16 0 30 29
58 5 25 46
57 29 77 2
8 74 4 28
49 39 34 70
49 70 62 51
28 49 65 0
18 67 37 44
12 5 59 28
32 23 57 75
43 65 20 45
18 78 56 30
31 75 30 2
23 66 4 70
32 51 55 62
18 72 34 76
5 49 12 55
66 4 69 75
67 37 78 71
19 66 8 37
7 75 5 51
64 44 34 31
79 76 33 65
29 60 33 70
45 58 43 65
13 53 75 4
24 37 19 29
0 76 17 38
9 53 26 60
46 47 32 0
46 2 62 7
32 62 17 37
50 52 51 15
59 3 47 18
28 35 57 61
67 43 7 25
58 17 20 12
24 26 48 32
19 4 9 13
13 61 6 46
7 6 30 34
9 8 37 20
10 54 43 26
32 19 75 72
29 62 8 43
45 71 5 33
13 76 55 43
38 29 2 3
0 37 57 70
38 61 1 47
28 54 69 73
19 18 34 20
39 57 77 28
5 52 76 75
1 57 12 76
63 24 6 69
52 64 50 67
72 50 78 79
50 65 58 3
16 76 10 33
60 9 5 70
29 7 58 39
69 19 17 57
48 67 29 35
68 8 33 66
37 71 15 75
10 71 12 19
59 51 48 5
73 54 11 3
55 76 51 23
52 66 2 6
78 26 18 15
5 70 18 48
68 4 20 0
55 64 11 70
72 57 31 4
19 58 3 17
15 35 65 66
56 66 38 12
70 79 45 9
16 52 8 58
59 74 46 48
62 69 29 8
20 34 30 29
17 16 26 63
0 63 45 28
47 39 31 45
25 63 20 72
39 1 70 57
67 50 0 57
69 10 46 62
51 66 45 9
56 62 16 1
4 57 38 0
30 71 50 69
43 10 63 33
37 65 8 54
29 38 71 74
75 35 37 60
7 3 57 35
59 2 76 52
32 49 11 13
59 54 37 34
3 6 78 37
17 71 11 68
30 58 5 28
53 28 44 63
35 55 53 75
38 18 1 44
71 26 45 3
51 43 31 64
32 79 2 17
38 20 70 55
62 67 7 0
2 54 72 4
73 58 9 52
29 2 77 65
53 38 28 0
49 38 28 62
69 26 29 52
68 28 69 18
16 9 35 57
74 71 30 57
28 35 8 59
79 25 71 67
57 46 1 12
64 71 43 46
64 38 69 1
