11 71 25 42
33 0 58 27
45 67 30 40
10 7 29 42
9 70 23 40
60 62 54 14
62 18 77 36
2 19 20 27
7 46 37 22
34 2 49 41
55 18 61 40
64 61 52 27
55 68 64 36
38 58 26 14
75 70 67 14
57 63 34 22
66 45 35 21
32 0 4 21
28 49 29 27
38 50 49 21
2 44 9 40
69 0 33 22
75 1 58 42
65 76 61 21
16 44 6 36
12 62 70 36
78 67 52 36
55 33 1 41
7 9 69 27
24 70 54 27
35 58 39 36
0 51 50 42
0 39 54 36
32 12 49 22
15 55 47 21
18 15 19 40
3 29 4 40
39 17 37 27
8 0 48 27
62 18 48 36
55 7 50 36
39 47 71 21
75 72 16 36
78 38 73 27
13 52 51 41
48 25 29 40
54 24 6 42
3 76 79 22
29 77 68 22
18 59 43 41
54 8 76 36
26 10 18 27
8 39 13 36
39 44 32 40
65 49 59 21
19 75 7 22
12 79 49 27
0 34 46 40
61 38 72 21
4 55 11 42
38 13 51 21
30 9 76 36
9 44 78 42
70 78 50 36
60 72 46 40
62 33 57 42
59 74 11 22
6 69 66 41
45 39 57 36
72 77 11 14
53 59 8 27
39 47 7 42
5 63 72 21
3 25 1 36
44 39 66 36
5 60 64 21
12 11 78 36
3 20 0 41
56 32 6 27
78 32 12 22
50 29 53 41
73 50 34 40
34 49 33 41
75 66 18 36
23 53 7 40
35 6 57 42
71 58 0 42
74 46 7 27
3 19 53 40
7 66 50 22
51 50 13 21
24 75 12 36
44 54 6 36
77 66 64 41
30 71 48 40
62 12 2 40
10 76 1 41
4 26 12 14
61 24 39 27
28 4 70 22
70 46 51 21
45 38 47 21
25 66 26 14
61 11 34 41
13 79 20 27
31 37 52 27
33 45 37 22
75 8 29 22
63 49 23 14
7 73 38 14
3 0 53 22
16 78 43 27
30 51 65 14
15 68 69 36
43 61 74 21
34 37 29 40
78 55 24 36
61 50 77 36
61 48 24 36
59 64 47 40
65 61 46 41
57 66 24 27
0 55 25 40
74 0 56 22
25 49 28 14
12 15 2 40
53 66 51 21
16 0 7 41
58 0 67 40
51 23 13 22
54 19 66 36
11 59 32 21
60 44 0 27
35 53 18 27
70 3 54 40
49 67 46 22
67 70 53 40
16 25 1 41
0 4 17 42
53 4 52 14
8 45 37 27
71 2 18 21
67 47 8 22
61 65 18 40
2 16 73 21
57 76 66 27
45 60 52 40
12 68 76 27
60 68 79 27
5 37 7 41
68 66 1 40
18 8 29 36
59 25 11 27
23 54 28 14
6 69 73 42
32 64 69 22
68 0 58 42
28 62 73 41
45 25 68 14
48 71 59 41
78 56 43 42
12 17 25 22
60 0 15 14
71 59 67 14
61 23 15 14
30 60 77 40
11 66 46 40
50 55 72 36
5 65 62 22
50 62 35 36
7 31 0 41
9 60 52 14
23 65 51 40
71 16 59 41
25 31 16 36
35 74 16 40
26 44 2 27
62 18 79 14
61 58 63 40
56 38 20 41
1 0 20 42
11 7 64 40
32 26 47 22
46 54 15 21
32 30 4 14
37 17 1 36
54 37 70 22
59 7 58 27
15 64 5 14
78 4 54 21
28 12 52 21
16 9 7 42
16 13 78 22
6 29 65 14
60 46 66 40
6 16 33 41
65 8 53 14
10 57 38 40
52 8 78 41
53 20 70 41
3 5 13 36
52 17 68 27
58 75 8 42
9 76 59 21
16 9 43 22
48 50 52 41
45 54 0 14
3 55 26 27
59 55 1 14
7 19 67 41
39 19 77 14
63 66 32 21
67 2 17 40
73 1 74 22
19 73 8 41
17 71 13 40
10 37 75 36
15 19 11 40
8 5 60 14
78 69 11 27
49 26 31 36
1 38 61 27
50 38 47 41
51 10 11 21
20 24 16 21
58 60 3 14
64 35 71 22
1 58 5 36
74 34 17 41
1 77 73 21
65 48 26 42
39 4 2 41
33 60 51 21
7 25 35 40
46 53 5 21
71 59 66 36
79 5 1 21
25 67 31 21
59 12 45 27
38 62 4 14
71 76 4 21
79 20 24 22
50 1 66 14
44 35 66 42
74 39 73 36
12 79 47 36
8 9 26 36
28 51 77 36
58 64 44 36
79 47 17 27
46 61 35 22
76 18 29 36
48 67 52 14
28 45 43 22
76 16 51 27
46 33 9 36
