29 64 50 41
50 70 19 27
26 62 20 41
70 4 26 41
4 17 55 22
15 47 12 36
19 59 37 22
59 54 31 14
17 16 47 14
25 79 65 41
39 0 69 14
64 60 48 27
29 63 78 36
71 8 15 42
25 5 12 22
2 61 70 41
33 16 66 41
79 76 48 40
25 50 18 36
58 57 0 14
53 39 10 22
44 13 65 21
29 60 68 21
64 67 72 14
5 0 76 40
47 4 78 40
51 49 34 36
20 19 51 21
46 55 0 14
63 44 12 14
67 32 29 42
52 47 49 14
52 8 7 14
29 9 16 36
11 25 53 41
68 29 77 27
23 49 60 41
25 7 59 41
20 77 59 22
24 37 1 14
28 6 48 21
26 15 25 27
10 74 59 27
23 10 33 27
62 1 70 40
10 4 20 22
77 3 60 21
18 3 34 40
69 8 70 42
70 13 51 41
55 33 8 14
6 4 33 14
53 26 77 22
47 29 66 22
77 12 5 27
58 73 10 42
79 3 66 22
69 50 44 41
68 6 30 40
20 8 17 41
9 77 35 36
47 0 77 27
26 1 5 22
53 8 46 21
26 68 63 22
73 56 18 41
56 35 17 36
49 47 9 22
62 73 26 22
67 75 76 22
19 75 76 14
28 7 72 42
9 12 75 42
63 1 20 41
2 70 68 22
67 4 58 41
58 74 73 40
54 2 61 21
35 6 17 41
63 70 68 21
72 46 53 22
65 23 34 41
77 56 33 42
8 54 24 36
54 50 58 22
50 55 52 22
24 66 19 27
32 26 33 36
12 67 58 36
1 76 17 22
2 37 32 21
58 61 9 36
65 24 13 21
43 2 4 42
54 67 30 21
17 53 30 40
43 62 13 22
38 56 75 40
69 79 45 27
6 59 39 40
43 37 44 21
65 47 62 42
15 17 12 22
49 58 47 21
20 71 37 14
46 75 47 40
57 39 45 40
45 2 28 22
0 18 3 42
74 65 63 41
2 45 34 36
16 61 5 27
39 38 19 14
37 7 74 41
52 33 66 22
7 6 44 22
69 43 66 40
4 9 34 36
3 51 61 36
30 56 48 22
8 71 29 27
70 38 9 41
12 11 30 27
69 77 56 14
57 26 63 40
54 37 30 41
72 49 71 14
53 78 30 36
62 26 50 22
60 20 25 36
28 68 48 14
37 58 54 21
56 39 54 21
52 2 29 22
29 26 39 41
32 45 67 21
78 38 65 42
23 66 52 22
39 47 5 22
3 39 32 14
32 9 24 21
17 6 5 42
72 28 58 42
3 29 39 27
29 57 3 40
48 64 18 21
28 32 29 21
74 11 50 40
46 4 5 22
30 24 18 14
79 71 5 42
3 38 69 21
71 49 66 14
18 6 47 41
26 77 12 42
72 35 10 41
68 59 49 27
70 25 7 36
58 69 9 41
5 13 7 27
32 35 33 27
26 23 13 27
6 4 17 22
61 2 73 42
51 32 7 40
73 16 26 36
38 9 7 27
1 32 46 22
35 34 53 27
11 79 66 22
4 75 77 22
15 66 4 21
33 11 18 22
23 17 57 40
20 75 59 42
44 67 13 22
65 73 67 22
62 11 55 40
25 50 16 41
7 47 59 27
48 33 17 14
67 79 61 14
8 35 25 27
16 54 13 40
19 61 39 42
46 53 47 41
23 2 34 41
6 34 16 27
9 17 70 36
54 4 45 41
47 19 24 40
35 29 55 27
31 45 72 27
15 47 60 41
17 2 16 27
17 59 25 14
7 32 35 21
8 58 53 40
43 76 47 14
69 20 53 22
77 31 16 22
59 52 23 40
17 79 51 42
69 32 29 40
77 79 32 14
37 60 8 21
28 2 26 40
30 74 62 41
67 45 73 27
0 6 65 42
1 58 56 36
11 3 19 21
7 17 46 22
34 5 75 40
13 61 26 36
38 29 43 41
8 33 18 42
55 3 77 40
60 19 25 36
57 61 46 22
59 47 69 22
3 43 39 36
28 5 57 27
75 56 26 22
65 15 12 42
75 29 70 40
3 9 2 21
50 29 72 27
8 49 66 27
23 48 0 41
34 23 0 21
65 61 48 22
15 54 76 14
53 4 26 21
15 7 47 27
5 20 18 21
6 46 57 41
45 1 31 14
60 15 17 40
54 67 2 22
28 58 73 42
68 33 74 40
35 23 33 40
0 6 1 42
49 10 55 42
3 31 49 42
15 49 19 14
26 13 49 21
65 76 57 36
59 10 15 40
71 67 76 42
62 78 73 40
72 10 35 21
16 35 24 22
19 3 74 27
68 37 23 41
7 15 6 21
15 51 79 27
38 5 73 41
59 70 79 40
74 17 64 22
20 54 46 22
9 56 79 27
4 8 52 41
76 79 53 41
62 31 68 27
29 62 16 21
3 15 53 41
6 20 43 14
30 58 17 27
39 74 38 41
30 53 59 21
34 17 12 21
3 26 65 22
31 47 25 36
23 1 26 21
35 61 16 14
76 1 65 27
13 34 64 41
39 9 53 42
55 24 8 41
15 11 10 22
31 73 56 14
61 57 51 14
66 10 70 27
73 8 70 41
78 59 55 21
65 25 3 40
55 25 13 36
50 19 55 14
51 63 0 36
18 65 69 22
0 24 49 41
33 70 44 14
6 2 53 42
44 58 24 27
30 33 2 36
33 78 26 40
68 73 28 14
50 24 72 22
68 56 60 36
17 55 79 42
49 78 39 22
24 75 46 14
20 32 18 14
74 53 23 40
19 38 43 14
63 26 50 36
79 65 1 14
78 33 47 14
67 59 63 42
44 28 65 36
1 12 67 36
5 15 58 22
58 45 60 42
55 34 68 42
73 32 31 36
26 39 2 22
10 48 3 40
18 69 44 22
26 37 61 22
19 49 65 22
39 44 50 40
31 56 25 14
46 1 51 27
66 15 33 42
33 69 77 41
72 77 65 21
69 3 48 22
4 6 20 40
9 74 0 41
56 29 4 27
6 48 5 21
25 64 50 36
33 7 56 42
13 78 29 36
3 75 69 41
32 18 62 27
71 23 76 41
77 45 3 36
59 35 4 40
43 24 16 41
1 74 68 40
73 50 62 41
55 0 52 22
63 61 49 42
63 65 56 36
70 62 9 27
29 18 56 36
32 33 49 21
28 32 44 22
5 49 48 42
60 52 43 27
4 74 57 21
18 62 0 41
67 38 31 42
5 16 53 40
35 23 18 21
75 34 73 40
75 12 67 41
15 59 31 21
44 26 5 27
18 53 6 40
54 51 44 14
0 78 73 41
3 31 45 41
35 75 11 21
29 10 56 14
18 59 47 41
61 66 62 41
63 66 59 22
62 67 72 21
25 16 15 42
5 30 55 22
5 33 1 21
34 2 66 14
53 7 59 14
79 3 1 14
31 54 6 36
77 37 0 40
59 58 64 40
7 77 63 42
71 3 74 41
20 48 7 42
47 15 59 21
55 29 31 41
26 61 47 41
8 55 66 21
46 24 62 14
10 48 9 27
12 11 38 36
33 3 34 40
73 19 57 42
60 7 35 36
17 67 18 14
57 2 35 36
73 71 65 40
54 46 75 41
73 54 7 36
9 37 24 27
44 18 29 22
70 37 31 42
53 19 6 36
54 51 49 41
71 77 45 27
7 64 15 14
53 70 63 22
16 25 9 27
50 38 62 41
3 16 38 40
61 15 11 36
72 8 69 36
28 54 11 21
68 57 70 21
12 70 25 21
26 15 38 22
64 18 5 40
34 45 50 22
25 37 24 41
32 45 75 22
47 77 6 36
58 69 5 27
70 56 73 36
20 11 2 21
37 18 75 42
0 6 56 40
34 76 10 22
30 49 10 14
15 60 70 42
4 66 24 27
79 8 76 41
52 32 61 14
63 3 51 42
45 18 66 27
24 34 57 42
74 58 18 22
46 13 0 41
29 59 7 21
26 73 53 36
4 23 70 36
48 8 24 27
51 30 55 40
51 47 26 14
38 1 19 22
59 7 56 36
6 16 39 36
2 31 30 14
67 7 30 41
3 51 67 21
75 1 61 41
12 35 68 42
25 50 64 40
23 39 51 36
68 28 35 27
66 33 76 27
4 67 51 42
52 12 48 36
19 58 59 14
26 50 73 41
72 25 71 27
1 37 60 21
30 7 53 40
45 66 74 27
7 62 47 41
4 61 65 27
69 53 60 21
50 58 12 21
23 75 71 27
1 18 59 27
25 2 56 42
28 61 70 42
54 62 19 36
2 55 64 22
56 19 63 27
9 43 78 40
10 29 67 40
57 19 28 36
76 51 32 27
71 32 56 21
39 37 78 40
13 33 44 42
72 52 51 42
33 10 31 41
32 77 7 22
17 55 57 42
62 47 29 41
31 72 58 14
55 57 74 36
28 35 62 22
30 44 51 42
69 8 78 22
2 26 64 36
0 71 4 41
79 20 33 27
48 46 55 14
10 43 48 21
71 44 53 27
11 62 33 21
44 43 59 42
10 71 50 41
43 50 28 14
68 0 25 22
28 34 56 40
25 13 30 42
69 62 7 40
78 74 65 40
72 64 55 27
56 43 58 14
20 43 13 21
19 39 26 40
39 54 25 36
49 67 72 14
24 54 64 21
56 48 74 41
18 15 63 40
30 10 19 27
3 32 65 27
70 74 16 14
73 34 65 21
7 35 16 42
2 11 18 42
31 39 72 36
2 50 62 14
9 53 47 21
19 66 6 14
10 2 61 41
13 20 44 41
9 60 79 27
24 75 48 21
9 32 48 41
9 43 12 42
18 66 30 36
7 76 79 21
12 38 17 14
3 49 34 40
58 70 28 36
48 78 23 42
13 54 1 21
13 24 63 36
9 11 12 21
44 58 62 41
31 39 78 27
70 65 73 21
28 73 4 14
48 54 25 27
72 12 77 41
51 5 39 40
77 33 6 36
69 2 18 27
32 75 30 27
52 2 0 41
29 68 0 36
31 26 63 42
58 61 44 22
4 39 62 41
56 47 69 42
25 19 43 42
23 3 78 14
47 20 43 41
5 61 51 22
67 49 70 41
69 74 64 42
61 62 23 42
0 13 17 36
57 24 74 21
34 17 26 41
17 32 6 40
56 19 29 14
59 66 49 27
32 3 25 36
5 65 1 40
11 61 46 21
45 23 77 22
12 6 1 41
50 68 72 27
4 74 1 27
10 4 30 22
54 6 31 40
30 34 0 21
0 56 75 41
72 75 19 22
18 28 58 41
2 67 44 36
48 71 3 42
61 10 70 41
48 1 50 14
32 9 67 22
7 23 51 42
29 11 66 14
4 72 6 14
55 17 66 42
4 17 76 27
4 67 74 40
8 50 63 27
19 3 73 14
76 18 32 27
38 73 23 14
39 67 0 14
16 75 30 22
33 54 55 40
35 47 43 14
72 34 23 41
45 2 69 27
66 69 19 41
59 11 23 14
72 62 79 36
56 35 29 40
47 57 18 27
18 16 77 22
74 39 16 36
74 53 43 27
12 38 67 36
7 18 13 27
57 3 6 27
56 6 17 22
64 1 71 40
15 63 8 36
24 49 70 14
72 13 3 36
70 64 24 21
24 28 34 40
9 65 17 42
54 73 12 42
50 55 47 42
8 48 0 21
53 70 75 40
56 12 11 27
34 57 77 27
61 38 12 21
38 64 30 36
57 74 63 40
77 8 25 36
30 73 78 42
52 20 10 41
29 11 13 40
39 13 19 41
18 61 13 14
71 63 5 41
16 37 35 41
1 16 73 41
62 58 15 40
17 71 53 14
23 19 73 36
28 70 30 22
45 50 0 21
56 17 11 14
79 50 10 42
77 15 7 41
2 55 72 36
6 11 10 14
54 0 9 22
44 66 24 14
13 35 61 41
77 25 20 14
19 57 17 36
43 38 16 22
34 51 52 14
52 46 56 14
19 70 67 36
19 71 57 27
11 15 10 40
35 8 9 14
15 49 78 21
37 31 50 42
65 19 15 36
7 52 43 40
69 34 26 40
18 24 76 27
25 53 46 22
65 48 4 22
38 50 62 36
1 33 20 14
11 32 37 21
54 62 35 22
66 20 2 22
30 63 26 22
50 37 31 41
33 44 74 22
6 5 54 42
10 44 25 22
35 79 72 36
48 32 26 27
58 3 48 22
50 79 56 27
50 15 45 27
2 46 15 27
12 37 29 42
34 1 28 14
39 29 12 14
5 35 61 21
39 68 12 40
12 38 4 41
37 8 52 40
60 53 61 42
72 54 46 21
0 45 79 42
75 45 33 14
12 66 38 14
71 68 51 42
65 64 46 22
18 28 51 41
54 50 78 41
20 3 16 22
73 65 20 27
58 2 65 42
58 47 11 22
9 8 73 21
45 73 75 42
25 69 51 14
7 68 63 21
66 30 38 14
11 35 32 41
6 13 46 36
67 24 25 40
37 9 43 22
10 45 60 22
16 65 71 42
17 44 1 21
10 65 63 22
60 6 73 22
51 61 37 42
68 48 10 36
16 28 10 22
77 19 68 14
10 74 15 42
29 48 15 36
29 10 39 22
53 57 46 14
20 74 8 14
39 33 72 21
24 54 67 21
31 26 0 21
2 64 15 40
25 0 68 21
25 60 31 36
39 63 20 40
24 45 16 41
38 45 70 27
76 63 64 42
50 6 79 14
13 56 60 40
58 17 10 14
23 28 69 14
37 16 33 41
33 55 49 36
9 43 74 14
63 52 45 42
46 50 10 42
64 25 49 21
7 61 63 22
20 78 55 21
62 3 55 27
17 35 69 42
57 2 3 40
4 76 11 36
67 8 12 14
39 49 31 36
35 15 43 14
29 70 16 40
73 35 49 21
49 58 44 14
3 57 30 41
43 13 68 22
52 11 68 42
12 61 72 42
64 56 33 40
34 5 71 42
59 63 61 21
66 43 30 36
30 55 46 41
75 43 20 27
28 77 51 27
0 79 67 21
78 2 0 40
34 46 55 36
39 20 29 41
30 65 77 41
12 79 74 14
52 56 33 41
51 15 66 21
53 44 77 14
11 63 43 36
29 49 24 36
15 78 50 14
28 15 7 14
23 32 74 36
51 31 32 41
19 33 49 40
43 70 29 36
8 0 39 22
28 72 35 40
32 73 23 36
33 16 62 41
26 69 54 22
37 28 34 21
69 17 49 21
52 0 61 21
17 62 49 21
28 18 37 14
52 50 24 22
52 31 75 40
73 46 50 14
61 16 11 42
18 53 29 21
52 59 6 14
1 32 18 42
60 75 0 22
71 69 19 22
8 65 72 14
16 6 37 40
7 34 57 27
63 56 33 22
68 44 3 27
28 45 24 41
77 43 25 40
74 39 57 14
28 77 32 40
64 66 74 40
78 7 48 42
53 72 46 36
7 2 16 40
77 37 25 21
24 28 64 41
66 39 16 14
3 77 8 21
12 74 5 27
24 4 51 36
60 19 43 27
32 11 9 42
12 32 74 14
29 69 0 40
9 46 29 41
47 13 19 27
52 29 55 36
54 58 59 42
58 63 35 22
25 11 0 21
56 18 49 41
17 10 5 36
11 16 76 14
32 78 20 22
67 2 79 22
35 71 6 27
69 49 71 27
56 61 35 27
30 60 62 27
26 59 64 14
60 77 48 36
65 51 72 14
52 63 74 22
45 26 5 41
59 49 12 41
75 7 34 41
7 49 44 22
7 28 64 27
37 17 0 36
5 31 78 42
77 10 47 14
35 24 11 40
79 77 62 27
20 31 59 22
35 12 0 41
39 50 1 36
77 70 35 21
15 78 25 27
56 79 32 42
57 10 48 22
38 77 79 36
71 76 26 27
78 73 34 14
23 66 43 36
15 28 76 41
9 26 18 22
69 44 60 22
54 18 26 22
0 68 38 27
44 11 73 22
65 63 1 40
5 7 61 21
66 24 55 27
37 7 25 42
48 10 44 21
11 56 49 14
45 39 32 14
65 20 38 22
33 3 38 27
63 64 76 42
50 12 71 41
49 43 70 36
16 28 17 40
30 73 31 40
26 43 34 22
33 35 57 27
2 6 26 21
6 58 20 22
57 52 29 27
8 19 35 27
70 32 51 14
38 17 31 40
71 8 59 42
70 63 71 14
67 55 76 36
77 57 64 22
19 68 20 42
19 61 62 40
16 52 23 40
79 33 25 22
39 72 20 40
43 53 68 41
33 59 55 27
74 68 4 14
79 73 31 27
15 26 62 14
47 11 28 21
72 11 56 21
9 29 55 42
44 18 55 21
30 9 76 27
54 72 25 36
1 19 48 36
54 79 59 40
9 44 54 27
66 11 76 27
35 28 48 14
39 53 11 41
32 74 38 40
65 69 7 22
46 7 69 21
68 75 38 21
29 54 28 41
48 18 50 22
51 49 68 40
32 68 65 27
10 51 11 21
3 52 54 14
48 73 46 22
6 10 54 40
5 16 10 36
6 47 77 40
58 69 35 41
6 79 16 27
39 10 73 40
24 61 39 22
29 11 74 21
16 67 57 41
25 57 19 42
20 70 59 14
53 25 56 22
26 29 50 42
73 71 62 14
45 59 52 41
29 58 75 21
23 62 37 27
11 74 30 14
26 32 46 14
53 73 50 14
49 18 20 21
28 31 10 21
69 66 45 40
38 44 8 41
8 4 17 42
66 31 24 36
58 13 53 36
52 0 13 41
25 2 62 40
6 23 1 36
70 7 63 21
33 43 28 27
6 26 10 22
19 66 69 14
10 20 29 42
46 17 20 41
52 58 19 42
31 59 51 27
11 49 38 14
56 34 10 41
13 23 56 36
15 79 65 42
43 53 7 14
38 45 50 21
19 71 60 21
61 16 53 42
65 19 4 21
3 13 55 14
19 26 7 21
30 65 3 41
65 76 20 42
34 65 73 41
67 69 29 36
34 39 24 27
12 69 11 41
57 29 9 41
34 38 20 22
24 19 72 27
10 1 33 21
3 72 52 41
77 24 57 22
9 12 62 36
56 48 61 27
2 62 31 21
68 17 12 27
76 43 37 42
46 50 16 41
46 11 19 41
35 34 19 36
58 32 43 21
28 62 10 14
18 46 25 40
5 45 77 21
8 23 53 14
5 63 47 27
45 17 73 27
28 12 31 14
62 67 19 36
10 71 54 22
77 68 53 14
7 61 3 21
54 37 30 36
48 60 24 40
44 76 68 21
47 35 28 27
9 46 25 40
1 0 30 22
61 7 10 36
18 79 73 22
53 45 60 42
31 2 18 41
71 45 78 40
60 13 56 42
77 17 45 41
7 60 70 41
66 48 56 22
63 50 76 36
67 11 6 27
76 32 47 27
7 67 30 14
54 1 11 22
70 59 19 42
52 11 50 42
62 52 60 42
7 33 45 27
53 56 16 41
35 6 17 14
17 4 45 27
3 71 54 42
5 56 26 42
58 55 54 14
46 24 51 42
78 5 48 14
72 75 47 40
0 67 24 42
5 28 46 22
15 64 56 41
49 66 30 42
17 46 61 40
43 20 1 41
61 4 56 21
60 29 63 21
34 49 23 40
77 65 69 14
30 51 60 42
30 45 43 36
6 79 67 22
15 55 70 21
62 70 32 14
20 39 29 42
23 15 39 22
52 61 5 22
39 1 45 21
74 5 55 36
59 28 8 14
25 59 39 41
62 61 30 14
20 10 61 42
29 76 50 22
1 30 25 27
32 7 64 42
71 62 64 41
33 54 79 42
52 62 70 22
76 10 45 27
55 76 26 41
67 49 37 22
60 4 56 40
3 45 50 40
58 70 51 42
78 20 8 21
25 72 8 42
61 37 63 27
18 64 57 27
13 66 30 14
73 30 6 27
55 24 72 41
50 4 46 22
76 75 18 21
29 66 68 40
4 66 73 36
26 62 11 22
79 12 15 41
35 65 32 41
63 49 77 40
7 24 18 14
75 4 74 42
37 4 13 42
67 57 12 36
5 66 33 36
57 44 45 14
73 6 66 27
1 6 50 27
17 78 49 36
7 51 17 40
20 32 19 40
62 70 76 42
74 29 63 41
44 25 61 21
77 20 5 21
39 32 50 40
54 43 5 14
32 13 2 21
66 16 76 36
75 39 55 22
20 31 3 42
45 30 2 36
33 25 75 14
10 5 47 27
9 2 58 42
59 16 52 40
76 15 5 42
38 63 48 27
69 67 61 22
51 79 32 14
12 16 34 14
34 59 72 42
65 79 6 14
43 19 33 41
70 33 29 27
64 29 30 14
70 60 17 42
7 39 52 41
15 70 56 42
74 69 60 41
45 33 44 40
60 5 44 21
11 18 49 41
74 2 9 27
20 60 55 41
68 78 28 41
51 10 18 42
30 56 38 41
32 16 43 36
4 67 49 42
19 61 49 22
18 74 59 14
15 19 57 42
73 59 11 21
7 28 31 21
64 79 69 40
8 17 63 41
3 47 74 22
59 19 34 41
10 73 53 36
60 46 50 27
54 64 79 41
47 3 2 42
79 30 72 40
71 37 13 27
9 11 73 36
2 29 78 14
34 17 66 41
73 67 63 21
61 71 19 40
5 18 46 36
55 25 38 27
64 55 72 21
68 35 3 22
9 25 44 22
61 32 66 14
30 17 5 14
15 74 32 22
78 13 73 36
59 33 70 40
28 51 0 27
0 7 20 22
54 70 11 21
43 54 23 14
33 1 4 40
11 18 48 40
11 60 73 27
45 62 3 22
71 3 57 21
39 34 31 22
16 69 13 22
64 66 53 36
77 18 47 21
37 76 15 22
75 74 33 27
15 73 45 42
33 23 63 27
17 35 34 42
37 11 61 22
25 57 8 36
25 63 55 22
25 34 47 41
4 70 61 22
67 61 34 42
77 68 4 36
6 2 29 14
70 6 13 42
68 46 28 22
18 61 29 40
17 72 23 14
64 67 15 22
43 13 55 42
0 70 48 41
2 23 59 21
17 48 23 36
70 28 32 40
15 46 63 36
46 6 55 22
30 29 54 21
33 72 77 14
13 29 55 22
9 43 37 14
67 46 53 22
31 51 24 21
69 29 26 14
62 75 58 36
64 13 55 36
51 20 75 42
6 50 31 27
43 23 11 42
45 67 15 22
8 58 23 41
31 47 28 21
10 45 68 27
74 35 66 27
20 55 51 14
57 62 71 40
65 59 45 42
29 78 62 41
4 38 67 36
34 6 29 36
43 20 26 36
51 10 29 21
31 7 44 27
1 66 79 41
51 38 31 22
60 66 26 22
79 75 73 40
0 34 13 41
1 12 53 21
7 39 9 14
6 60 55 21
53 76 24 21
38 17 9 36
12 72 3 42
3 45 67 27
1 8 30 14
11 31 5 21
4 10 24 27
56 67 49 14
7 46 56 22
65 12 24 41
63 54 10 21
45 73 47 14
49 37 19 21
63 64 7 36
57 18 17 36
26 2 35 36
70 75 60 21
79 19 55 42
19 54 58 40
17 47 28 27
78 79 11 21
70 17 64 27
68 78 72 36
10 18 33 41
54 17 30 40
74 64 20 27
54 59 31 42
67 52 71 42
31 53 54 27
31 49 76 40
25 48 8 40
77 9 47 42
30 73 35 40
1 35 64 42
61 62 15 41
1 24 6 21
57 60 53 22
59 0 35 27
3 45 35 40
54 68 47 42
44 37 25 14
9 10 73 41
67 16 29 22
68 74 44 40
9 63 78 27
65 7 71 27
69 74 7 36
25 68 60 41
1 34 31 41
38 30 33 14
79 71 53 14
77 26 74 27
29 37 5 27
19 44 48 14
54 26 23 42
70 63 24 42
2 44 63 27
32 18 46 36
43 54 15 21
3 0 33 40
19 53 32 42
29 54 9 42
71 54 28 21
16 13 19 41
77 79 45 14
11 30 31 27
72 45 69 21
59 70 6 41
2 58 10 41
67 44 52 21
11 54 70 27
37 34 53 36
12 68 71 41
18 10 5 21
3 16 31 21
54 58 24 40
20 54 37 36
38 43 19 41
19 25 9 40
65 37 76 41
73 49 2 14
33 32 63 27
1 69 10 22
77 26 59 21
52 79 1 42
72 38 48 42
57 54 37 14
75 73 0 22
48 31 25 41
25 4 11 41
58 64 79 42
35 44 13 22
45 70 78 36
7 68 55 36
59 29 69 27
39 46 69 40
65 50 49 40
77 78 16 42
70 39 15 41
76 15 34 14
79 73 6 14
60 79 10 41
34 10 47 27
32 25 5 27
65 32 6 14
43 20 28 41
38 59 11 42
59 37 31 21
1 12 65 42
10 66 75 40
2 68 72 40
39 53 68 41
47 4 38 36
32 8 56 40
53 8 29 14
74 29 0 41
34 25 17 40
60 19 54 21
10 48 43 40
15 11 45 14
3 0 64 14
38 68 7 21
72 38 61 22
1 72 4 40
18 32 35 41
9 56 52 36
3 52 57 36
75 9 1 27
31 12 46 36
10 17 35 14
6 51 49 42
74 17 75 36
13 24 44 22
34 51 24 41
62 61 29 21
51 47 59 41
0 5 20 27
66 62 24 22
38 48 20 42
68 53 23 22
74 16 33 40
30 58 64 22
65 34 60 22
73 18 72 36
44 47 54 27
7 50 76 36
39 66 68 14
66 47 59 22
9 12 39 41
59 19 20 27
0 43 10 27
29 43 69 21
11 69 48 42
34 35 78 14
33 73 18 40
51 75 7 42
19 46 8 36
75 54 79 21
75 55 69 36
63 74 53 40
46 35 28 21
6 51 68 14
33 12 1 42
24 77 65 40
2 75 65 22
33 61 47 40
60 28 74 40
49 0 66 40
46 55 11 22
39 77 30 40
67 56 44 27
19 24 52 21
75 69 38 36
34 47 55 41
45 79 55 42
28 5 24 22
11 30 15 27
12 16 62 22
18 32 7 40
34 77 79 14
25 68 18 22
65 32 39 42
46 72 61 41
10 53 7 27
38 78 69 40
19 26 37 27
78 5 70 40
77 29 0 42
67 66 56 21
79 24 37 42
8 65 50 27
44 50 61 42
15 29 73 40
10 6 78 40
9 51 28 36
10 79 23 22
12 78 51 42
32 71 51 21
30 78 33 40
11 17 50 42
52 19 30 42
70 43 25 41
26 46 68 22
12 45 46 21
58 53 23 40
57 8 53 21
68 49 16 40
48 63 24 42
50 24 30 14
50 76 69 14
17 2 54 41
50 71 60 27
64 49 45 41
46 19 77 36
65 69 61 36
24 57 69 21
62 31 17 41
4 67 38 14
31 6 62 42
5 20 32 14
63 44 53 42
19 23 64 22
58 70 79 40
45 51 10 21
73 48 23 42
25 20 13 41
24 0 46 21
55 33 63 40
4 79 19 41
20 8 18 14
49 33 32 40
60 59 7 41
53 52 19 42
0 16 11 42
60 32 4 27
59 24 0 22
54 5 26 40
29 79 3 22
8 3 58 14
76 60 54 14
47 16 56 41
56 50 43 21
9 70 59 21
56 76 72 40
31 5 74 41
12 76 6 27
59 5 7 14
53 73 6 27
26 10 59 27
31 49 65 14
9 2 38 40
15 7 68 40
76 9 33 40
55 25 9 36
26 2 64 36
31 48 18 36
79 47 78 41
26 71 64 36
66 53 11 41
0 62 12 21
74 28 47 27
45 53 6 27
44 78 16 41
63 68 77 40
59 24 1 27
24 5 13 40
37 60 63 27
70 78 57 27
18 12 67 40
68 11 28 42
37 26 6 36
18 9 28 14
77 45 32 40
5 72 44 22
50 0 55 36
70 37 53 22
63 62 64 41
63 25 59 22
6 78 26 41
69 35 5 14
64 60 7 14
30 57 28 21
15 55 6 41
5 59 7 42
67 10 79 41
70 44 16 14
70 51 76 14
68 65 15 41
47 66 64 36
12 6 60 42
51 0 53 21
67 43 75 14
73 8 47 14
55 32 64 22
49 74 70 27
19 66 35 21
26 78 30 42
50 68 23 36
23 78 17 22
15 52 50 42
38 24 30 14
74 56 43 41
24 11 5 41
2 37 47 14
0 72 47 21
5 72 20 41
79 65 63 27
48 32 20 22
10 77 43 40
33 15 72 42
12 17 49 42
44 35 24 42
59 54 44 14
62 17 8 14
16 47 59 40
39 25 37 27
49 29 32 22
66 69 9 22
78 55 28 41
0 75 57 21
34 28 23 36
44 16 79 21
77 43 7 40
23 62 3 40
62 51 44 14
33 38 79 21
13 78 77 36
77 2 29 27
47 66 50 22
48 20 5 14
4 70 16 40
34 72 78 14
38 9 68 27
0 2 31 27
28 24 56 42
19 53 25 40
64 12 7 14
45 35 48 42
44 31 60 27
31 73 16 21
52 4 2 41
76 68 77 42
23 69 49 27
13 69 53 22
59 72 8 42
49 10 13 27
44 66 58 42
32 59 65 41
7 54 74 14
76 52 70 40
30 47 32 41
17 32 31 36
9 68 51 14
48 30 76 36
74 59 30 21
69 77 75 40
55 61 66 22
17 12 1 27
77 31 46 41
20 30 7 36
72 46 2 40
3 35 68 41
64 13 2 14
5 69 56 41
4 39 7 27
5 17 71 22
24 53 29 36
55 33 37 42
45 73 46 40
50 46 61 27
8 16 64 14
29 73 60 27
15 61 46 36
20 33 17 42
70 43 61 22
19 78 33 40
6 32 73 42
31 51 19 14
73 48 75 22
38 57 18 27
74 13 56 21
58 51 24 21
72 26 74 40
20 58 78 27
30 15 2 14
48 52 39 27
60 70 4 14
60 70 73 42
56 25 65 40
72 12 53 14
55 75 65 40
64 29 68 27
4 49 10 22
58 45 72 41
6 19 52 22
2 53 11 22
9 48 37 40
48 50 49 21
46 62 26 42
13 60 59 27
50 45 25 41
28 71 74 40
20 66 73 40
30 70 52 27
25 70 15 21
60 15 44 22
28 65 13 27
7 16 64 22
0 10 67 40
43 53 46 41
66 56 68 36
31 72 59 40
51 33 19 14
30 45 34 41
38 26 49 40
56 2 75 22
18 7 68 40
9 5 74 42
20 39 8 36
71 66 53 27
5 67 56 41
70 2 68 42
71 70 33 22
60 23 45 40
79 17 34 14
1 17 20 42
43 24 79 36
30 58 57 21
35 46 5 21
12 63 66 14
50 65 8 27
31 52 58 22
23 12 32 40
7 49 62 40
10 37 70 14
11 62 49 40
26 55 13 27
28 66 50 41
35 31 46 27
75 5 26 27
63 29 64 42
76 79 39 27
76 18 5 21
34 74 37 21
15 68 11 27
79 25 48 41
65 4 68 22
17 0 4 40
48 8 26 42
77 78 2 27
10 3 26 21
12 62 39 42
34 30 74 21
78 55 4 14
29 45 55 22
8 10 56 14
28 38 76 41
52 31 51 27
69 44 17 22
13 78 26 22
33 19 66 36
18 43 35 42
73 9 43 14
57 54 8 40
3 66 73 14
57 77 38 22
55 53 66 41
15 65 28 27
60 55 29 42
49 18 6 42
49 75 50 40
31 6 16 21
7 13 59 40
4 65 79 42
55 50 44 21
44 5 18 36
73 37 0 22
23 13 71 36
44 59 37 42
71 24 11 22
58 70 33 22
75 69 32 40
45 56 6 40
61 26 62 21
69 25 33 21
1 43 70 21
56 60 11 41
15 47 75 41
77 62 60 22
19 20 25 21
9 37 63 36
3 62 15 22
62 6 12 22
30 55 2 40
57 61 5 22
2 77 54 22
70 68 71 42
43 60 48 27
1 18 2 40
78 53 32 36
35 71 37 27
37 76 0 41
64 3 6 14
18 0 19 42
3 39 65 36
46 23 38 21
57 44 17 21
77 52 62 21
25 52 10 42
45 26 8 22
26 23 17 21
38 37 3 40
11 44 31 21
1 63 67 21
6 62 50 41
19 66 13 42
10 43 8 27
59 62 48 14
48 65 31 21
11 67 43 14
63 29 10 36
48 3 24 21
13 67 50 21
66 33 38 22
48 16 65 14
6 35 49 21
13 1 12 21
17 70 25 42
3 11 67 22
78 24 29 41
17 34 73 22
25 62 26 21
34 9 26 22
46 37 16 42
65 0 4 36
5 9 74 36
10 39 50 41
45 51 79 21
5 47 61 36
33 48 32 14
11 56 12 36
8 31 53 21
59 49 52 27
24 62 34 42
28 38 24 14
57 23 67 21
63 8 64 27
76 39 68 14
66 18 78 40
28 23 39 40
0 53 10 22
31 63 70 27
37 46 11 22
79 26 0 21
19 62 63 42
76 1 34 36
4 17 34 21
32 5 49 40
74 44 45 27
5 72 54 36
16 0 61 14
43 56 76 41
29 5 0 42
20 0 68 42
67 16 9 42
49 39 55 36
44 6 78 36
26 61 13 27
55 20 26 21
25 70 72 27
73 39 71 21
64 12 65 41
53 50 34 22
16 49 18 40
5 72 38 36
59 49 69 21
35 49 62 22
69 20 60 14
55 28 43 14
8 12 19 42
61 63 8 36
50 16 13 42
55 59 50 42
25 64 57 36
43 75 28 22
2 53 54 36
15 23 46 27
51 5 44 22
54 45 15 40
63 61 70 36
4 31 23 14
49 35 77 36
74 58 34 27
31 53 70 21
33 68 76 22
66 44 0 27
50 19 70 14
70 45 10 22
78 45 38 22
34 72 9 40
28 75 58 41
43 29 37 42
56 51 71 41
24 30 49 21
16 3 64 42
30 15 45 21
69 76 73 36
62 20 66 40
53 19 17 27
15 69 24 41
24 4 5 40
79 60 35 41
39 57 58 27
30 1 16 42
53 15 49 22
10 56 66 22
58 43 15 40
9 15 34 41
37 63 56 36
66 31 15 22
67 29 34 14
48 70 11 41
29 13 67 14
9 47 20 21
26 10 8 36
47 77 24 22
64 35 79 27
78 63 3 36
17 52 19 40
6 16 43 36
49 6 46 42
47 3 20 36
24 39 60 14
62 74 8 14
7 30 45 40
77 4 43 42
30 19 1 42
23 76 43 40
24 18 60 42
6 19 54 21
49 58 34 14
76 56 17 40
0 3 59 21
5 65 70 21
58 30 48 27
48 23 49 42
69 29 37 41
10 39 64 36
34 6 78 22
7 5 61 21
16 56 3 27
16 32 39 14
37 23 2 14
64 71 15 27
60 4 37 22
15 64 71 14
44 15 34 42
69 55 60 40
61 64 39 41
50 69 3 42
38 32 20 14
39 17 70 42
29 1 51 36
30 10 24 27
58 55 4 21
62 5 76 22
37 15 12 22
6 55 8 27
71 3 39 21
69 62 49 42
52 66 46 36
62 33 16 14
11 0 71 36
73 4 75 22
19 64 62 21
9 77 7 41
7 78 9 22
48 20 57 14
56 76 64 27
3 15 57 36
7 28 17 27
3 16 70 40
23 7 20 40
73 74 3 14
28 38 11 27
58 7 15 40
7 30 78 36
66 1 34 21
66 73 52 40
64 17 28 36
19 64 57 21
45 38 20 22
72 64 32 21
45 37 76 42
24 17 78 40
1 56 53 22
4 0 47 41
67 10 56 41
32 34 26 41
73 70 37 14
62 58 10 27
51 65 24 40
57 37 31 42
7 55 29 36
77 55 56 41
59 47 50 14
62 52 39 21
20 39 72 14
26 63 56 22
29 60 65 41
76 23 63 21
50 46 77 36
39 6 71 41
51 58 37 22
25 34 59 27
4 0 77 22
7 79 52 41
1 13 35 21
56 15 49 40
1 19 26 36
71 43 25 22
56 33 46 22
33 37 69 41
49 79 56 21
13 76 32 27
30 60 24 36
57 69 34 21
5 52 32 22
18 37 46 22
24 37 54 36
28 60 20 41
56 49 5 36
15 72 12 14
59 20 72 21
0 61 51 41
31 13 17 42
44 45 58 42
12 43 15 42
70 26 9 40
29 37 72 40
13 51 16 14
64 11 76 40
32 77 38 42
50 56 4 14
79 20 62 42
19 72 12 41
43 56 47 42
11 3 6 21
24 31 6 22
76 12 72 27
38 75 10 21
57 71 6 22
29 25 37 22
8 69 58 21
39 9 17 27
56 31 68 36
38 15 43 36
49 12 64 40
8 45 16 21
20 13 16 21
65 70 53 42
2 66 8 40
46 76 0 14
32 65 69 42
8 78 43 42
77 50 39 21
31 25 6 21
65 5 61 40
52 33 45 40
12 58 78 22
37 38 61 36
69 52 47 36
11 49 75 42
17 69 78 22
24 26 7 27
18 31 29 40
23 8 75 27
17 50 12 27
34 7 13 36
72 57 0 27
59 34 75 40
26 79 47 22
23 24 69 36
53 0 78 42
17 48 38 36
11 45 19 27
25 74 68 36
24 6 61 22
79 37 62 36
63 15 28 27
1 62 7 42
17 6 61 36
78 49 34 42
71 8 45 14
31 49 4 42
35 71 60 36
67 49 75 21
79 38 48 40
62 26 5 36
64 0 60 27
32 52 19 27
29 0 18 22
1 62 60 14
54 31 57 42
57 75 20 42
59 11 0 41
48 69 5 36
60 35 57 40
71 57 23 42
43 19 28 41
57 12 31 21
55 37 38 22
23 18 78 41
71 0 5 22
63 0 57 40
38 70 37 22
64 30 67 22
75 70 24 21
63 55 51 27
60 67 37 42
20 72 71 22
37 31 32 42
23 44 8 27
47 48 60 42
64 0 25 41
67 20 0 42
33 57 44 27
1 26 64 27
68 38 4 14
65 56 25 14
19 78 46 14
69 30 25 40
60 37 32 42
3 4 17 41
24 58 72 14
2 70 67 21
32 75 53 27
39 49 53 40
34 68 4 40
79 66 2 36
25 60 16 21
68 4 10 42
53 17 46 40
20 46 45 40
53 57 39 27
49 75 69 22
1 10 76 22
75 51 16 36
31 28 15 40
6 64 19 42
54 78 6 22
76 31 39 41
39 77 32 21
30 75 31 41
8 7 77 27
48 43 78 14
32 56 8 40
32 9 54 27
45 56 1 40
19 54 28 36
33 32 47 14
56 9 7 40
33 68 63 41
7 52 25 36
8 11 55 27
54 26 77 36
63 11 68 21
30 76 29 21
70 46 8 42
1 11 52 14
68 78 15 27
67 44 78 42
67 0 25 41
51 67 72 42
68 53 24 14
49 62 0 27
1 59 63 42
10 75 38 40
18 77 66 14
7 45 37 40
56 50 3 41
30 66 2 14
15 35 37 40
38 7 10 27
48 28 62 27
6 79 7 21
58 73 9 42
45 20 19 21
17 56 20 42
54 67 50 22
10 60 73 42
9 44 19 14
3 71 35 41
70 46 63 22
78 4 11 22
38 26 68 42
50 72 30 41
68 66 26 42
32 66 61 21
33 20 8 27
53 48 68 27
79 30 33 41
63 53 72 42
51 72 53 41
79 0 74 22
18 13 68 27
10 54 34 40
38 64 59 42
3 62 66 14
6 75 73 36
63 7 52 14
58 26 10 36
77 57 78 42
33 0 54 42
76 60 63 40
35 16 69 21
38 53 67 27
29 59 67 14
29 58 60 27
38 30 56 27
33 20 24 40
56 60 1 22
2 19 43 21
26 52 39 22
72 30 7 14
35 43 1 36
30 24 72 27
49 72 66 14
5 37 26 36
66 37 7 14
59 3 4 14
56 8 25 36
60 77 75 22
10 25 55 41
10 33 78 36
46 37 39 41
63 68 23 40
26 73 18 27
57 34 19 42
79 52 48 27
47 3 71 40
45 34 30 27
78 73 63 21
44 13 57 42
45 54 37 21
79 39 38 40
70 76 58 27
3 64 75 36
34 12 5 41
12 71 26 27
79 71 17 21
78 43 70 21
13 23 37 22
65 75 72 22
16 43 32 21
29 4 28 36
6 33 39 36
3 31 59 14
70 28 50 22
33 76 64 21
25 26 18 41
76 69 54 22
63 70 62 41
18 34 4 40
7 77 47 22
2 5 6 27
55 39 67 42
20 58 55 21
46 2 69 40
64 37 4 40
32 17 43 14
28 18 33 41
66 70 74 21
38 26 25 42
46 10 0 42
54 69 25 42
64 9 48 36
0 54 11 27
56 5 72 14
34 59 79 22
74 49 37 40
25 13 79 21
38 6 9 27
67 76 68 41
68 77 24 27
68 76 58 27
4 71 31 41
16 39 54 36
59 71 66 36
46 26 8 22
28 45 65 42
8 28 30 42
15 77 57 22
9 55 7 42
34 25 57 36
49 6 44 22
5 72 79 14
76 30 28 22
33 57 52 27
51 17 9 22
38 76 75 22
24 7 15 41
77 55 5 36
52 23 58 21
72 7 67 14
59 53 79 21
31 48 30 40
55 53 23 40
9 28 5 42
38 4 9 21
69 68 61 40
56 8 38 40
48 16 77 14
8 5 60 14
64 10 54 21
66 55 78 27
12 13 0 14
12 61 3 42
60 79 25 21
31 63 57 27
8 23 62 42
57 26 29 27
55 49 74 41
68 17 58 14
35 24 18 22
67 57 12 21
76 47 61 27
63 23 18 41
32 31 6 14
29 52 59 22
57 60 46 41
26 60 38 42
50 26 12 21
16 18 28 42
6 10 46 41
71 60 46 21
5 64 53 14
55 33 56 14
24 64 52 21
56 77 57 42
28 31 58 14
54 73 69 27
63 60 65 42
37 7 45 36
73 24 13 21
57 0 76 27
61 16 59 21
79 29 19 36
46 26 51 21
60 19 10 14
35 34 59 41
35 46 2 27
57 19 77 14
57 61 0 22
73 62 4 27
75 73 34 22
5 78 0 27
0 10 29 42
53 25 38 21
52 75 64 21
56 64 19 14
67 47 74 41
55 56 63 42
56 63 65 21
18 61 57 41
76 60 48 40
37 76 55 14
64 51 49 42
76 65 10 21
54 71 28 36
70 20 56 41
66 63 78 42
48 71 24 27
30 31 8 22
55 70 61 36
2 72 76 22
63 69 35 36
12 56 70 14
2 48 23 42
6 39 48 22
62 18 10 41
49 47 60 36
18 12 72 27
55 67 1 27
11 60 3 22
48 56 32 21
53 32 74 42
73 6 16 14
34 26 6 14
29 50 0 41
6 75 47 40
66 52 17 42
64 46 53 36
53 11 52 41
11 56 35 41
65 52 19 40
74 5 50 14
26 71 30 27
70 52 37 36
58 26 17 42
72 44 1 21
32 62 45 41
63 11 30 14
71 56 43 27
38 55 4 42
55 9 67 21
75 50 9 42
72 46 63 41
71 75 29 36
17 44 2 41
74 17 7 27
54 7 10 14
65 4 37 22
37 3 32 42
62 69 60 27
37 76 47 42
26 77 33 21
17 28 3 14
32 63 66 36
4 23 56 22
5 49 8 41
15 45 65 22
12 47 72 36
60 62 23 42
60 45 11 21
13 67 72 27
66 65 13 36
72 6 47 36
69 62 15 14
4 18 24 21
57 33 49 36
72 13 74 27
47 33 9 14
50 8 51 21
18 2 49 22
77 33 12 40
19 54 11 41
45 20 17 21
6 45 37 14
73 37 33 21
43 72 23 21
53 7 74 14
44 6 1 41
51 66 64 27
65 69 56 21
75 45 34 21
7 18 26 40
1 35 50 21
29 68 50 27
68 37 74 40
79 35 56 42
1 16 73 22
19 18 9 41
17 79 5 14
34 79 57 41
74 70 32 41
0 53 33 22
55 2 47 41
0 77 13 40
10 3 57 22
72 54 75 21
47 77 51 14
9 55 65 41
72 56 60 14
69 71 35 40
51 16 78 40
60 32 37 36
8 38 6 22
33 12 73 42
43 62 2 41
26 16 18 36
20 68 9 36
75 53 49 14
78 16 17 40
65 63 57 41
18 7 1 42
33 16 55 42
53 4 59 21
70 5 28 41
62 23 55 36
67 63 57 41
35 29 71 27
45 67 69 36
25 26 46 21
50 5 56 27
37 60 72 42
70 8 18 27
11 13 20 41
49 58 1 40
52 10 7 42
4 34 59 22
72 45 23 22
57 7 12 40
72 18 29 27
74 48 55 21
74 53 60 21
24 57 66 36
23 44 28 27
28 57 72 14
4 15 55 40
20 23 63 40
30 64 26 41
52 63 25 14
23 44 20 42
23 35 56 14
4 47 7 21
29 11 28 21
15 52 69 27
33 50 68 40
38 53 58 41
58 56 25 42
30 6 44 14
78 25 67 42
43 47 52 41
61 48 10 40
9 46 59 40
29 20 12 27
75 2 33 22
29 64 38 36
12 43 18 22
11 35 64 42
66 53 29 14
34 72 46 36
35 44 32 40
30 4 13 14
52 32 61 36
17 28 3 21
71 57 15 36
48 13 58 21
24 9 46 14
38 57 20 14
31 46 5 41
48 47 44 36
17 19 6 36
25 29 28 42
56 72 79 36
74 19 54 40
15 65 23 22
5 23 57 21
19 26 35 21
78 58 32 27
9 12 11 21
13 6 16 22
68 3 18 42
68 76 39 41
18 46 58 27
63 30 13 40
61 18 34 22
52 44 5 41
30 37 4 42
52 53 69 41
17 26 49 14
12 69 74 41
57 31 71 14
49 78 39 41
76 19 10 36
50 73 77 42
19 57 25 27
34 62 72 14
38 6 67 22
16 60 15 36
59 51 58 41
45 51 75 42
77 1 57 41
46 60 5 41
77 68 61 36
69 5 31 36
72 78 77 27
69 67 25 41
32 79 17 14
11 8 46 21
18 31 37 36
76 55 4 41
12 69 44 14
28 47 59 40
78 60 3 36
17 79 76 27
68 23 67 40
39 70 0 14
24 70 32 27
31 74 30 42
69 79 47 36
11 3 51 27
6 29 15 42
35 51 59 42
8 0 71 36
65 34 4 27
53 79 26 40
47 49 3 14
61 54 13 40
12 0 35 41
18 15 34 41
11 31 65 14
12 26 15 42
44 31 30 14
31 18 13 22
67 63 44 14
63 29 57 22
7 1 38 41
66 74 24 40
16 62 67 14
29 23 3 22
5 55 45 41
70 64 37 42
2 56 28 14
6 1 78 42
29 47 77 42
78 77 60 41
28 50 30 27
68 18 63 36
0 24 29 14
18 72 39 41
72 79 23 21
76 10 54 42
78 38 59 27
60 11 49 27
49 46 53 27
45 16 20 41
63 20 6 41
3 0 58 27
55 8 70 36
72 18 26 42
33 16 39 42
48 30 29 27
38 77 50 36
1 70 57 21
51 11 20 22
53 55 54 36
3 13 0 27
76 34 19 14
53 48 12 21
9 17 48 14
25 17 66 41
57 44 31 42
32 70 3 27
60 57 55 36
39 67 61 21
62 13 20 27
9 52 37 21
53 74 17 14
13 55 75 27
31 29 43 36
12 71 37 40
64 12 76 36
23 51 50 41
60 31 12 21
60 72 11 27
44 70 31 42
47 5 55 14
57 4 19 41
56 10 29 36
28 64 69 21
30 52 63 21
48 37 20 36
63 16 38 22
62 29 51 40
79 24 7 36
46 35 63 14
73 4 12 36
24 7 59 14
20 65 77 42
12 34 76 36
52 48 8 41
13 18 15 36
55 17 33 42
6 23 52 22
45 10 65 27
20 33 6 41
45 33 75 41
2 28 72 42
34 10 29 21
23 24 72 40
53 0 75 41
26 75 16 21
31 76 60 41
59 11 70 41
56 18 12 14
47 66 2 21
47 76 16 36
75 79 0 41
79 46 75 41
67 51 26 21
55 70 65 41
46 8 79 22
53 25 44 41
15 16 44 41
77 26 76 21
70 62 59 36
74 9 75 14
23 33 61 14
65 9 60 41
51 57 46 27
18 45 39 40
19 33 46 22
65 70 6 41
68 69 49 40
20 43 2 42
32 7 15 42
75 71 6 22
38 24 67 41
39 50 19 40
69 29 53 14
16 60 48 22
77 44 57 42
74 13 23 21
58 0 26 22
16 64 6 27
72 4 67 22
77 71 45 42
15 8 17 41
73 78 49 41
43 31 9 27
4 45 34 22
6 5 47 21
2 74 46 41
77 55 43 36
32 1 31 22
28 76 30 36
35 44 13 42
65 47 50 36
26 4 57 40
8 16 29 42
78 30 17 41
59 18 67 14
57 75 47 22
53 7 56 22
67 45 39 40
6 35 74 41
24 74 72 14
64 69 50 14
78 68 50 21
46 13 76 36
50 31 67 21
4 66 46 22
47 70 44 21
79 13 2 42
5 63 54 21
70 4 69 27
38 55 62 41
31 0 45 36
26 66 29 21
65 53 47 42
5 62 13 21
73 24 69 36
79 59 3 22
79 3 51 41
64 50 73 27
30 60 10 21
51 12 31 14
52 18 62 41
53 44 43 21
33 43 66 41
68 33 55 21
61 45 5 40
45 52 10 40
8 74 54 14
1 60 0 14
60 9 57 40
50 54 11 41
31 6 35 42
59 13 19 42
28 5 79 41
64 57 31 36
48 71 56 21
16 12 38 36
38 10 4 41
73 34 18 22
78 28 46 42
70 10 17 36
44 76 4 21
65 74 50 22
64 18 33 14
51 19 55 14
15 50 23 22
7 77 32 14
0 72 16 22
15 18 57 42
52 60 75 40
29 18 33 14
30 19 28 41
52 5 77 41
39 12 6 41
73 30 34 41
5 37 13 41
17 54 70 41
61 1 63 42
18 66 20 42
65 31 54 14
56 65 31 41
67 75 45 36
65 24 71 21
69 4 78 36
61 64 37 36
17 49 4 22
6 33 34 21
58 73 50 40
35 44 5 41
55 73 68 22
75 58 19 41
51 10 7 22
57 38 67 22
51 69 78 22
26 24 19 14
64 5 31 36
8 0 23 14
4 19 45 36
7 18 3 27
57 70 39 40
43 17 37 27
76 29 13 27
70 28 25 14
62 9 8 22
13 46 11 40
49 1 63 22
43 59 75 27
26 2 9 40
65 16 2 21
63 60 56 36
54 60 67 27
2 11 57 41
28 52 26 41
34 59 61 42
58 57 23 21
17 48 58 21
68 16 59 14
64 67 12 41
37 49 58 21
65 55 67 27
17 65 1 21
13 45 23 21
24 13 11 40
39 60 71 42
31 65 56 27
51 74 72 36
64 17 3 22
30 66 29 36
31 65 20 36
45 39 11 27
58 13 10 40
39 13 5 14
44 43 38 41
47 57 20 14
64 3 5 22
48 73 63 21
7 45 44 14
1 10 53 40
31 33 1 42
1 65 78 27
73 20 8 36
9 4 8 40
33 43 4 22
46 17 5 27
18 7 66 36
33 4 52 36
63 31 57 40
30 32 54 36
10 1 2 40
57 49 64 22
11 72 70 41
26 69 65 27
1 38 23 36
4 57 59 21
56 46 29 41
44 33 43 41
46 78 54 36
12 52 9 42
61 44 69 40
53 10 78 14
3 74 34 22
12 35 31 41
31 71 43 27
9 6 65 36
2 28 4 22
68 47 17 27
76 16 7 42
52 79 66 41
16 17 23 21
28 38 20 36
78 61 19 36
53 64 33 21
18 16 15 42
62 11 8 36
30 0 15 41
19 24 48 42
2 47 18 36
76 11 56 22
56 33 43 27
71 69 63 27
77 46 49 27
33 12 62 14
13 19 9 14
70 61 38 14
5 56 67 42
17 31 79 40
73 56 46 42
54 10 25 21
63 20 69 40
35 28 71 22
15 20 68 22
52 77 50 40
30 64 67 27
51 53 32 14
18 47 68 14
59 57 29 40
66 5 77 36
24 64 6 21
32 65 46 21
71 29 77 27
51 71 11 14
11 43 20 42
39 44 51 27
68 18 72 22
6 79 0 36
8 74 46 41
48 24 77 21
1 10 78 36
4 16 51 41
25 46 60 14
12 7 44 14
65 50 30 40
72 68 37 40
10 60 6 27
61 4 10 21
12 29 48 36
66 0 45 14
78 76 16 22
26 7 35 41
4 66 0 41
76 2 46 14
48 69 31 40
25 78 37 21
37 68 46 21
13 64 28 41
38 73 60 22
68 30 76 14
1 64 62 27
46 64 55 22
45 6 5 42
72 28 63 21
20 13 6 40
38 45 10 21
60 10 29 14
63 70 2 36
39 47 34 22
31 12 38 21
30 37 60 36
15 64 76 21
65 57 45 22
78 76 66 27
65 70 50 21
28 10 38 22
78 71 66 40
50 74 49 42
37 60 71 40
39 56 57 41
76 47 58 41
64 55 13 42
59 46 70 21
5 52 68 36
28 19 30 14
73 61 25 41
71 17 33 36
43 25 32 36
69 55 15 42
8 3 39 41
34 69 77 22
53 5 49 42
20 75 77 40
54 7 71 27
23 78 72 21
76 25 55 22
54 33 8 36
69 45 5 36
51 73 67 41
37 59 43 36
35 38 45 42
44 50 31 40
5 48 26 27
37 28 72 36
25 3 68 22
16 43 71 40
47 77 63 21
6 74 48 40
47 44 67 14
61 25 62 14
49 17 3 36
61 72 38 21
74 5 48 21
69 50 65 14
79 61 54 40
71 62 53 40
6 63 7 40
60 53 54 21
69 70 1 22
75 67 53 22
9 20 62 36
20 33 10 14
57 60 7 27
62 65 59 42
78 6 59 21
76 45 70 21
50 12 16 22
70 23 51 41
38 51 62 41
59 5 10 21
31 63 43 40
59 57 60 36
24 52 32 21
75 48 46 22
60 44 11 21
48 19 15 41
5 35 79 40
50 46 32 41
46 0 34 40
11 39 34 41
73 64 61 22
65 16 68 41
0 54 55 36
12 26 59 41
39 28 12 22
57 35 49 27
64 53 68 14
12 72 15 36
32 57 67 42
52 66 5 27
16 34 79 21
11 70 5 21
8 61 3 27
45 70 54 14
38 46 48 40
53 71 55 42
72 12 66 40
68 71 73 22
43 54 75 27
19 72 15 21
16 9 45 40
50 78 75 41
6 68 43 42
67 25 39 36
55 50 28 42
23 66 18 22
58 20 68 14
39 30 25 22
25 1 58 36
44 43 76 21
77 33 48 22
38 17 8 40
