65 74 22 21
77 24 27 42
64 28 36 27
39 26 14 21
4 11 27 22
48 2 14 40
44 7 36 42
77 23 40 22
28 76 27 36
61 13 27 40
39 53 36 14
68 26 27 21
77 79 40 27
76 73 36 41
20 46 40 41
28 18 14 27
31 46 40 36
55 3 40 14
78 53 22 21
78 76 21 14
70 16 27 41
44 25 40 42
76 1 21 36
2 79 42 21
55 34 41 21
67 74 41 42
2 34 41 40
74 35 36 27
68 56 42 14
31 30 40 14
4 79 22 40
18 15 40 36
50 34 27 22
75 65 21 14
24 52 14 41
52 55 21 22
18 19 41 14
69 17 40 21
54 1 27 40
26 47 21 40
69 59 36 41
57 50 36 22
9 79 41 27
72 48 27 14
61 9 42 41
26 2 42 22
16 12 40 14
60 55 22 21
24 28 42 21
72 34 41 36
58 76 22 36
53 7 27 36
31 59 27 21
52 45 14 21
25 35 27 40
46 11 40 27
75 32 21 40
15 59 41 36
54 72 41 42
18 17 42 36
55 32 41 14
69 72 36 42
13 38 22 21
18 20 22 41
68 9 42 27
72 45 41 36
76 62 41 14
8 24 42 40
2 32 14 21
15 29 42 14
10 26 14 41
59 54 42 40
48 67 40 22
50 15 22 27
48 43 41 40
12 77 22 42
79 37 41 14
69 68 27 22
11 59 41 22
51 19 41 36
3 4 22 40
3 44 22 27
77 28 41 36
77 17 22 40
29 49 40 14
66 67 14 36
38 20 42 40
53 70 21 42
24 44 14 42
73 26 21 40
4 16 14 27
67 15 41 21
4 64 36 42
54 3 22 14
39 37 14 27
32 20 27 14
61 45 40 42
1 33 42 21
63 24 42 21
34 70 14 22
54 25 14 27
37 18 41 21
44 50 40 41
19 7 42 27
34 18 41 21
43 1 14 42
63 16 14 41
16 13 27 36
13 37 22 21
6 7 40 14
73 13 42 36
52 5 21 14
67 30 21 42
17 20 41 22
74 9 41 36
35 68 27 41
1 63 27 22
60 61 40 36
63 19 36 41
45 34 42 22
69 46 27 42
74 39 14 42
7 66 42 40
24 11 27 14
10 53 40 22
56 34 42 22
78 49 21 41
56 38 36 22
37 47 40 36
51 58 27 21
12 56 42 21
43 28 40 42
38 62 42 14
26 55 27 36
43 0 22 40
48 63 42 40
31 57 27 36
6 63 22 27
62 58 27 42
37 59 41 40
70 32 40 22
30 77 36 21
34 6 40 22
49 19 27 21
20 28 36 14
23 28 36 14
65 68 42 27
61 69 41 14
4 34 40 41
58 48 41 42
31 10 22 42
45 31 22 14
20 19 22 21
61 46 36 42
23 18 27 14
76 35 36 41
6 37 22 41
28 19 21 27
45 29 22 21
59 51 42 14
79 23 21 36
55 65 27 41
31 52 21 14
8 65 41 40
75 15 27 41
50 46 42 22
37 23 36 22
61 50 22 14
53 31 40 21
16 34 41 14
3 17 41 14
67 34 41 27
60 53 27 21
54 45 27 21
65 66 27 21
73 11 41 22
15 69 36 14
29 7 27 22
34 53 36 42
69 55 36 21
43 30 40 36
5 8 22 27
20 37 40 41
71 37 22 21
9 19 22 36
17 18 42 14
26 77 27 21
32 33 27 14
4 67 40 27
33 60 41 21
35 47 36 42
16 0 36 27
64 77 42 36
53 72 14 42
49 29 40 42
57 76 14 22
50 72 36 40
51 75 36 14
3 74 14 42
62 6 14 42
58 39 27 14
45 17 27 14
19 61 21 40
35 23 36 27
75 35 41 42
10 47 27 40
70 33 36 22
7 9 21 36
52 48 36 41
43 0 40 14
7 31 21 22
38 51 40 41
55 79 40 21
9 43 27 21
7 62 36 41
39 77 36 27
79 29 42 22
64 33 36 41
39 78 14 27
2 66 27 21
58 12 27 21
63 9 14 41
17 6 41 21
53 25 14 42
57 50 42 36
72 32 36 21
68 1 36 41
25 67 36 42
38 64 40 21
15 12 21 22
49 8 40 41
52 1 22 36
34 23 22 42
44 72 41 27
43 18 40 36
57 23 14 36
12 52 42 14
47 20 27 14
24 43 36 27
26 60 36 22
71 52 14 36
4 6 22 21
15 28 36 42
35 4 40 27
9 1 36 14
53 28 22 27
20 38 22 40
9 49 41 40
39 57 42 27
2 37 42 40
61 18 42 27
29 28 41 42
69 57 21 42
19 53 21 36
39 18 21 14
66 13 14 42
