78 14 40 22
10 27 40 42
38 42 22 36
59 27 22 41
79 41 27 14
43 41 42 22
38 36 41 22
70 36 42 14
58 40 14 36
1 21 36 41
20 21 27 36
13 42 40 41
25 14 36 40
18 27 40 22
63 40 27 36
4 22 21 14
63 22 41 14
4 36 42 27
24 21 22 27
31 27 41 14
48 41 40 36
43 42 27 36
43 41 14 27
6 40 36 22
53 22 27 41
31 36 22 27
66 41 40 22
17 41 22 36
69 42 41 40
63 27 42 36
59 21 22 40
15 42 27 40
44 27 40 22
54 21 40 22
61 22 42 36
78 42 40 21
24 14 21 41
31 21 36 22
10 41 36 42
72 40 22 41
26 41 40 27
17 22 36 41
13 42 14 41
72 40 21 14
24 41 14 42
7 42 41 27
45 22 14 36
69 36 14 40
56 41 36 22
32 22 42 14
2 36 42 14
78 14 36 41
31 36 40 42
72 21 22 36
4 42 14 36
13 14 41 22
39 14 40 36
76 14 21 42
63 14 27 42
56 36 42 40
60 41 14 36
55 21 40 36
10 27 14 42
70 27 36 22
3 36 40 22
52 22 21 42
37 27 21 36
75 42 22 14
75 27 36 42
77 22 40 21
53 22 40 27
30 41 42 40
44 40 22 14
6 40 14 22
11 27 14 41
79 40 27 41
64 42 22 40
33 14 36 21
52 36 42 14
37 36 42 27
30 40 14 36
49 36 41 42
52 27 22 41
2 41 27 40
31 22 14 36
2 21 36 27
55 36 40 21
26 22 36 14
75 41 21 36
1 36 14 41
35 21 36 27
72 14 42 22
12 40 36 42
64 42 14 27
13 41 21 42
10 36 27 14
61 40 42 36
58 22 21 41
38 21 14 42
6 22 21 27
65 36 27 42
76 36 21 22
45 41 40 36
52 27 36 22
4 40 42 22
4 22 21 36
60 21 41 27
4 21 41 14
6 42 40 36
68 42 41 22
7 21 42 27
6 21 42 36
29 14 41 27
57 42 22 40
11 27 42 14
59 41 36 42
26 27 14 22
44 41 36 14
57 42 40 36
67 27 36 41
1 27 14 42
79 36 40 42
74 41 40 21
13 41 36 40
60 14 21 22
76 22 14 27
28 36 42 22
69 27 21 36
17 36 22 42
70 42 22 14
66 27 42 36
34 21 36 40
69 27 42 41
33 22 14 27
45 21 22 41
44 27 41 40
17 14 27 36
6 22 42 40
79 27 36 40
26 41 42 14
30 14 21 36
57 41 14 21
31 40 42 41
50 41 14 36
67 36 41 40
5 14 41 21
47 14 21 22
26 22 21 36
63 41 40 27
31 40 22 27
23 41 36 42
79 21 14 36
51 22 36 42
47 40 14 27
29 21 27 41
51 40 22 14
20 27 22 36
11 21 27 41
19 21 22 36
13 14 41 27
72 22 27 36
69 14 27 41
32 42 21 40
17 27 14 21
57 42 14 22
33 36 14 21
70 41 21 22
69 14 27 22
61 36 21 41
2 42 22 40
65 40 21 42
46 14 22 41
66 27 41 40
12 36 27 41
45 42 41 40
33 14 40 21
53 14 41 21
19 42 41 22
69 21 42 41
2 27 14 22
72 27 41 36
6 41 36 42
24 21 40 42
5 27 21 22
16 21 36 42
26 22 27 14
37 40 41 42
39 40 42 41
15 41 21 27
26 14 21 27
17 40 41 22
59 40 36 42
17 42 22 21
18 41 42 36
79 27 21 14
35 27 36 40
61 21 27 42
44 42 22 36
30 41 14 27
59 41 21 40
64 36 42 27
6 42 21 14
70 22 27 36
35 42 22 21
51 40 27 21
70 42 14 27
35 14 22 41
33 21 41 22
4 14 36 41
26 41 14 36
46 41 22 14
71 42 41 27
47 14 42 27
52 40 21 22
3 21 40 14
66 40 14 41
3 27 36 42
7 42 22 14
5 41 36 22
66 22 41 21
4 42 21 40
71 22 42 40
54 42 27 36
58 40 22 41
55 22 36 14
75 14 36 40
31 36 42 22
71 42 14 36
54 41 21 40
76 27 14 22
32 36 27 21
2 42 41 14
77 14 21 41
75 41 42 22
51 42 27 40
1 41 36 22
30 41 40 22
31 36 40 42
62 36 42 41
31 27 21 36
16 27 36 22
50 27 14 41
57 14 40 27
9 27 36 22
64 41 21 36
67 40 14 41
55 41 27 40
51 40 14 41
32 21 27 22
9 27 40 36
76 41 40 42
57 27 21 40
16 27 36 21
29 42 21 27
69 22 41 36
67 21 40 27
