63 11 37 30
57 16 73 71
24 50 79 51
67 16 29 45
15 70 38 54
28 52 10 8
35 53 37 24
26 58 10 51
32 38 17 10
34 23 39 13
24 11 75 8
16 33 17 5
32 10 50 35
7 56 55 54
45 2 55 33
5 13 7 58
57 67 31 78
33 60 66 0
5 37 57 78
71 70 11 52
63 38 7 32
77 76 10 6
62 68 35 1
38 76 0 18
58 60 24 7
50 37 55 35
0 74 44 37
11 33 70 74
12 26 70 37
66 15 16 38
2 78 69 57
78 44 15 66
18 77 16 43
68 66 50 75
0 25 1 46
12 72 0 31
0 4 57 29
59 9 65 46
77 20 76 19
70 10 75 68
3 71 6 73
17 10 67 32
39 54 12 55
15 60 70 76
0 50 66 6
11 60 4 8
15 79 33 18
3 72 63 33
1 45 62 78
45 1 19 77
17 15 25 34
39 78 29 7
31 2 16 25
33 78 32 28
18 79 47 38
3 71 11 35
68 46 15 60
74 72 0 52
9 70 61 49
3 26 60 43
52 63 70 54
26 28 75 62
19 49 5 55
76 35 64 38
45 31 66 37
9 68 51 13
32 56 63 78
20 75 6 72
20 56 11 13
64 8 58 37
4 47 8 79
60 37 70 67
74 65 8 53
47 76 51 49
38 71 13 50
70 44 24 58
1 48 37 9
45 31 50 57
6 65 68 58
55 7 2 24
28 9 50 39
47 71 5 61
61 65 20 3
26 51 2 16
39 19 54 56
70 69 72 51
10 48 74 20
4 39 44 45
11 79 25 47
29 23 52 48
79 25 26 59
67 56 68 8
30 38 56 47
79 71 6 63
34 35 52 69
9 23 20 44
38 51 2 3
30 2 5 44
35 62 57 49
18 23 9 69
38 34 16 71
60 11 35 30
11 30 77 56
62 71 50 77
12 47 35 18
64 18 1 17
7 72 38 74
19 29 52 1
54 67 73 65
72 58 25 60
2 6 33 58
44 1 69 65
45 20 57 52
20 9 19 52
19 57 0 52
77 73 68 71
17 76 47 38
75 56 57 31
57 78 61 8
73 37 24 9
47 16 54 0
11 61 25 54
66 75 37 65
71 23 45 29
56 68 49 72
72 66 4 30
58 68 34 48
11 26 9 2
16 0 30 29
58 5 25 46
57 29 77 2
8 74 4 28
49 39 34 70
49 70 62 51
28 49 65 0
18 67 37 44
12 5 59 28
32 23 57 75
43 65 20 45
18 78 56 30
31 75 30 2
23 66 4 70
32 51 55 62
18 72 34 76
5 49 12 55
66 4 69 75
67 37 78 71
19 66 8 37
7 75 5 51
64 44 34 31
79 76 33 65
29 60 33 70
45 58 43 65
13 53 75 4
24 37 19 29
0 76 17 38
9 53 26 60
46 47 32 0
46 2 62 7
32 62 17 37
50 52 51 15
59 3 47 18
28 35 57 61
67 43 7 25
58 17 20 12
24 26 48 32
19 4 9 13
13 61 6 46
7 6 30 34
9 8 37 20
10 54 43 26
32 19 75 72
29 62 8 43
45 71 5 33
13 76 55 43
38 29 2 3
0 37 57 70
38 61 1 47
28 54 69 73
19 18 34 20
39 57 77 28
5 52 76 75
1 57 12 76
63 24 6 69
52 64 50 67
72 50 78 79
50 65 58 3
16 76 10 33
60 9 5 70
29 7 58 39
69 19 17 57
48 67 29 35
68 8 33 66
37 71 15 75
10 71 12 19
59 51 48 5
73 54 11 3
55 76 51 23
52 66 2 6
78 26 18 15
5 70 18 48
68 4 20 0
55 64 11 70
72 57 31 4
19 58 3 17
15 35 65 66
56 66 38 12
70 79 45 9
16 52 8 58
59 74 46 48
62 69 29 8
20 34 30 29
17 16 26 63
0 63 45 28
47 39 31 45
25 63 20 72
39 1 70 57
67 50 0 57
69 10 46 62
51 66 45 9
56 62 16 1
4 57 38 0
30 71 50 69
43 10 63 33
37 65 8 54
29 38 71 74
75 35 37 60
7 3 57 35
59 2 76 52
32 49 11 13
59 54 37 34
3 6 78 37
17 71 11 68
30 58 5 28
53 28 44 63
35 55 53 75
38 18 1 44
71 26 45 3
51 43 31 64
32 79 2 17
38 20 70 55
62 67 7 0
2 54 72 4
73 58 9 52
29 2 77 65
53 38 28 0
49 38 28 62
69 26 29 52
68 28 69 18
16 9 35 57
74 71 30 57
28 35 8 59
79 25 71 67
57 46 1 12
64 71 43 46
64 38 69 1
44 25 10 3
65 48 78 69
50 70 18 53
30 4 63 46
30 7 50 37
0 44 8 43
29 67 10 23
18 19 26 9
9 76 2 20
77 23 18 45
76 33 28 39
23 39 2 64
46 39 56 77
1 68 60 28
15 1 56 74
56 28 6 2
9 44 67 38
45 61 48 29
37 56 28 35
73 10 3 59
59 72 6 51
52 3 23 66
65 12 2 29
73 0 10 60
52 60 68 67
72 47 50 73
43 50 45 58
75 12 9 47
8 38 60 30
20 77 76 37
74 28 61 58
61 8 50 0
24 64 26 29
10 5 12 48
57 58 71 35
45 7 61 0
53 60 58 12
55 16 15 13
61 54 53 65
28 59 3 43
54 60 33 3
1 57 49 72
7 8 65 69
30 49 65 39
75 33 65 35
38 18 11 9
25 17 78 7
52 37 73 20
34 13 38 70
47 37 43 72
54 24 6 60
3 13 70 11
45 26 2 20
48 62 70 12
64 26 76 60
6 63 77 28
49 35 43 8
72 9 12 8
72 18 71 37
32 26 3 69
59 66 4 54
59 29 43 79
70 0 65 13
61 38 72 31
4 34 11 79
53 62 47 46
9 52 47 60
11 19 37 49
62 38 65 50
30 26 10 39
60 57 8 31
34 77 33 6
11 43 73 19
39 33 78 23
46 10 13 59
28 8 45 66
59 64 10 55
39 45 70 26
15 50 64 54
79 78 12 1
26 55 35 78
5 55 65 73
37 44 50 66
67 3 49 76
48 69 58 5
33 69 48 59
35 53 29 12
47 10 67 29
24 38 34 32
33 59 10 67
65 48 70 29
32 28 18 47
49 66 9 4
1 10 55 44
20 43 32 78
1 0 8 56
79 65 13 61
7 18 33 47
51 5 46 18
26 60 43 76
19 74 13 51
29 5 9 55
71 0 60 15
57 38 66 76
33 54 67 44
32 11 71 47
5 26 37 57
1 49 45 71
28 2 15 4
70 46 51 5
77 67 31 15
71 70 15 64
45 10 23 4
4 65 54 23
8 73 43 58
72 65 20 48
71 45 10 44
10 78 34 35
25 18 19 16
68 37 51 69
4 6 71 3
17 4 13 20
71 17 9 53
19 67 62 13
75 10 45 55
49 32 47 2
15 20 46 71
10 18 57 46
63 3 31 60
68 72 24 56
77 73 45 52
33 0 44 52
11 1 63 46
2 31 26 55
0 26 34 72
32 63 66 55
29 20 69 60
74 2 64 12
68 38 71 44
73 75 58 53
37 44 52 46
56 12 78 24
53 16 31 75
74 11 7 30
30 45 20 54
26 79 54 24
34 63 47 0
15 7 11 39
5 50 33 45
18 74 1 6
58 79 45 12
60 4 31 17
72 66 29 43
20 38 59 68
73 68 11 37
13 77 32 51
37 44 17 45
74 61 19 0
37 31 5 15
63 4 58 45
66 13 78 0
59 67 71 15
20 31 17 69
77 61 79 25
12 29 8 9
64 16 38 49
52 68 28 70
77 73 53 17
0 60 78 18
18 38 29 44
70 63 4 5
37 65 32 52
13 70 45 72
48 71 59 44
31 73 43 66
3 78 79 69
57 68 38 51
25 9 44 75
25 72 61 19
59 66 55 70
32 59 8 58
35 17 54 10
74 48 60 34
3 35 24 51
77 44 49 48
20 74 30 68
34 74 70 5
18 74 3 25
48 68 75 4
30 65 11 2
35 77 16 63
59 26 24 37
39 9 31 19
79 52 48 13
79 54 24 25
26 58 1 70
55 56 63 1
34 52 76 6
53 43 45 5
68 33 16 47
33 31 4 8
59 1 39 56
64 73 46 60
72 17 66 15
61 51 3 47
37 25 45 46
33 32 76 12
15 59 66 38
32 33 66 72
78 77 7 53
6 29 65 32
51 70 30 37
3 68 73 6
39 33 71 64
57 9 19 72
70 1 8 30
9 26 60 15
72 53 28 17
60 78 25 19
56 52 78 8
24 53 9 44
26 73 1 75
18 39 9 24
37 28 31 34
72 57 31 58
74 45 59 5
25 18 33 63
46 28 1 25
33 3 70 63
23 51 48 43
58 60 16 38
71 74 1 10
1 18 6 15
19 73 8 20
28 17 11 18
54 35 43 77
73 39 11 5
5 43 29 13
54 62 39 29
34 76 77 70
62 1 9 25
79 78 70 9
29 68 31 9
46 61 47 17
54 34 38 24
78 37 13 51
63 65 68 4
1 58 5 72
73 15 48 17
67 53 13 3
13 1 50 79
58 32 3 79
19 3 58 2
61 53 65 32
71 74 19 43
54 3 45 26
71 59 66 37
1 78 6 5
35 61 75 58
28 46 30 37
70 57 4 58
71 74 47 4
13 66 60 76
13 10 23 45
71 74 38 2
45 69 68 12
3 39 60 30
8 50 1 64
17 30 52 47
46 19 39 3
19 68 64 73
52 70 62 37
34 35 29 65
76 18 29 59
60 62 28 39
60 58 20 28
49 7 51 16
43 60 26 58
12 47 26 20
63 12 34 23
52 24 54 19
10 60 75 66
56 65 18 67
24 4 53 70
63 34 43 62
7 13 55 10
77 63 65 26
43 68 1 74
72 33 31 56
37 76 44 78
54 34 60 6
32 53 4 66
23 62 15 61
16 19 68 58
75 44 26 48
46 53 49 71
67 16 0 17
73 3 16 31
52 7 69 73
78 76 19 68
35 55 57 4
77 54 46 38
20 75 49 17
25 5 32 19
19 1 49 6
38 52 20 3
62 48 19 16
3 45 24 64
64 54 79 7
7 1 49 69
59 33 6 65
4 48 29 12
15 33 10 69
50 34 16 15
38 66 65 68
5 46 11 48
2 23 6 33
57 59 15 43
33 25 64 20
59 49 62 64
26 66 45 48
35 5 55 57
7 45 68 25
56 69 7 59
73 30 0 50
50 26 65 17
48 78 58 3
19 58 44 69
38 62 70 16
60 55 20 53
37 78 5 59
77 58 72 6
30 2 71 50
68 1 15 60
49 77 24 4
68 20 59 73
75 30 56 77
4 63 53 69
9 53 51 78
70 37 16 73
43 53 7 23
32 54 62 52
25 17 0 68
51 45 73 23
55 64 48 12
7 50 18 69
17 68 66 37
10 20 8 65
48 71 69 66
58 37 3 10
55 66 15 33
9 34 37 66
71 18 23 33
5 70 33 13
10 26 19 67
4 58 74 73
47 19 37 58
72 54 67 0
52 39 46 34
2 48 34 46
60 52 20 74
48 11 56 35
71 33 46 8
49 19 6 0
54 11 76 78
3 4 68 43
51 50 72 25
50 23 61 28
3 70 55 71
63 51 59 46
47 38 17 8
77 17 45 29
50 26 2 38
28 0 51 17
25 2 76 50
37 0 11 43
35 74 59 32
68 65 79 34
70 16 67 17
54 3 4 13
71 62 3 61
30 72 49 54
2 17 53 67
25 50 55 12
43 51 33 5
55 35 47 49
49 15 52 31
73 63 4 5
46 67 77 74
69 75 63 33
76 35 19 24
62 58 34 78
78 65 55 23
54 38 77 29
74 29 1 55
67 60 63 71
79 69 68 50
67 79 53 4
13 67 44 59
25 74 12 69
50 2 38 0
72 50 4 8
75 9 43 59
49 31 6 35
1 32 33 61
10 71 76 62
31 72 20 74
24 30 58 46
9 72 49 2
47 12 63 48
47 2 49 44
73 37 12 67
24 11 76 55
10 52 50 57
72 61 47 70
17 79 6 38
67 55 56 6
35 48 44 10
26 6 19 77
74 10 73 34
29 25 7 66
17 51 60 29
5 76 33 77
34 43 47 66
58 65 15 0
46 49 55 52
74 28 19 30
65 76 46 72
63 58 17 65
54 51 32 69
72 69 12 20
61 38 39 76
69 55 70 43
35 53 61 6
71 24 73 5
72 44 24 25
12 66 76 25
61 38 35 9
34 58 71 2
61 72 34 79
18 63 44 77
35 48 59 32
11 47 68 5
33 55 19 49
2 65 54 23
15 50 76 38
7 32 79 63
2 8 61 37
76 39 12 1
70 69 61 1
51 68 44 34
74 72 58 18
79 23 7 64
72 33 71 29
32 53 66 70
54 24 63 47
33 45 60 35
19 25 24 79
25 59 11 52
2 70 39 1
66 55 37 16
51 28 26 37
55 63 44 0
54 46 6 57
76 79 31 30
63 1 58 9
55 32 53 43
38 25 13 70
34 29 53 1
15 43 51 34
23 50 18 63
39 57 19 76
18 48 31 8
74 34 75 49
18 71 79 11
68 8 10 57
0 68 69 24
24 25 10 0
53 74 48 64
59 7 65 32
76 17 51 16
13 37 49 7
31 29 15 35
4 56 78 52
35 47 39 24
12 16 7 0
39 74 69 17
58 60 44 16
39 61 28 16
76 30 69 9
35 16 64 70
75 74 68 78
67 2 75 46
62 6 12 3
39 6 74 75
11 59 70 77
7 60 56 4
61 69 19 76
44 1 31 32
69 16 63 58
65 53 54 10
60 28 68 26
63 76 46 71
45 10 7 57
46 17 56 59
67 56 23 28
3 10 17 74
68 69 31 45
46 3 15 76
55 53 59 67
17 51 60 23
72 63 24 71
52 13 62 38
0 56 57 44
78 24 45 46
2 66 8 61
46 28 3 12
60 59 68 75
48 46 72 53
10 35 77 15
15 9 63 72
53 69 68 9
65 79 33 1
1 8 56 16
79 38 34 33
20 58 38 34
29 34 59 12
63 73 67 8
56 78 49 23
4 58 62 26
62 19 43 29
58 78 30 5
53 44 1 60
5 59 55 63
19 2 72 66
11 51 59 3
63 59 28 64
44 28 76 26
56 11 47 63
56 53 10 63
67 1 16 54
4 71 54 79
37 51 49 26
55 34 52 44
37 39 5 10
6 69 9 0
39 57 72 58
68 2 76 61
37 8 17 62
32 31 57 46
52 17 54 10
38 34 39 35
11 55 44 73
17 51 61 58
65 8 55 37
11 23 6 63
8 2 12 5
38 62 64 7
53 59 79 78
13 57 45 10
49 44 70 29
72 1 34 68
59 24 52 63
75 51 56 72
64 46 45 55
3 13 56 30
8 78 33 77
67 64 68 0
69 55 76 39
71 32 38 13
78 47 59 55
4 52 66 61
58 5 9 10
4 11 45 29
59 71 75 2
18 75 7 28
19 26 2 32
54 50 17 4
2 51 18 7
63 46 78 4
25 16 49 9
55 44 20 74
55 29 57 70
68 6 23 79
17 75 56 28
35 44 56 78
63 18 48 9
16 30 60 32
30 64 57 2
54 63 8 12
49 20 1 44
30 16 72 50
11 64 77 25
19 56 15 39
59 78 35 31
31 51 54 48
60 10 53 26
48 54 32 64
55 17 25 65
60 25 47 17
67 19 77 69
38 23 6 46
74 17 9 57
18 30 50 15
77 20 28 9
7 77 52 12
31 77 18 64
76 2 56 49
3 63 75 54
58 29 20 19
69 19 48 64
53 29 20 11
69 39 15 16
12 9 1 44
60 15 77 53
78 61 4 54
26 8 54 17
35 10 78 57
69 32 33 75
59 35 76 23
12 7 46 77
39 62 47 38
38 8 68 66
62 34 49 54
64 3 20 79
30 63 9 44
63 0 49 12
28 24 60 45
30 49 34 38
69 70 43 39
57 15 73 0
73 62 18 10
76 75 33 55
26 62 47 33
47 6 2 59
75 79 54 48
10 64 1 8
64 55 0 61
33 11 47 70
63 31 60 8
50 51 79 53
6 18 55 4
18 47 26 10
4 34 25 66
43 70 67 2
66 3 44 0
69 75 5 72
35 15 2 49
13 28 38 72
10 74 76 6
26 4 39 19
20 34 1 29
56 53 34 5
33 65 66 64
15 78 65 51
38 65 78 50
52 30 32 63
33 2 15 12
30 50 39 11
9 12 63 49
73 6 48 51
51 8 12 17
7 57 39 69
18 26 77 52
9 44 25 46
65 23 56 72
71 67 47 70
17 32 66 71
65 52 57 50
71 31 60 29
39 4 69 72
72 38 29 77
26 5 38 50
10 56 0 38
15 38 58 78
61 44 63 43
65 64 4 43
72 43 17 46
49 48 9 55
60 49 55 34
55 73 16 50
66 72 16 43
65 53 29 16
25 1 63 69
4 67 51 23
69 44 57 72
73 7 75 30
33 66 10 51
2 63 7 5
24 30 34 68
76 73 29 46
28 32 76 70
71 34 77 16
45 30 26 29
4 50 9 56
69 23 31 9
71 26 2 68
1 13 10 4
15 61 18 32
3 66 68 10
53 60 47 62
63 66 23 64
13 50 65 25
79 30 20 7
39 24 65 57
43 0 72 26
29 63 31 39
33 1 20 65
71 60 15 52
73 56 16 25
43 13 38 56
48 54 56 0
28 2 48 49
19 6 51 18
66 74 75 56
78 20 11 60
31 76 74 79
5 45 8 38
52 66 79 31
24 48 69 17
70 49 68 46
29 45 44 20
52 58 55 47
20 60 0 33
6 51 60 11
68 48 46 9
25 71 74 19
65 10 43 37
66 39 68 20
50 13 72 52
29 39 58 16
4 50 72 20
30 69 26 25
57 53 20 48
65 46 1 79
62 68 69 54
71 4 64 35
68 32 55 4
74 58 9 54
11 8 57 37
58 16 54 17
60 3 0 34
71 79 56 59
56 8 58 66
53 16 24 75
23 43 60 17
19 53 78 26
65 74 44 23
74 52 7 9
69 29 63 30
4 2 34 63
64 10 43 19
64 75 72 58
6 63 7 76
72 15 56 13
74 73 49 70
39 70 61 43
79 11 23 52
11 71 30 0
74 78 37 68
57 53 25 1
45 77 20 62
32 18 54 70
30 62 74 44
68 74 7 69
55 4 44 9
59 60 51 24
61 78 46 8
39 49 48 66
12 11 56 15
8 49 43 18
64 38 35 34
12 20 7 73
19 6 65 72
76 18 75 50
76 63 3 30
53 20 2 29
31 43 69 44
76 48 4 39
6 60 69 12
65 69 7 4
49 18 28 64
2 57 39 44
46 66 10 3
54 18 10 65
53 47 48 55
5 62 56 74
57 6 59 63
1 44 46 3
20 16 74 5
8 55 48 52
31 33 65 6
47 76 59 18
67 65 18 75
12 68 53 39
67 29 54 49
52 30 33 72
50 64 69 25
64 18 65 75
13 18 65 67
53 0 46 30
39 74 72 71
39 63 34 77
56 57 3 11
10 34 26 15
12 43 5 3
47 4 38 51
66 2 37 61
0 58 66 15
1 5 44 55
24 46 34 20
33 0 55 60
70 65 18 72
69 20 44 56
32 49 17 29
50 13 77 47
34 19 58 39
75 64 16 4
31 64 71 4
58 68 30 69
10 43 12 6
66 62 10 20
52 15 32 72
54 11 31 32
67 33 39 9
0 69 51 39
75 4 37 45
4 46 20 54
58 34 6 33
16 30 15 23
9 48 47 52
28 72 67 50
31 28 11 70
50 48 13 26
62 13 9 11
7 23 12 10
64 0 67 75
49 50 32 38
38 67 23 68
43 48 6 46
49 0 51 63
56 55 28 18
76 23 0 51
15 0 16 29
25 46 12 13
7 60 78 13
28 68 23 62
10 6 9 79
32 56 33 25
5 78 51 76
68 35 18 31
68 54 30 26
10 31 44 52
64 5 26 11
47 32 9 15
19 75 44 58
6 47 25 59
72 49 10 61
59 35 43 60
19 55 70 3
24 1 57 47
69 20 5 59
34 66 0 57
0 68 54 70
75 73 69 46
6 60 55 77
75 73 28 57
7 62 0 46
45 64 20 19
47 70 77 28
64 7 8 31
58 50 39 20
45 11 49 77
52 38 68 76
2 56 76 9
38 44 72 58
54 11 3 37
58 4 55 34
18 1 50 60
34 17 31 61
12 56 5 67
69 16 30 15
7 52 47 3
73 3 19 48
10 55 72 60
63 71 6 69
65 7 20 28
73 54 26 20
28 30 20 3
43 2 55 67
71 79 77 35
19 50 12 74
50 23 56 43
10 78 30 2
43 78 23 4
68 56 19 37
76 24 58 59
58 26 79 13
29 78 5 69
23 49 71 20
29 70 72 7
1 74 39 65
5 44 32 13
79 71 60 31
3 16 71 65
74 76 68 10
13 77 75 48
54 17 71 52
47 15 67 78
26 58 15 11
15 18 76 31
3 26 74 15
17 28 46 37
16 17 15 49
16 18 23 76
18 2 8 64
19 38 58 75
68 73 71 30
48 34 19 46
72 28 11 23
39 77 4 70
59 66 23 48
13 29 32 3
66 74 58 0
13 30 26 79
70 51 38 25
51 38 47 19
37 69 5 76
57 15 35 50
55 15 61 32
13 30 20 29
45 24 77 72
29 54 23 53
50 20 71 56
2 43 28 10
16 17 47 8
67 32 12 11
23 35 53 1
10 59 66 47
24 44 74 23
46 34 15 6
53 70 49 47
31 1 13 35
29 20 54 35
4 65 74 39
78 65 18 79
17 15 66 23
77 74 17 24
8 12 18 60
6 49 56 34
52 25 1 73
75 50 20 29
0 74 57 47
0 75 25 64
79 72 53 12
52 37 78 73
51 34 4 7
19 56 39 71
31 62 60 74
39 60 68 18
0 74 20 7
32 67 18 73
15 48 66 79
32 28 10 50
13 74 69 19
57 43 53 61
24 35 76 25
5 25 76 28
64 56 52 78
76 15 56 4
35 47 73 44
48 45 8 69
72 30 32 34
24 60 12 53
47 31 34 38
29 10 7 69
17 72 5 68
28 72 78 18
64 60 23 58
20 50 72 63
43 61 53 62
15 74 71 0
11 77 47 26
52 54 1 49
24 35 51 75
47 18 76 23
77 2 35 50
74 58 77 67
62 72 19 76
71 68 31 20
71 24 46 56
53 74 70 0
11 23 34 59
32 8 55 56
39 18 68 47
52 74 17 16
3 43 55 30
24 62 39 17
72 20 26 52
1 67 71 28
18 47 76 29
65 45 11 38
9 49 11 19
33 67 3 26
61 38 37 18
19 78 57 61
72 8 61 58
61 77 2 58
29 23 77 72
55 0 68 8
70 59 33 34
64 38 23 59
39 11 19 16
5 55 16 12
58 71 17 37
37 75 4 49
25 48 79 13
28 24 5 9
38 1 44 50
64 39 54 2
26 43 32 79
5 2 62 78
18 9 15 8
65 1 51 30
57 17 37 49
72 53 8 56
72 7 53 13
8 50 76 55
39 24 53 49
52 11 32 78
66 10 20 4
24 51 64 35
23 45 58 75
16 34 55 62
24 20 50 31
64 16 26 17
7 8 38 73
4 5 72 63
72 57 66 9
1 68 77 43
58 62 53 28
28 38 13 45
24 60 66 44
71 69 52 76
9 18 60 77
24 19 28 69
48 50 62 29
49 0 54 50
69 11 7 19
29 28 26 69
33 17 74 43
35 66 3 71
78 19 7 45
10 55 32 25
34 57 79 55
69 16 76 67
79 20 11 53
70 76 20 34
51 31 17 74
34 68 33 9
56 43 78 70
59 54 39 34
61 30 48 43
60 72 77 17
74 77 31 63
54 45 0 24
7 25 54 77
79 47 69 3
55 53 32 66
78 29 23 46
30 46 15 70
25 58 2 48
13 56 71 9
76 6 75 72
20 71 55 12
17 4 33 78
18 58 47 32
67 32 26 31
30 63 23 46
50 23 4 26
76 0 71 28
57 0 50 43
37 9 13 1
35 39 2 72
63 52 37 75
26 25 61 70
34 15 60 70
13 26 37 68
56 17 1 32
30 79 18 68
11 23 2 55
54 1 56 78
64 60 23 9
26 17 33 28
3 60 65 68
43 26 59 3
13 35 78 6
31 72 24 52
74 61 6 47
43 7 33 67
33 20 24 13
60 58 11 48
72 29 68 30
67 20 72 4
20 25 79 0
3 78 77 74
15 77 58 78
1 6 20 52
19 44 43 33
29 76 9 52
30 19 70 7
55 0 17 69
57 60 66 37
56 10 16 3
12 63 30 4
58 57 10 19
50 71 38 33
10 74 52 72
3 10 50 47
29 57 53 6
53 9 60 30
64 57 75 26
6 53 38 55
68 32 6 9
58 78 24 70
65 63 53 20
78 47 65 69
79 46 25 38
25 63 73 43
30 65 18 6
2 46 71 34
58 66 39 3
37 77 18 79
34 57 43 35
20 10 52 24
48 3 32 0
60 55 50 72
29 7 1 51
62 18 79 1
0 24 50 4
52 55 17 10
54 6 67 17
57 38 49 2
18 64 31 2
45 10 34 17
72 12 43 64
37 71 12 58
39 58 1 24
75 71 62 28
43 70 13 72
60 35 9 44
76 47 38 50
28 75 25 63
18 49 5 16
19 68 65 72
51 17 65 46
18 68 46 62
28 19 24 69
38 30 72 62
61 57 62 74
56 74 12 25
68 52 67 76
56 35 16 65
63 55 57 18
56 44 66 1
23 10 44 47
53 15 60 78
6 7 2 18
76 30 57 11
44 61 73 68
53 1 60 29
57 52 39 25
19 48 53 32
73 53 70 71
78 62 67 72
46 24 3 12
53 39 35 34
39 7 76 38
48 9 25 2
29 7 25 55
23 33 7 30
46 68 53 31
56 58 23 49
38 61 47 24
60 54 7 5
68 13 47 62
76 47 28 72
48 3 76 57
35 17 18 73
17 33 11 8
13 66 5 65
52 66 29 72
76 37 61 32
15 56 60 78
67 24 49 77
65 15 76 44
58 30 13 48
65 59 23 20
25 8 12 60
79 8 32 23
73 75 69 47
15 19 7 26
29 51 68 74
58 46 18 12
53 47 18 67
64 23 47 10
8 2 64 51
1 33 0 66
69 2 0 4
26 48 1 28
10 30 18 61
3 63 43 7
61 29 5 76
68 32 64 18
35 48 37 53
26 38 28 12
33 53 29 24
69 33 50 45
1 24 5 31
31 13 23 67
65 47 17 73
3 8 2 79
46 56 70 0
63 74 69 19
38 35 5 2
23 54 9 39
37 15 73 62
54 11 8 43
29 63 16 19
74 79 30 39
15 38 69 3
24 73 15 13
16 48 23 3
63 11 60 34
28 24 19 38
50 8 49 18
55 54 51 70
68 49 43 53
68 61 54 4
55 26 17 0
62 34 39 70
26 45 66 15
5 13 19 67
58 68 50 64
24 64 20 28
65 66 11 19
43 61 11 72
12 66 52 35
9 70 6 16
4 74 33 29
78 65 70 69
4 46 43 26
26 2 18 75
31 58 56 50
66 11 2 74
78 20 51 77
70 16 76 34
30 53 46 79
25 15 74 76
20 62 18 48
26 23 15 44
30 3 49 44
59 67 12 9
9 50 56 66
69 49 19 13
0 72 76 16
50 7 39 18
30 35 33 66
64 48 73 53
64 20 10 8
51 67 54 70
10 50 3 62
74 45 30 43
15 64 12 70
78 64 52 67
28 9 51 34
34 52 62 61
6 53 4 56
62 53 52 32
58 9 53 8
39 59 10 76
73 19 5 74
33 35 48 17
31 1 73 56
67 46 45 8
66 69 45 16
63 72 60 4
13 16 49 7
59 79 76 46
16 57 11 66
50 7 75 35
69 78 52 65
9 44 74 71
75 68 69 6
7 3 44 56
43 15 37 32
34 45 19 73
19 9 29 30
48 33 53 50
0 63 3 46
20 32 43 13
23 51 39 56
28 37 69 58
10 7 24 30
34 79 47 15
12 58 45 4
77 4 57 23
75 44 11 67
29 44 28 35
32 53 65 1
60 55 47 39
54 75 24 69
66 20 55 7
69 37 45 34
33 64 47 20
11 31 43 3
56 26 54 72
79 48 44 54
29 15 24 11
79 2 30 0
28 44 62 10
15 1 25 29
5 63 13 75
70 59 76 6
10 74 54 53
15 8 72 68
24 61 19 44
1 56 70 59
20 29 76 53
11 79 23 45
69 78 56 48
6 11 34 28
13 70 34 37
67 59 69 56
34 31 60 43
19 37 78 24
55 5 44 54
35 2 60 71
18 67 28 8
37 73 26 77
70 18 43 52
67 43 69 12
12 60 38 15
8 55 51 78
57 28 71 54
70 73 13 23
25 5 18 30
17 54 46 62
53 9 45 1
28 74 77 51
38 75 71 25
4 45 12 17
50 65 56 19
35 37 78 52
2 52 13 46
15 28 71 12
60 17 23 13
73 8 62 77
37 53 9 33
17 48 64 56
66 18 55 20
3 63 0 54
17 5 52 68
30 3 59 64
75 19 18 79
19 63 59 77
71 33 29 48
57 65 71 23
75 0 54 9
9 60 70 12
79 37 54 47
78 66 37 2
49 46 25 1
30 61 6 24
47 31 63 56
23 72 31 51
10 66 24 44
26 66 51 15
6 56 49 37
47 61 10 32
69 24 48 72
52 77 29 39
46 55 6 60
52 38 56 50
71 75 11 20
18 7 39 4
75 38 58 26
12 75 52 4
19 48 28 79
62 8 48 72
3 19 46 25
34 29 78 48
37 43 29 71
15 10 68 43
18 30 68 37
68 5 30 57
62 59 24 58
9 11 37 78
3 9 15 62
2 60 29 65
64 51 0 75
55 25 68 47
48 19 1 68
78 63 25 17
62 68 43 66
7 18 1 74
26 45 58 2
49 11 39 51
68 3 69 11
18 6 2 79
44 48 67 63
58 77 8 66
43 25 13 7
0 26 55 13
43 19 33 74
57 25 65 30
45 34 37 3
58 15 73 8
55 46 11 64
25 33 13 4
20 17 61 49
25 56 74 73
56 26 19 76
55 69 28 61
35 30 6 74
56 43 58 61
29 11 77 73
12 24 17 55
50 19 62 30
44 52 56 8
34 70 16 67
62 26 24 73
26 46 43 67
32 34 70 64
6 2 77 57
61 19 39 43
18 67 24 75
76 57 53 23
71 16 33 44
55 69 46 9
15 79 26 60
52 12 79 70
78 71 47 56
5 51 70 55
58 15 56 8
16 26 8 70
16 37 0 3
2 67 3 33
4 37 74 6
61 56 69 12
16 55 61 53
15 52 34 55
58 56 48 62
77 38 3 30
37 76 78 50
35 28 38 62
6 16 59 65
54 44 29 79
44 57 2 28
10 45 19 74
58 55 51 78
79 37 50 58
77 49 66 20
30 46 64 75
19 45 74 0
62 30 78 32
5 23 70 37
60 51 19 69
55 19 75 15
39 74 49 13
6 44 70 45
20 54 15 29
35 68 77 26
65 56 49 19
38 7 69 68
54 63 17 24
15 75 70 11
58 37 35 1
70 63 35 19
11 47 76 57
47 61 55 11
28 53 18 20
25 67 44 73
57 76 3 61
79 53 48 75
24 73 13 44
77 13 34 5
8 77 11 33
33 0 32 74
75 46 0 23
25 43 75 15
31 44 53 39
63 17 38 56
43 78 15 58
2 76 6 63
3 1 48 76
30 65 24 43
12 49 5 8
13 28 47 19
51 13 33 55
56 73 2 3
53 49 17 59
16 50 10 32
55 74 20 26
43 29 37 38
62 16 0 30
78 48 28 56
46 78 45 19
63 15 11 70
26 62 65 67
63 39 4 2
29 1 73 8
43 69 23 5
63 61 1 6
66 33 34 69
39 23 77 55
63 46 0 68
12 46 32 66
38 59 31 43
44 24 9 39
64 16 62 10
7 77 49 33
45 2 66 53
37 44 4 30
58 3 65 45
20 28 44 65
66 24 77 45
9 52 19 26
34 19 24 65
9 1 58 24
12 67 47 65
72 34 64 19
65 8 37 55
63 8 77 61
61 39 64 17
50 24 76 18
48 29 64 56
39 49 8 28
43 30 0 67
20 65 52 56
18 53 2 78
29 24 66 79
57 45 38 13
44 29 64 33
58 31 73 48
34 28 6 63
37 56 31 47
9 15 0 78
16 35 64 63
61 20 65 38
77 43 48 74
23 29 79 12
63 78 44 65
48 35 54 66
76 32 23 45
69 44 1 79
39 46 31 50
8 24 38 43
17 72 43 2
6 9 11 18
3 19 65 35
39 0 25 74
26 63 12 15
68 1 58 34
70 26 23 67
73 51 28 43
54 32 52 65
68 17 30 77
77 29 51 23
3 26 76 7
46 30 71 39
52 72 7 56
24 63 61 71
7 66 1 32
38 62 78 57
67 11 62 49
69 70 63 9
75 35 10 68
55 66 64 17
77 50 30 19
7 52 39 15
43 54 76 50
62 44 49 56
79 71 31 63
45 57 43 23
11 25 24 69
63 53 56 77
11 19 46 53
72 58 56 61
63 71 47 49
24 19 76 59
33 66 61 0
17 1 3 10
62 31 10 2
69 63 33 44
38 68 17 75
54 48 38 18
23 66 77 37
59 67 43 44
28 48 44 29
13 2 58 19
58 28 44 39
67 56 70 33
65 51 71 37
33 66 72 12
66 7 56 43
16 46 51 52
46 12 61 26
39 25 15 70
28 25 0 58
34 15 11 65
46 70 30 75
57 13 73 60
65 54 8 10
69 13 37 16
59 23 31 64
63 8 62 16
0 12 69 68
51 8 57 30
55 18 34 51
28 37 56 13
75 29 16 33
26 47 20 79
51 47 5 68
46 9 24 33
71 5 35 53
15 71 19 57
23 79 15 71
37 35 75 69
55 33 53 18
61 46 64 39
31 0 60 15
61 78 46 74
78 77 33 4
0 43 23 10
16 57 56 39
54 68 4 61
4 26 12 74
28 20 61 50
72 13 51 31
67 53 10 12
38 60 18 69
50 24 29 12
63 55 16 13
73 5 56 38
4 25 52 70
51 0 76 24
39 5 74 73
28 38 17 1
57 23 51 44
44 9 68 56
32 49 76 31
50 31 2 73
16 43 5 48
12 8 72 20
50 12 13 70
48 78 24 62
28 64 19 3
24 13 39 69
66 64 38 48
47 20 6 58
72 30 3 59
48 18 20 17
39 18 79 24
9 76 74 45
65 52 34 48
43 37 66 49
58 44 25 13
7 0 72 76
16 39 79 3
31 46 53 44
11 23 39 26
51 57 49 64
49 77 53 54
4 16 9 77
78 50 55 49
50 11 59 24
69 70 48 13
20 61 58 37
71 44 77 76
33 45 4 29
16 73 20 35
72 0 38 77
3 66 71 33
56 48 78 60
18 8 61 17
15 46 48 59
78 62 55 51
38 33 61 9
77 59 32 23
33 11 60 63
60 34 68 70
9 32 0 8
71 68 35 63
45 53 56 75
7 51 73 1
67 52 20 11
60 5 59 44
76 58 56 50
19 38 44 69
38 33 29 62
46 59 69 17
47 49 31 2
72 78 56 39
77 2 59 31
62 4 47 43
25 74 78 33
25 69 7 62
45 11 3 31
44 54 76 0
43 30 17 59
19 20 65 79
37 32 63 61
70 12 69 74
55 68 0 53
31 64 11 38
76 26 63 59
76 5 23 2
58 62 43 57
20 24 0 37
59 44 57 63
54 11 73 60
67 29 33 53
51 50 33 44
79 56 18 10
7 58 74 20
2 65 64 31
68 13 58 73
18 29 33 1
45 23 29 67
33 53 70 43
4 7 9 28
78 70 19 2
13 59 1 57
5 13 25 51
25 28 6 13
11 45 55 2
12 18 1 69
37 53 78 30
50 49 5 24
33 73 64 66
46 13 2 68
58 19 52 70
18 50 43 38
12 58 67 6
32 3 18 66
63 2 6 4
48 65 75 24
67 25 74 12
69 12 68 51
4 54 8 16
56 24 20 76
17 8 38 76
0 75 15 43
30 50 25 56
16 13 74 33
26 23 35 53
39 30 64 20
44 20 70 46
48 74 16 56
12 70 62 2
67 78 48 15
56 78 11 62
47 6 65 3
24 67 38 73
11 67 47 68
19 28 23 59
34 70 46 29
56 75 18 2
7 4 57 44
6 17 74 12
0 66 20 69
39 10 33 7
72 63 23 38
38 60 45 72
73 63 56 5
63 34 54 57
54 59 17 61
59 4 16 32
71 52 39 62
48 76 19 66
56 3 12 68
63 66 5 52
16 63 44 30
26 6 23 58
3 52 59 46
5 68 30 62
26 38 51 32
55 20 37 57
67 64 9 59
74 79 58 18
33 55 26 31
11 52 67 24
37 39 25 76
67 9 49 5
47 67 44 5
30 19 57 60
16 44 79 13
46 78 1 55
47 11 1 61
39 10 48 46
65 55 63 79
58 4 71 24
16 3 67 54
26 43 39 77
60 30 33 67
28 61 2 77
72 30 37 67
78 5 51 19
0 34 11 18
74 63 18 46
5 29 18 0
3 65 38 60
20 74 63 73
47 58 24 20
20 72 58 57
34 0 65 47
62 72 25 52
28 39 3 61
23 18 19 30
74 59 43 26
33 32 23 35
58 23 29 70
73 62 33 51
11 75 35 79
74 62 19 17
24 39 38 30
4 57 11 46
6 43 71 79
53 3 70 60
63 39 75 11
69 47 57 75
77 49 57 17
51 75 69 49
54 1 16 19
6 78 3 47
10 34 4 61
10 8 34 46
0 48 9 3
72 7 5 71
29 34 73 62
46 47 68 70
17 31 7 58
10 24 60 29
35 45 60 63
18 9 12 0
32 16 25 77
9 60 43 5
39 12 75 68
48 0 17 4
35 56 61 8
65 20 30 24
34 6 57 49
10 1 48 72
48 74 25 77
54 19 50 11
78 24 53 60
13 76 25 18
28 29 45 9
9 66 74 75
15 62 70 19
15 78 8 74
47 72 43 70
77 1 52 55
50 78 58 26
43 32 48 25
75 49 64 71
46 11 57 65
50 55 77 78
28 58 64 1
63 12 77 68
52 34 46 26
19 37 11 44
51 39 29 13
54 70 58 38
12 30 17 65
65 23 12 77
79 9 8 59
57 1 10 66
60 25 77 75
6 13 28 43
35 24 53 19
56 65 64 60
70 44 76 5
76 0 34 29
62 68 46 0
46 49 50 79
58 29 47 23
53 5 37 77
50 63 58 5
60 28 50 49
0 67 28 48
34 6 39 74
62 3 20 28
35 10 3 15
54 38 28 35
71 43 67 68
3 67 72 33
76 60 45 38
58 4 16 46
26 52 64 68
29 57 3 31
7 43 72 69
23 63 58 33
16 72 56 60
37 43 34 70
48 65 10 37
78 79 66 30
53 70 32 5
28 20 55 44
62 4 57 35
69 77 39 30
34 64 38 19
37 32 71 7
10 47 15 56
60 5 79 17
13 55 45 59
3 29 4 54
12 17 72 53
31 26 53 18
10 70 44 64
60 24 52 1
24 31 63 66
48 39 60 49
3 79 45 60
28 30 3 60
4 64 71 26
38 51 35 4
71 59 47 11
26 67 29 16
66 28 10 48
20 5 50 19
55 70 8 74
31 38 50 8
25 34 79 43
56 35 32 61
72 0 53 13
44 70 58 11
3 11 47 23
7 64 77 25
60 49 75 48
23 24 19 61
1 77 58 35
5 51 26 69
70 46 43 44
72 48 12 54
23 33 9 74
70 31 67 68
3 13 17 57
53 5 70 44
35 15 16 28
77 39 25 29
0 13 70 11
67 35 64 74
26 30 10 38
66 63 37 35
25 4 65 0
53 64 23 59
54 65 20 56
72 25 45 75
29 7 1 34
19 47 4 79
45 43 57 77
16 32 18 46
15 51 2 43
5 55 26 39
4 62 78 26
25 4 73 17
69 31 4 60
5 16 60 15
70 68 10 65
48 30 53 71
73 59 60 54
15 77 44 54
25 56 43 18
44 11 19 26
32 78 79 76
35 24 32 34
11 46 18 61
25 75 54 32
10 43 44 19
46 72 16 52
5 8 46 19
13 31 16 78
51 9 58 75
9 45 71 18
65 72 30 70
29 6 30 75
25 46 39 77
29 67 69 49
39 16 6 31
61 68 50 47
65 24 7 23
19 68 1 23
30 32 9 33
5 57 11 8
8 11 79 56
60 12 73 4
61 33 11 35
18 70 1 33
77 72 38 12
23 30 75 10
32 10 23 4
18 68 58 48
52 58 28 3
32 12 59 15
13 38 10 45
1 37 39 10
53 31 71 17
34 4 76 13
16 54 12 29
56 38 69 60
45 35 43 49
18 55 30 10
55 8 38 37
63 38 31 68
33 25 61 16
62 76 16 32
45 26 75 58
47 58 79 0
3 0 61 46
71 5 63 3
68 76 10 74
79 54 53 45
73 39 9 34
69 38 62 28
72 3 30 49
67 20 18 9
60 47 50 62
19 0 67 32
62 54 5 3
5 33 49 18
16 23 37 11
53 77 8 37
23 61 67 26
12 60 54 5
45 79 49 37
33 3 32 9
35 39 34 46
24 26 64 62
61 32 5 55
32 66 7 71
70 43 75 69
75 66 70 15
13 20 6 7
50 72 53 17
8 7 33 78
77 16 43 15
20 48 58 43
28 30 48 72
38 8 20 19
76 32 24 73
45 5 76 65
50 6 48 19
17 70 3 79
54 66 64 58
44 78 79 61
5 12 76 0
7 10 32 54
63 32 5 60
43 73 23 67
7 12 74 37
18 23 20 50
47 30 59 64
62 55 9 69
49 15 77 76
5 43 56 79
2 56 3 64
50 0 28 78
53 9 16 39
13 45 49 74
34 57 55 4
19 32 77 12
1 76 78 24
60 58 34 6
5 26 61 0
78 46 16 26
55 47 48 23
45 16 39 11
63 78 48 66
51 29 35 50
69 7 51 75
39 3 51 35
30 10 70 57
19 38 12 45
32 59 9 53
0 25 67 32
15 69 63 50
78 56 38 16
5 68 8 19
31 29 64 47
11 78 38 2
28 56 19 78
55 52 75 33
11 48 31 25
48 6 18 53
23 26 4 56
69 24 43 28
69 55 73 23
53 69 64 8
77 32 2 73
59 11 26 76
31 49 19 12
46 59 72 78
6 50 57 61
7 24 58 70
29 50 5 8
63 74 37 13
6 1 62 5
8 0 60 48
17 51 71 4
74 9 75 5
49 74 57 34
31 9 68 62
72 62 5 2
58 59 16 63
46 19 66 5
5 31 44 75
58 6 23 26
74 56 64 11
15 78 46 76
12 43 34 29
51 29 37 32
66 2 48 30
71 65 16 53
67 16 5 70
76 5 48 44
25 76 65 8
38 30 15 75
11 24 51 69
31 29 51 15
3 11 20 66
10 33 76 34
1 66 39 71
56 34 72 12
79 73 61 57
75 70 59 65
43 11 72 37
8 78 20 15
4 74 9 50
28 61 37 72
53 4 62 34
46 50 1 19
76 25 46 57
47 77 4 55
46 57 6 55
54 79 5 49
47 57 9 50
12 62 73 1
48 54 26 78
32 34 74 48
32 28 54 38
76 59 78 16
20 57 12 11
35 53 48 6
6 29 23 11
28 60 77 53
57 3 32 52
62 77 73 6
2 49 18 56
18 72 25 6
55 1 11 43
50 12 69 11
46 68 61 20
31 37 33 79
62 7 75 45
70 72 3 31
18 13 16 37
48 1 73 43
4 24 76 5
23 16 54 10
39 49 13 28
73 65 49 77
76 3 79 51
9 44 24 63
39 48 31 16
5 10 43 57
59 30 69 54
39 67 78 68
72 11 33 69
11 52 71 4
32 35 60 58
65 11 61 63
79 35 56 60
69 10 56 79
61 0 3 59
24 28 12 77
33 52 43 64
51 68 20 55
76 3 44 9
43 45 74 3
57 67 26 58
35 47 67 11
3 26 16 24
28 58 32 56
13 47 46 77
15 12 57 9
23 52 28 35
20 16 75 53
9 74 52 34
54 28 30 67
39 54 50 8
25 0 29 62
10 2 67 29
17 8 70 6
71 30 5 73
16 10 50 25
60 48 19 2
59 10 62 20
51 19 9 25
16 62 70 53
24 3 66 68
57 70 59 37
46 26 17 7
38 9 35 31
13 57 0 48
31 52 66 26
69 7 53 37
66 70 8 54
56 6 35 28
64 73 34 65
74 32 25 5
34 23 47 49
52 39 29 69
12 29 17 18
78 4 58 60
31 35 74 28
2 13 51 46
72 49 25 43
59 1 52 62
26 8 37 57
69 23 37 12
1 26 12 37
8 11 30 4
53 70 47 45
63 55 35 46
5 2 64 48
76 67 62 57
76 43 47 4
6 48 70 49
72 61 24 31
6 69 71 7
67 20 17 33
8 16 49 35
58 32 33 29
25 74 9 63
72 18 61 32
33 65 57 15
56 32 3 43
37 68 73 57
63 79 24 61
12 4 23 11
66 78 69 13
56 0 78 59
54 6 65 0
46 75 60 79
58 6 19 76
72 49 25 51
28 24 38 32
13 32 57 20
55 60 12 61
9 4 38 31
1 4 51 16
4 30 37 34
79 65 12 44
73 52 25 44
1 77 52 34
29 54 9 23
52 44 29 62
44 6 75 55
19 47 79 29
23 72 39 3
39 19 30 47
60 75 0 33
62 6 15 75
26 67 24 47
76 20 56 30
67 51 3 48
32 68 70 8
8 13 43 12
75 72 0 46
33 26 54 7
37 47 10 54
10 33 53 56
33 47 69 1
66 2 29 32
37 4 1 29
63 77 50 30
49 50 68 77
6 31 29 3
13 79 23 75
59 11 55 38
1 76 54 64
17 77 47 60
77 20 68 51
74 77 61 43
47 75 60 72
64 33 8 25
26 34 5 60
10 57 49 75
11 73 78 53
51 60 2 1
65 7 45 64
46 58 32 37
38 51 16 25
61 53 37 79
28 5 17 33
53 16 1 60
50 2 56 66
4 64 13 18
77 10 64 74
79 48 30 75
3 30 50 67
65 57 69 12
39 49 47 57
47 0 79 13
68 31 9 32
12 45 34 48
25 5 72 24
68 58 61 62
18 2 71 26
10 17 67 5
6 34 24 0
32 68 1 29
10 11 15 79
1 3 2 58
28 44 26 75
58 37 6 20
69 1 30 4
0 10 68 32
29 23 73 75
13 46 25 32
72 30 64 8
59 52 33 32
0 35 18 67
1 3 9 62
52 12 51 62
2 73 79 63
69 32 2 44
11 73 10 53
13 1 11 74
38 78 44 13
51 59 74 79
26 10 60 3
1 32 39 29
44 6 66 54
38 63 11 46
65 12 76 30
66 50 68 67
71 77 15 38
69 37 26 60
7 24 62 2
18 3 44 7
2 50 39 62
20 52 43 61
54 33 76 51
12 64 23 79
8 49 43 18
52 20 44 49
79 69 1 7
16 33 59 67
35 20 50 16
52 5 33 49
9 63 58 64
15 50 60 33
68 73 12 75
44 25 7 77
55 34 26 38
23 50 37 3
43 2 47 71
71 1 29 51
33 8 6 61
46 50 56 63
57 66 67 45
58 53 73 39
43 33 55 53
58 67 2 54
35 26 24 33
76 54 8 46
15 74 23 26
61 29 60 49
8 9 11 5
78 12 19 74
55 3 69 12
43 18 24 6
62 30 35 66
15 25 12 46
44 13 58 73
54 74 56 15
23 0 5 12
63 11 15 77
19 61 31 17
12 53 32 72
15 9 29 10
61 9 78 72
45 59 56 51
44 0 39 62
67 72 3 48
1 55 74 19
4 9 66 15
39 2 78 64
10 15 60 1
24 78 53 79
54 51 5 74
10 60 17 11
30 10 9 58
51 48 76 28
78 31 70 45
7 9 46 60
66 33 37 18
7 77 66 13
47 79 10 70
9 69 2 10
59 49 50 65
51 24 23 38
17 60 29 39
6 8 63 69
48 62 29 49
78 8 37 46
68 46 6 30
39 78 53 16
32 2 45 74
52 20 46 48
15 64 72 28
12 32 76 66
77 71 28 3
75 4 64 37
12 33 76 1
24 55 39 59
16 48 15 25
16 35 51 75
12 60 20 13
60 52 53 66
46 60 5 51
59 18 16 25
46 72 11 28
6 2 65 50
28 54 70 18
37 20 79 5
3 15 8 33
10 18 4 77
9 34 38 48
28 68 52 55
16 52 75 57
38 24 69 4
4 19 8 15
1 39 25 75
59 71 78 38
78 74 11 61
24 11 17 37
44 61 76 46
25 76 68 58
54 58 18 55
68 78 75 23
76 20 31 38
54 78 56 1
16 17 39 48
29 46 68 62
5 30 59 76
30 45 31 70
56 45 33 29
37 74 48 76
69 35 30 65
23 50 78 6
48 38 12 43
46 61 1 0
17 70 73 67
72 34 51 65
28 77 32 68
59 57 79 29
8 69 25 62
11 59 46 37
29 56 76 2
51 60 29 20
34 37 58 0
23 38 10 15
45 78 53 6
20 39 8 45
68 29 70 56
8 33 45 26
62 64 67 60
13 8 54 33
19 48 45 79
67 39 73 59
45 32 49 76
7 43 58 24
51 54 45 31
56 23 58 69
11 78 5 28
39 32 26 60
77 10 78 39
54 79 35 23
28 9 23 25
5 30 59 56
1 23 33 6
4 13 48 65
62 68 19 29
52 48 69 7
65 23 70 9
32 50 25 70
26 49 6 56
12 56 60 78
70 39 15 3
39 5 13 59
66 30 51 46
76 70 15 75
25 67 50 43
57 39 19 17
31 7 70 63
16 34 3 17
0 17 50 1
43 35 20 47
8 60 0 57
67 69 64 39
54 66 10 38
2 61 35 69
35 23 39 18
62 66 23 26
61 5 2 28
71 46 1 58
66 54 73 70
64 60 44 72
51 13 79 67
46 67 43 29
75 63 79 5
73 67 5 17
33 15 73 52
29 70 43 71
8 18 23 60
48 2 5 39
65 2 49 24
7 13 63 35
13 78 56 6
35 31 65 33
5 73 51 4
33 58 28 70
23 62 53 33
15 49 58 57
38 10 53 60
37 18 38 54
0 34 44 55
19 60 38 24
57 69 11 8
73 60 7 26
23 61 18 39
29 64 50 5
25 43 5 75
1 74 56 34
15 10 53 65
54 20 60 47
77 58 62 48
62 9 4 35
68 17 23 74
60 53 54 30
16 37 64 53
69 77 16 48
72 18 33 4
18 35 47 49
8 15 1 37
68 76 53 11
13 20 64 50
7 31 62 72
71 39 8 12
19 43 78 0
55 19 58 30
17 56 18 25
56 79 26 45
65 24 37 78
50 67 35 31
32 74 60 49
34 57 1 13
39 32 37 34
9 28 44 58
33 58 61 29
26 24 37 8
26 3 51 10
13 55 66 30
30 66 38 4
62 75 8 74
18 65 13 37
10 69 19 6
15 71 72 66
53 64 8 43
29 4 48 44
68 8 5 33
16 38 58 59
24 65 57 46
18 1 62 31
48 77 55 39
56 30 69 72
63 23 62 26
45 18 57 29
70 10 49 69
63 45 74 48
17 48 45 23
70 46 38 23
28 71 65 44
25 48 57 26
32 16 50 8
9 67 56 79
59 38 47 45
76 47 43 58
11 76 8 5
38 29 68 73
10 60 39 8
76 47 50 20
7 11 68 61
69 0 34 3
65 46 25 33
28 25 8 29
31 70 0 62
75 39 50 70
72 74 11 0
76 37 10 56
6 38 65 57
75 30 28 68
59 9 67 44
23 34 15 70
29 66 18 75
9 72 63 16
18 29 11 53
19 47 26 30
1 15 43 13
1 64 58 28
28 3 13 37
39 30 46 44
79 8 55 39
28 39 75 2
34 45 0 17
49 66 45 53
31 26 43 75
77 37 28 33
9 23 33 29
0 68 78 55
11 67 5 74
73 20 51 58
47 68 19 29
23 75 0 72
74 55 50 52
37 32 33 9
62 71 56 5
32 35 46 43
39 12 59 56
23 7 73 67
76 24 34 38
44 75 37 1
34 15 56 10
5 6 60 15
63 1 71 52
49 66 39 50
73 18 75 37
0 55 47 10
8 35 9 68
76 46 66 29
78 58 76 51
62 18 9 43
1 58 51 73
74 66 60 7
12 70 35 53
53 58 46 33
13 78 48 31
54 60 33 30
79 75 29 68
76 39 17 25
61 78 26 46
26 51 52 43
12 43 52 54
64 67 35 73
33 1 63 66
61 29 18 5
39 56 25 46
70 59 73 18
55 0 31 61
46 76 65 43
12 38 44 49
55 75 15 28
28 19 55 59
29 62 23 26
79 77 32 68
28 75 72 69
68 30 59 43
57 70 24 19
5 57 33 46
68 55 50 15
39 1 71 76
73 50 71 47
49 59 3 8
19 52 76 15
58 64 56 5
10 33 25 31
44 35 69 13
8 23 70 29
38 79 23 28
56 60 28 51
26 54 77 13
70 26 60 61
4 28 65 43
55 67 52 68
30 13 1 57
24 3 60 56
58 71 2 62
2 49 32 76
39 58 47 68
11 49 45 6
72 31 0 8
59 39 61 70
20 49 63 17
29 50 58 24
8 61 15 34
75 20 71 0
74 64 65 33
54 38 46 35
53 28 50 61
49 2 15 13
77 59 30 61
2 38 30 65
75 10 32 79
8 50 71 23
31 47 4 33
66 19 24 56
48 11 68 74
53 0 60 65
39 33 10 11
71 24 76 52
75 48 77 18
52 17 28 77
2 39 46 52
61 50 44 26
12 10 24 65
50 62 73 70
48 65 4 15
60 72 78 64
0 45 28 77
77 76 43 78
37 11 32 52
50 57 72 7
64 2 75 25
70 50 6 19
38 26 47 31
57 44 2 35
30 44 67 12
31 19 2 6
56 16 13 50
8 7 48 35
