14 21 22 27
14 21 22 36
14 21 22 40
14 21 22 41
14 21 22 42
14 21 27 36
14 21 27 40
14 21 27 41
14 21 27 42
14 21 36 40
14 21 36 41
14 21 36 42
14 21 40 41
14 21 40 42
14 21 41 42
14 22 27 36
14 22 27 40
14 22 27 41
14 22 27 42
14 22 36 40
14 22 36 41
14 22 36 42
14 22 40 41
14 22 40 42
14 22 41 42
14 27 36 40
14 27 36 41
14 27 36 42
14 27 40 41
14 27 40 42
14 27 41 42
14 36 40 41
14 36 40 42
14 36 41 42
14 40 41 42
21 22 27 36
21 22 27 40
21 22 27 41
21 22 27 42
21 22 36 40
21 22 36 41
21 22 36 42
21 22 40 41
21 22 40 42
21 22 41 42
21 27 36 40
21 27 36 41
21 27 36 42
21 27 40 41
21 27 40 42
21 27 41 42
21 36 40 41
21 36 40 42
21 36 41 42
21 40 41 42
22 27 36 40
22 27 36 41
22 27 36 42
22 27 40 41
22 27 40 42
22 27 41 42
22 36 40 41
22 36 40 42
22 36 41 42
22 40 41 42
27 36 40 41
27 36 40 42
27 36 41 42
27 40 41 42
36 40 41 42
