0
3
5
6
7
8
9
10
11
13
14
15
16
17
21
22
23
24
26
27
29
30
31
34
35
36
39
40
41
42
46
48
50
51
52
53
54
55
56
57
58
59
60
61
62
63
64
65
67
68
69
70
71
72
73
74
75
76
77
78
79
81
82
83
84
85
86
87
88
89
90
91
92
93
94
95
96
97
98
99
100
101
103
106
107
108
109
110
111
112
113
114
115
116
117
118
119
120
121
122
123
124
125
126
127
128
129
130
131
132
134
135
136
137
138
139
140
141
142
143
145
146
147
148
149
150
152
153
154
155
156
157
159
160
162
163
167
168
169
170
172
173
176
177
178
179
180
181
182
183
186
187
188
189
191
193
194
195
197
198
199
200
203
204
205
206
207
208
209
210
211
213
214
215
216
217
218
219
220
221
222
224
225
226
227
229
230
233
236
237
239
240
241
242
243
246
247
248
252
253
254
255
256
258
259
260
262
263
264
267
268
269
270
271
272
273
275
276
278
279
281
282
283
284
285
286
287
288
289
290
292
293
295
296
297
298
300
301
302
303
304
305
307
308
310
312
313
314
315
317
318
319
320
321
322
323
325
327
329
333
336
337
339
340
342
344
345
346
347
349
350
351
352
353
354
357
358
360
362
363
364
365
366
368
369
370
371
372
375
376
377
378
379
380
383
385
387
388
389
393
394
395
399
400
401
402
403
404
407
410
412
413
415
417
419
420
421
422
423
424
425
426
427
428
430
431
432
433
434
435
436
438
439
440
441
442
443
444
445
446
448
449
450
451
454
455
457
458
460
463
464
465
466
467
470
471
474
475
476
477
479
480
481
482
483
484
490
492
493
494
501
502
503
504
505
508
510
513
514
515
516
517
518
519
520
521
522
525
526
527
528
530
531
532
533
534
535
536
537
538
539
540
541
542
547
549
550
551
552
553
554
555
556
557
558
559
563
564
565
567
569
571
573
574
575
576
579
580
581
582
583
585
586
587
588
590
591
592
594
595
596
597
598
599
601
602
607
608
609
610
611
612
613
615
616
617
618
619
620
622
625
627
628
629
631
632
633
634
635
637
638
639
640
645
646
650
651
652
654
655
656
658
659
660
662
663
664
665
666
667
668
670
671
672
673
674
675
677
679
680
681
682
684
685
686
687
689
692
693
694
696
698
699
700
701
702
703
706
707
708
709
710
711
712
714
716
717
718
719
721
722
723
724
725
727
728
731
734
735
736
737
738
739
740
741
743
744
746
749
750
751
752
753
754
757
759
760
763
765
766
768
769
770
771
772
774
775
776
777
778
779
780
782
783
784
785
786
788
789
790
792
795
796
798
799
801
802
804
805
806
807
808
810
811
812
813
815
816
817
818
819
820
821
822
824
825
826
827
828
829
830
831
832
836
837
839
841
843
844
845
846
848
849
850
853
854
855
856
857
858
859
860
862
863
864
865
867
868
869
870
872
873
874
875
876
878
879
880
881
882
883
884
885
886
888
889
891
892
895
898
900
901
902
903
904
906
908
909
912
913
917
918
919
920
921
922
923
924
927
928
929
930
931
933
934
935
940
941
942
943
944
947
948
954
955
956
957
958
960
963
965
967
968
969
971
973
974
975
976
978
980
981
983
984
986
987
991
992
994
995
996
997
998
999
1003
1004
1005
1006
1009
1011
1013
1016
1018
1022
1024
1025
1027
1028
1029
1030
1031
1032
1033
1034
1035
1036
1038
1039
1040
1041
1042
1043
1046
1047
1051
1055
1056
1057
1061
1062
1063
1066
1067
1068
1069
1070
1071
1074
1075
1076
1077
1078
1079
1081
1082
1083
1084
1085
1086
1088
1090
1091
1092
1096
1097
1098
1103
1104
1105
1106
1108
1109
1112
1113
1114
1117
1120
1122
1123
1124
1126
1127
1129
1132
1133
1144
1146
1147
1149
1150
1153
1155
1156
1158
1159
1161
1162
1163
1165
1166
1167
1169
1171
1172
1175
1177
1179
1180
1181
1184
1189
1190
1191
1192
1199
1200
1201
1202
1203
1205
1206
1209
1210
1213
1214
1219
1220
1222
1223
1225
1227
1229
1230
1234
1237
1238
1240
1242
1244
1245
1246
1248
1249
1250
1251
1253
1254
1258
1260
1261
1264
1265
1267
1268
1269
1270
1271
1272
1274
1275
1276
1279
1284
1293
1295
1300
1304
1312
1313
1314
1315
1321
1323
1327
1328
1331
1338
1341
1344
1346
1347
1348
1349
1351
1353
1354
1355
1358
1359
1362
1363
1367
1369
1370
1373
1378
1379
1380
1382
1383
1385
1386
1387
1389
1392
1399
1402
1404
1406
1409
1410
1415
1417
1418
1419
1424
1426
1427
1429
1433
1436
1442
1443
1445
1446
1447
1448
1451
1458
1459
1461
1463
1465
1466
1468
1469
1470
1471
1472
1473
1474
1475
1479
1480
1481
1485
1487
1490
1492
1493
1495
1497
1498
1499
1500
1502
1504
1505
1506
1507
1508
1509
1510
1513
1514
1516
1520
1521
1522
1527
1530
1538
1539
1541
1543
1544
1545
1548
1552
1553
1556
1560
1561
1562
1563
1566
1567
1571
1572
1576
1577
1579
1580
1583
1587
1589
1591
1592
1593
1596
1597
1599
1600
1601
1604
1610
1611
1616
1617
1618
1619
1622
1624
1625
1626
1627
1628
1629
1630
1632
1635
1637
1639
1642
1643
1644
1646
1653
1655
1659
1661
1662
1664
1667
1668
1669
1670
1671
1674
1675
1677
1679
1680
1683
1685
1688
1692
1693
1695
1696
1697
1698
1699
1701
1705
1706
1707
1708
1710
1711
1712
1713
1714
1716
1720
1721
1726
1728
1729
1731
1732
1733
1736
1742
1744
1745
1746
1747
1748
1749
1750
1753
1755
1756
1758
1759
1760
1761
1762
1764
1769
1770
1771
1772
1773
1774
1775
1777
1778
1781
1784
1788
1789
1791
1792
1795
1797
1799
1802
1804
1805
1808
1809
1811
1812
1815
1819
1825
1826
1830
1832
1835
1838
1840
1841
1842
1846
1850
1852
1853
1856
1859
1867
1868
1869
1870
1871
1877
1879
1880
1881
1883
1884
1887
1894
1895
1898
1900
1901
1902
1903
1905
1907
1909
1911
1915
1920
1923
1925
1929
1930
1931
1933
1935
1937
1939
1940
1942
1943
1945
1947
1948
1950
1952
1954
1956
1957
1959
1960
1961
1962
1969
1972
1977
1979
1980
1982
1984
1989
1990
1991
1996
1999
2001
2003
2004
2005
2008
2009
2010
2015
2016
2017
2019
2021
2022
2025
2027
2028
2032
2036
2038
2039
2041
2043
2044
2046
2047
2048
2049
2050
2051
2052
2053
2054
2055
2057
2062
2063
2064
2068
2070
2071
2073
2074
2076
2077
2079
2081
2083
2085
2086
2088
2089
2092
2096
2097
2098
2100
2101
2103
2105
2108
2109
2113
2114
2115
2116
2123
2124
2128
2129
2130
2132
2133
2134
2136
2138
2140
2141
2146
2150
2151
2152
2154
2159
2160
2161
2162
2165
2166
2167
2172
2174
2176
2177
2183
2184
2194
2196
2197
2200
2201
2205
2208
2209
2211
2212
2213
2216
2219
2220
2223
2225
2227
2229
2232
2238
2239
2240
2246
2248
2249
2251
2254
2255
2256
2257
2258
2260
2262
2266
2271
2273
2277
2279
2284
2289
2290
2292
2293
2295
2296
2301
2307
2308
2315
2316
2321
2322
2323
2324
2325
2327
2328
2330
2332
2333
2335
2336
2337
2338
2341
2343
2344
2345
2346
2354
2355
2360
2361
2363
2364
2365
2366
2367
2368
2369
2372
2373
2375
2376
2378
2379
2385
2386
2388
2392
2393
2394
2399
2403
2407
2408
2412
2414
2417
2418
2419
2422
2423
2425
2427
2429
2430
2432
2434
2437
2440
2442
2443
2444
2446
2448
2450
2452
2455
2460
2462
2464
2465
2466
2473
2484
2486
2488
2489
2490
2491
2492
2493
2494
2495
2497
2498
2499
2501
2502
2505
2507
2508
2510
2511
2513
2515
2516
2517
2518
2519
2520
2521
2523
2525
2526
2528
2529
2530
2531
2533
2535
2536
2537
2538
2539
2543
2544
2545
2546
2548
2549
2550
2551
2552
2553
2554
2556
2557
2558
2559
2560
2562
2563
2566
2567
2568
2570
2571
2572
2574
2575
2576
2579
2581
2582
2583
2586
2587
2588
2590
2592
2593
2595
2600
2601
2602
2603
2604
2605
2606
2607
2608
2609
2610
2613
2614
2615
2616
2617
2619
2622
2623
2624
2625
2627
2628
2629
2633
2634
2637
2640
2641
2643
2644
2645
2646
2647
2648
2649
2650
2651
2652
2655
2656
2657
2658
2659
2660
2661
2662
2663
2664
2665
2666
2667
2669
2670
2671
2673
2674
2677
2678
2679
2680
2681
2682
2683
2684
2685
2686
2688
2692
2693
2694
2696
2697
2700
2702
2703
2705
2708
2710
2713
2714
2715
2717
2720
2721
2722
2723
2724
2725
2727
2728
2729
2731
2732
2733
2734
2735
2737
2738
2739
2745
2746
2747
2749
2750
2754
2755
2758
2759
2761
2762
2763
2765
2766
2767
2770
2771
2772
2773
2774
2775
2776
2777
2778
2780
2781
2782
2783
2784
2785
2786
2787
2788
2790
2792
2793
2794
2795
2796
2800
2801
2802
2803
2805
2807
2808
2809
2810
2811
2813
2814
2815
2816
2818
2819
2821
2822
2823
2824
2825
2826
2827
2828
2829
2830
2832
2833
2834
2835
2836
2839
2840
2843
2844
2846
2848
2850
2851
2852
2853
2854
2856
2857
2859
2860
2861
2862
2864
2865
2868
2869
2870
2871
2873
2874
2875
2876
2877
2878
2879
2880
2884
2885
2893
2894
2895
2896
2897
2898
2899
2900
2901
2902
2903
2904
2906
2907
2908
2910
2912
2913
2914
2915
2918
2920
2921
2922
2924
2926
2928
2931
2932
2933
2934
2936
2937
2939
2941
2942
2943
2944
2945
2946
2947
2948
2949
2950
2952
2953
2954
2957
2960
2962
2963
2964
2965
2967
2969
2970
2971
2973
2975
2976
2977
2978
2979
2980
2983
2984
2986
2987
2988
2989
2991
2994
2996
2997
2999
3000
3002
3003
3004
3007
3008
3010
3011
3012
3013
3015
3016
3017
3019
3020
3025
3026
3028
3029
3030
3033
3034
3036
3037
3039
3046
3047
3049
3050
3052
3053
3056
3057
3058
3060
3061
3065
3066
3069
3071
3073
3076
3077
3078
3083
3085
3086
3087
3088
3089
3090
3091
3093
3094
3095
3097
3098
3099
3100
3102
3107
3109
3111
3112
3113
3115
3116
3118
3119
3122
3123
3124
3125
3126
3127
3128
3130
3132
3133
3135
3136
3139
3140
3142
3143
3144
3145
3150
3151
3152
3153
3154
3156
3157
3158
3159
3160
3161
3162
3163
3164
3165
3166
3167
3168
3169
3170
3171
3172
3173
3174
3176
3177
3179
3182
3183
3184
3185
3186
3187
3188
3191
3193
3194
3196
3197
3200
3203
3205
3206
3207
3209
3211
3212
3213
3214
3215
3216
3217
3218
3222
3223
3224
3227
3228
3231
3232
3233
3234
3235
3237
3238
3239
3240
3242
3243
3245
3248
3249
3250
3251
3253
3255
3256
3257
3258
3260
3261
3263
3264
3265
3266
3267
3268
3270
3271
3274
3275
3276
3279
3281
3282
3284
3285
3286
3287
3288
3289
3290
3291
3292
3293
3296
3298
3299
3301
3302
3305
3308
3309
3311
3312
3313
3314
3315
3316
3317
3319
3320
3322
3324
3325
3328
3330
3331
3334
3336
3337
3340
3341
3344
3345
3346
3347
3348
3350
3352
3354
3356
3357
3359
3361
3363
3365
3367
3368
3369
3370
3371
3374
3376
3378
3379
3382
3383
3384
3386
3387
3388
3390
3391
3394
3398
3399
3402
3403
3404
3407
3408
3410
3412
3413
3414
3416
3417
3418
3419
3420
3422
3423
3425
3426
3429
3430
3431
3432
3433
3434
3437
3440
3441
3442
3443
3446
3450
3451
3452
3453
3454
3455
3457
3458
3459
3461
3462
3463
3466
3467
3468
3470
3472
3473
3474
3475
3476
3477
3478
3479
3480
3482
3483
3484
3485
3487
3488
3489
3491
3492
3493
3494
3495
3496
3504
3506
3507
3508
3509
3510
3511
3512
3513
3515
3517
3518
3519
3520
3522
3523
3524
3525
3526
3527
3528
3529
3530
3531
3532
3533
3534
3535
3536
3539
3540
3543
3544
3545
3546
3548
3549
3550
3551
3552
3553
3554
3556
3557
3558
3559
3560
3561
3562
3564
3565
3566
3567
3568
3570
3571
3572
3573
3574
3576
3577
3578
3579
3580
3581
3582
3583
3584
3589
3590
3591
3592
3593
3594
3595
3596
3597
3598
3599
3601
3602
3603
3604
3605
3606
3607
3608
3609
3610
3611
3612
3613
3614
3616
3617
3620
3622
3623
3624
3625
3626
3627
3630
3631
3632
3635
3638
3639
3641
3642
3644
3645
3646
3647
3648
3649
3650
3651
3652
3653
3654
3655
3657
3658
3660
3661
3662
3664
3665
3666
3667
3668
3671
3673
3674
3676
3678
3679
3682
3683
3687
3688
3689
3691
3692
3693
3695
3696
3697
3698
3699
3700
3702
3703
3704
3705
3706
3707
3708
3709
3710
3711
3712
3713
3714
3715
3716
3717
3718
3719
3720
3721
3722
3726
3727
3729
3730
3731
3732
3733
3734
3735
3737
3738
3740
3741
3742
3743
3744
3745
3746
3749
3751
3752
3753
3754
3755
3756
3757
3758
3759
3760
3761
3762
3763
3764
3766
3767
3769
3770
3771
3772
3775
3776
3777
3778
3782
3783
3784
3786
3789
3790
3791
3793
3797
3798
3799
3800
3801
3802
3803
3804
3806
3807
3808
3809
3812
3813
3815
3816
3817
3818
3819
3820
3821
3822
3823
3824
3825
3826
3827
3828
3829
3830
3831
3833
3834
3835
3837
3838
3839
3840
3841
3842
3843
3844
3845
3846
3847
3848
3849
3850
3851
3852
3853
3854
3855
3856
3857
3858
3859
3860
3861
3862
3863
3864
3865
3866
3867
3868
3869
3870
3871
3874
3878
3880
3881
3886
3887
3888
3889
3890
3891
3892
3893
3894
3896
3897
3898
3899
3900
3901
3902
3907
3910
3911
3912
3913
3919
3920
3921
3922
3923
3924
3926
3930
3931
3932
3935
3937
3951
3952
3953
3954
3955
3956
3958
3960
3961
3962
3963
3964
3966
3967
3968
3969
3970
3972
3973
3974
3977
3979
3981
3982
3983
3984
3987
3988
3990
3993
3994
3995
3996
3997
3998
3999
4000
4001
4005
4006
4007
4008
4009
4012
4013
4017
4018
4019
4020
4022
4023
4024
4026
4027
4029
4030
4032
4033
4034
4035
4036
4039
4046
4048
4054
4056
4062
4064
4065
4066
4067
4070
4072
4073
4074
4076
4077
4079
4082
4084
4085
4086
4087
4088
4089
4090
4094
4095
4096
4097
4098
4099
4103
4104
4105
4107
4108
4109
4111
4112
4113
4114
4115
4116
4117
4118
4119
4120
4122
4123
4124
4125
4127
4129
4131
4132
4134
4135
4136
4137
4141
4142
4143
4147
4148
4149
4150
4151
4153
4154
4155
4156
4157
4159
4160
4161
4162
4163
4164
4165
4169
4170
4171
4172
4173
4175
4178
4179
4184
4185
4188
4189
4190
4191
4192
4195
4197
4198
4200
4201
4205
4207
4208
4209
4212
4214
4215
4216
4217
4220
4221
4223
4225
4228
4229
4230
4231
4232
4237
4238
4240
4241
4242
4243
4245
4250
4251
4256
4258
4260
4265
4266
4268
4269
4273
4274
4275
4276
4278
4280
4281
4283
4285
4289
4291
4293
4294
4295
4298
4299
4300
4301
4302
4303
4305
4307
4308
4309
4310
4311
4312
4313
4316
4317
4321
4323
4324
4325
4327
4329
4330
4331
4332
4334
4335
4336
4338
4339
4340
4347
4350
4351
4352
4353
4354
4358
4359
4362
4364
4365
4366
4368
4370
4371
4374
4376
4377
4379
4381
4382
4383
4384
4388
4389
4390
4391
4393
4395
4396
4397
4398
4399
4404
4405
4408
4409
4410
4411
4412
4413
4415
4418
4419
4420
4421
4422
4424
4425
4426
4428
4430
4437
4438
4439
4441
4443
4444
4445
4446
4449
4451
4453
4455
4456
4457
4458
4460
4462
4469
4470
4471
4473
4474
4475
4476
4477
4478
4479
4481
4482
4483
4485
4486
4487
4489
4490
4491
4492
4493
4494
4495
4496
4497
4502
4503
4506
4511
4512
4513
4514
4519
4522
4523
4524
4527
4528
4533
4534
4536
4539
4542
4543
4545
4546
4549
4550
4555
4558
4559
4560
4561
4562
4568
4569
4572
4574
4575
4576
4578
4581
4582
4583
4585
4587
4588
4590
4591
4593
4595
4596
4597
4601
4603
4604
4605
4606
4607
4610
4611
4612
4614
4615
4618
4625
4626
4629
4632
4633
4634
4635
4637
4640
4641
4642
4643
4644
4645
4646
4647
4649
4651
4655
4659
4660
4661
4666
4674
4676
4677
4679
4682
4684
4685
4688
4690
4691
4692
4693
4694
4695
4696
4698
4699
4701
4702
4703
4704
4705
4706
4708
4709
4710
4711
4712
4713
4715
4716
4717
4719
4722
4723
4725
4726
4727
4734
4735
4743
4744
4745
4748
4753
4756
4757
4758
4759
4760
4761
4763
4765
4766
4767
4768
4774
4775
4778
4779
4784
4785
4787
4788
4790
4792
4794
4798
4801
4802
4803
4804
4805
4806
4807
4808
4809
4810
4812
4813
4815
4816
4817
4820
4821
4823
4825
4827
4828
4830
4831
4833
4834
4837
4838
4839
4840
4841
4843
4844
4846
4847
4848
4849
4851
4853
4857
4861
4862
4865
4866
4868
4869
4871
4872
4873
4875
4876
4877
4878
4879
4880
4881
4882
4883
4884
4886
4887
4888
4894
4896
4898
4900
4903
4905
4907
4909
4910
4911
4912
4915
4916
4917
4918
4919
4920
4921
4923
4925
4926
4927
4928
4930
4931
4932
4940
4941
4942
4943
4946
4951
4953
4954
4955
4957
4959
4961
4962
4963
4967
4968
4973
4979
4981
4984
4988
4993
4994
4996
4997
4998
4999
5001
5006
5008
5011
5014
5019
5022
5025
5026
5028
5030
5034
5035
5036
5038
5039
5040
5041
5042
5045
5046
5048
5052
5060
5061
5062
5063
5064
5066
5067
5068
5069
5071
5072
5074
5075
5076
5077
5079
5081
5082
5083
5087
5088
5092
5093
5096
5097
5099
5101
5102
5109
5110
5111
5114
5115
5116
5119
5120
5121
5123
5126
5131
5133
5136
5139
5140
5142
5144
5145
5147
5148
5151
5152
5153
5154
5156
5158
5160
5166
5170
5172
5174
5176
5179
5182
5184
5186
5187
5190
5192
5193
5195
5196
5198
5199
5200
5202
5204
5205
5220
5222
5228
5229
5231
5233
5235
5241
5243
5244
5247
5248
5251
5252
5254
5255
5257
5258
5261
5262
5266
5267
5268
5269
5270
5272
5273
5274
5280
5282
5292
5293
5294
5298
5300
5301
5303
5304
5306
5309
5310
5311
5312
5315
5316
5317
5319
5321
5322
5325
5326
5330
5331
5332
5334
5335
5336
5337
5338
5340
5342
5344
5352
5354
5356
5357
5358
5359
5360
5361
5362
5364
5365
5366
5367
5369
5370
5372
5373
5376
5379
5380
5381
5382
5383
5389
5393
5399
5400
5401
5402
5403
5408
5413
5416
5418
5419
5421
5423
5428
5429
5437
5438
5441
5443
5449
5450
5452
5453
5458
5460
5461
5462
5464
5465
5466
5470
5471
5475
5476
5477
5481
5484
5486
5488
5491
5494
5497
5498
5499
5500
5503
5504
5505
5506
5507
5508
5511
5512
5513
5514
5515
5516
5521
5523
5524
5526
5528
5529
5531
5535
5536
5540
5544
5545
5546
5549
5550
5551
5557
5559
5560
5563
5564
5565
5566
5567
5571
5572
5573
5574
5575
5576
5577
5579
5580
5583
5585
5587
5590
5591
5592
5593
5594
5596
5597
5598
5599
5600
5601
5602
5604
5605
5606
5611
5614
5615
5616
5617
5618
5623
5625
5626
5629
5630
5631
5632
5633
5634
5635
5637
5638
5639
5640
5641
5642
5645
5650
5651
5652
5653
5654
5656
5657
5658
5660
5661
5662
5666
5668
5669
5671
5673
5674
5675
5676
5679
5680
5681
5682
5684
5686
5688
5697
5699
5700
5701
5704
5705
5706
5707
5709
5710
5712
5718
5719
5720
5721
5722
5724
5725
5726
5728
5729
5730
5732
5734
5735
5736
5743
5744
5745
5746
5747
5749
5752
5754
5755
5759
5760
5763
5764
5765
5767
5768
5770
5772
5773
5776
5778
5779
5780
5783
5784
5786
5790
5791
5792
5793
5794
5798
5800
5804
5806
5808
5810
5813
5814
5815
5816
5817
5820
5821
5822
5827
5828
5832
5833
5834
5835
5840
5842
5843
5844
5845
5848
5850
5851
5853
5855
5860
5861
5866
5867
5868
5869
5870
5872
5873
5875
5876
5877
5878
5879
5880
5882
5883
5884
5885
5886
5887
5888
5891
5892
5895
5898
5902
5903
5904
5905
5912
5914
5917
5918
5920
5922
5923
5925
5926
5927
5929
5930
5931
5932
5933
5938
5939
5940
5942
5943
5945
5946
5947
5948
5949
5950
5952
5953
5954
5956
5957
5958
5959
5960
5961
5963
5966
5967
5968
5971
5973
5977
5984
5985
5987
5989
5991
5992
5993
5994
5995
5996
5999
6000
6001
6003
6004
6008
6009
6011
6015
6018
6020
6022
6023
6025
6026
6027
6028
6031
6033
6035
6036
6037
6038
6039
6040
6041
6044
6045
6049
6050
6051
6053
6056
6057
6059
6060
6061
6063
6064
6066
6067
6068
6069
6072
6074
6076
6078
6079
6080
6081
6082
6086
6087
6088
6091
6092
6093
6096
6102
6104
6106
6108
6109
6112
6113
6114
6117
6120
6122
6126
6128
6131
6133
6134
6135
6137
6138
6139
6140
6141
6143
6144
6145
6148
6150
6153
6154
6159
6160
6161
6162
6170
6171
6172
6173
6182
6184
6185
6186
6187
6193
6199
6205
6206
6209
6212
6213
6214
6218
6219
6221
6222
6223
6224
6225
6229
6230
6234
6241
6242
6243
6246
6250
6251
6252
6253
6254
6261
6262
6263
6267
6272
6274
6275
6276
6277
6281
6287
6289
6291
6293
6295
6296
6297
6298
6301
6304
6306
6310
6314
6317
6321
6322
6329
6331
6332
6336
6337
6339
6341
6342
6347
6349
6350
6351
6353
6354
6355
6357
6358
6360
6361
6362
6364
6365
6366
6367
6368
6369
6370
6371
6372
6373
6374
6375
6376
6383
6385
6388
6389
6390
6391
6392
6393
6395
6396
6399
6400
6403
6409
6410
6411
6413
6414
6415
6416
6418
6420
6421
6422
6424
6425
6426
6427
6432
6433
6434
6435
6441
6445
6446
6450
6451
6455
6457
6458
6461
6462
6463
6465
6466
6467
6468
6472
6475
6478
6484
6485
6486
6488
6489
6491
6492
6493
6494
6495
6496
6497
6500
6504
6505
6507
6508
6509
6512
6513
6514
6516
6517
6518
6522
6525
6530
6531
6533
6535
6536
6539
6540
6541
6543
6544
6545
6546
6548
6549
6550
6551
6552
6553
6555
6556
6559
6560
6561
6562
6564
6565
6566
6571
6575
6576
6580
6584
6585
6586
6587
6589
6592
6593
6594
6596
6597
6599
6603
6609
6612
6613
6620
6621
6622
6623
6624
6628
6629
6630
6631
6636
6637
6638
6644
6645
6646
6649
6652
6653
6654
6659
6660
6661
6662
6664
6665
6667
6668
6672
6673
6674
6675
6676
6680
6682
6683
6687
6689
6691
6694
6696
6698
6702
6703
6704
6705
6706
6710
6711
6712
6713
6715
6717
6718
6721
6722
6725
6728
6729
6730
6731
6734
6735
6738
6739
6741
6742
6753
6755
6756
6757
6761
6762
6765
6767
6768
6769
6770
6772
6774
6778
6779
6784
6785
6786
6787
6788
6790
6791
6792
6793
6796
6799
6800
6801
6802
6804
6807
6809
6810
6812
6813
6814
6816
6817
6818
6821
6823
6825
6832
6833
6834
6836
6844
6857
6858
6859
6862
6863
6864
6867
6868
6869
6870
6871
6872
6877
6881
6883
6884
6886
6889
6890
6891
6893
6894
6895
6896
6903
6904
6910
6911
6914
6915
6917
6918
6922
6924
6926
6927
6929
6934
6935
6936
6937
6944
6945
6948
6950
6953
6954
6955
6956
6960
6964
6965
6968
6969
6970
6973
6980
6981
6982
6984
6987
6997
6998
7004
7005
7008
7009
7010
7012
7016
7017
7020
7024
7025
7027
7035
7036
7037
7038
7040
7046
7048
7049
7053
7055
7056
7058
7060
7063
7064
7065
7067
7068
7069
7072
7074
7077
7079
7081
7085
7086
7089
7091
7097
7100
7103
7106
7108
7112
7118
7121
7124
7126
7130
7131
7132
7134
7135
7136
7140
7141
7143
7148
7149
7151
7152
7154
7155
7159
7162
7164
7165
7167
7168
7169
7174
7175
7176
7179
7181
7182
7183
7189
7190
7192
7194
7198
7199
7202
7203
7204
7205
7208
7209
7210
7211
7220
7221
7222
7223
7224
7225
7226
7229
7231
7232
7234
7235
7236
7238
7240
7241
7242
7243
7244
7245
7246
7247
7249
7250
7253
7256
7257
7259
7264
7265
7267
7268
7270
7273
7275
7279
7280
7282
7284
7285
7286
7290
7291
7292
7293
7294
7295
7297
7298
7299
7300
7307
7311
7312
7314
7316
7317
7318
7319
7320
7322
7323
7324
7326
7328
7335
7338
7340
7343
7344
7345
7352
7353
7354
7355
7358
7360
7362
7366
7367
7371
7373
7377
7378
7379
7380
7382
7384
7386
7397
7398
7400
7402
7403
7406
7409
7412
7414
7417
7419
7420
7422
7423
7428
7437
7439
7441
7444
7445
7447
7448
7451
7453
7454
7458
7460
7463
7464
7466
7470
7471
7472
7475
7477
7478
7480
7486
7487
7488
7489
7491
7496
7499
7501
7503
7505
7507
7508
7509
7512
7513
7514
7515
7516
7518
7519
7522
7528
7530
7532
7533
7534
7538
7539
7540
7544
7545
7546
7547
7550
7551
7552
7553
7554
7557
7558
7560
7562
7567
7569
7572
7573
7574
7575
7576
7577
7578
7583
7588
7589
7590
7592
7593
7594
7595
7596
7597
7598
7599
7601
7602
7604
7605
7608
7609
7610
7611
7612
7614
7616
7617
7618
7620
7622
7624
7625
7626
7627
7628
7629
7631
7633
7635
7636
7637
7638
7639
7640
7641
7643
7648
7650
7651
7652
7654
7655
7657
7658
7661
7662
7664
7665
7666
7667
7670
7677
7679
7680
7681
7682
7683
7684
7685
7686
7688
7691
7694
7696
7699
7700
7705
7707
7709
7710
7711
7713
7714
7719
7722
7724
7725
7726
7727
7728
7730
7732
7734
7735
7736
7739
7740
7742
7746
7747
7749
7750
7752
7754
7756
7757
7758
7762
7765
7766
7777
7779
7780
7781
7785
7787
7788
7790
7791
7792
7793
7794
7795
7797
7800
7803
7804
7807
7808
7811
7812
7813
7816
7817
7819
7822
7825
7827
7828
7830
7832
7833
7834
7835
7837
7839
7841
7846
7848
7849
7851
7852
7854
7855
7856
7857
7860
7862
7863
7864
7865
7868
7869
7870
7873
7874
7875
7877
7878
7879
7880
7883
7886
7887
7888
7891
7894
7898
7902
7904
7905
7906
7907
7908
7909
7911
7913
7914
7921
7923
7925
7927
7932
7933
7934
7939
7940
7944
7945
7946
7947
7949
7950
7951
7954
7960
7961
7962
7965
7969
7971
7972
7976
7980
7986
7987
7991
7993
7994
7997
7998
8006
8009
8010
8011
8013
8016
8021
8030
8033
8039
8041
8043
8045
8047
8049
8051
8052
8053
8056
8057
8059
8061
8063
8064
8065
8066
8068
8070
8071
8072
8074
8075
8077
8078
8079
8080
8081
8084
8086
8087
8088
8091
8093
8094
8099
8100
8102
8105
8106
8107
8110
8112
8113
8116
8118
8119
8121
8122
8123
8124
8125
8126
8127
8129
8130
8131
8133
8134
8135
8136
8138
8141
8143
8144
8145
8146
8149
8150
8152
8153
8154
8155
8158
8161
8164
8167
8168
8169
8170
8171
8174
8182
8185
8186
8188
8194
8195
8198
8199
8202
8203
8204
8205
8206
8207
8208
8209
8210
8211
8212
8213
8214
8215
8216
8217
8220
8223
8224
8227
8233
8234
8237
8239
8245
8249
8252
8256
8261
8267
8268
8269
8270
8271
8272
8273
8274
8275
8276
8277
8278
8279
8281
8282
8284
8286
8287
8291
8292
8306
8307
8314
8315
8317
8320
8333
8335
8340
8343
8352
8353
8354
8355
8356
8357
8358
8359
8360
8361
8362
8363
8364
8365
8367
8368
8369
8370
8371
8373
8374
8376
8377
8378
8379
8380
8387
8388
8392
8393
8394
8395
8397
8400
8401
8402
8403
8404
8405
8412
8413
8415
8416
8417
8418
8419
8421
8424
8425
8426
8431
8432
8433
8434
8435
8437
8440
8441
8443
8447
8448
8450
8453
8455
8457
8458
8461
8462
8469
8471
8472
8473
8476
8477
8480
8481
8484
8486
8488
8492
8493
8496
8497
8498
8499
8500
8502
8505
8508
8511
8512
8514
8516
8518
8520
8521
8522
8525
8530
8536
8537
8539
8540
8541
8542
8549
8565
8567
8568
8573
8574
8577
8578
8580
8581
8583
8584
8590
8594
8596
8597
8599
8603
8605
8606
8609
8612
8613
8614
8616
8621
8624
8629
8631
8635
8637
8638
8640
8643
8645
8647
8648
8651
8652
8655
8659
8660
8674
8676
8680
8684
8687
8688
8699
8704
8705
8732
8733
8736
8739
8741
8744
8745
8746
8748
8753
8754
8758
8760
8763
8764
8770
8772
8773
8774
8779
8780
8783
8785
8786
8787
8789
8790
8791
8792
8794
8799
8801
8803
8804
8808
8811
8814
8816
8818
8824
8825
8826
8827
8828
8829
8830
8834
8835
8836
8837
8844
8847
8849
8852
8853
8856
8857
8859
8862
8863
8864
8865
8866
8868
8869
8871
8873
8874
8875
8877
8880
8881
8887
8894
8895
8896
8897
8898
8899
8902
8906
8914
8916
8917
8920
8921
8922
8923
8924
8927
8928
8930
8939
8940
8944
8945
8947
8949
8951
8953
8955
8957
8958
8960
8961
8965
8968
8970
8972
8973
8974
8979
8980
8981
8982
8983
8984
8985
8986
8988
8989
8994
8998
8999
9003
9004
9007
9008
9009
9010
9011
9013
9014
9015
9021
9025
9026
9027
9028
9031
9036
9037
9039
9040
9044
9046
9049
9052
9054
9057
9058
9062
9064
9066
9067
9069
9070
9071
9072
9073
9074
9075
9076
9078
9079
9081
9083
9085
9086
9090
9091
9094
9095
9096
9097
9099
9104
9106
9109
9111
9112
9113
9117
9121
9124
9127
9129
9131
9132
9135
9138
9139
9140
9142
9143
9146
9148
9149
9150
9153
9154
9156
9157
9163
9164
9165
9169
9172
9173
9174
9177
9181
9182
9193
9194
9195
9198
9199
9202
9205
9207
9208
9210
9230
9231
9236
9237
9238
9240
9244
9252
9254
9256
9258
9260
9261
9262
9263
9271
9274
9275
9280
9282
9287
9288
9297
9298
9299
9301
9302
9304
9312
9315
9316
9317
9319
9325
9326
9328
9330
9332
9334
9338
9340
9343
9348
9350
9351
9352
9353
9354
9360
9364
9365
9368
9369
9374
9376
9377
9378
9381
9385
9386
9390
9391
9392
9401
9404
9408
9410
9412
9414
9417
9422
9423
9428
9429
9430
9432
9441
9442
9444
9446
9447
9449
9451
9453
9454
9459
9461
9467
9469
9471
9476
9477
9478
9481
9485
9488
9490
9494
9496
9498
9499
9501
9504
9507
9510
9512
9513
9520
9521
9524
9525
9526
9527
9528
9529
9530
9533
9536
9538
9540
9541
9549
9550
9551
9552
9554
9556
9557
9558
9561
9563
9565
9567
9568
9569
9571
9574
9575
9576
9578
9581
9586
9588
9593
9594
9595
9598
9600
9601
9606
9607
9608
9609
9611
9612
9613
9615
9618
9621
9622
9623
9625
9626
9628
9631
9634
9637
9638
9639
9652
9653
9663
9666
9670
9676
9677
9679
9684
9685
9688
9692
9694
9695
9697
9708
9709
9711
9712
9714
9715
9716
9721
9724
9727
9735
9738
9739
9740
9742
9747
9748
9749
9751
9752
9753
9757
9758
9759
9760
9761
9765
9766
9767
9771
9776
9781
9783
9788
9790
9802
9806
9808
9810
9815
9816
9818
9824
9826
9827
9828
9829
9832
9833
9835
9838
9839
9840
9841
9847
9849
9857
9861
9867
9868
9871
9881
9883
9884
9887
9888
9894
9897
9898
9899
9902
9904
9906
9907
9909
9915
9916
9919
9920
9921
9922
9931
9935
9939
9943
9952
9955
9960
9970
9976
9977
9980
9981
9987
9995
10000
10001
10003
10005
10008
10019
10023
10024
10029
10031
10032
10034
10035
10036
10037
10045
10055
10056
10058
10062
10063
10064
10065
10066
10067
10068
10079
10080
10083
10088
10095
10097
10100
10101
10109
10110
10111
10113
10114
10116
10125
10127
10129
10132
10137
10146
10151
10152
10154
10155
10156
10163
10164
10165
10166
10170
10173
10174
10180
10181
10188
10189
10190
10192
10195
10210
10213
10219
10223
10224
10225
10228
10234
10244
10245
10249
10253
10254
10258
10265
10266
10272
10275
10279
10283
10293
10295
10304
10307
10315
10317
10330
10334
10338
10344
10345
10349
10352
10354
10358
10359
10365
10377
10380
10384
10388
10398
10400
10404
10410
10413
10422
10423
10424
10426
10432
10435
10442
10445
10447
10450
10462
10467
10468
10471
10477
10478
10479
10482
10486
10489
10492
10494
10499
10503
10513
10519
10521
10526
10529
10532
10538
10543
10545
10548
10550
10551
10556
10557
10562
10563
10570
10571
10574
10577
10578
10583
10585
10591
10595
10599
10605
10608
10609
10610
10611
10616
10622
10626
10630
10635
10636
10638
10640
10642
10646
10647
10651
10658
10659
10664
10667
10670
10672
10675
10681
10686
10690
10691
10695
10699
10701
10702
10710
10716
10717
10728
10730
10731
10742
10743
10745
10747
10748
10751
10755
10756
10761
10764
10767
10770
10771
10772
10774
10775
10776
10777
10778
10779
10781
10782
10783
10784
10785
10786
10789
10790
10796
10799
10800
10801
10803
10804
10806
10807
10809
10813
10814
10815
10816
10821
10822
10823
10824
10826
10829
10839
10845
10846
10852
10867
10868
10869
10872
10876
10881
10884
10889
10892
10894
10900
10903
10908
10909
10912
10914
10916
10917
10919
10920
10924
10936
10938
10945
10948
10949
10961
10964
10971
10972
10978
10980
10982
10997
11003
11008
11009
11014
11020
11021
11022
11029
11031
11032
11046
11051
11062
11063
11064
11065
11067
11068
11070
11088
11093
11094
11097
11101
11105
11107
11121
11123
11127
11130
11131
11132
11135
11143
11144
11146
11150
11151
11153
11157
11159
11160
11172
11173
11178
11181
11187
11195
11206
11209
11210
11211
11212
11213
11224
11236
11240
11251
11255
11266
11284
11285
11288
11299
11307
11314
11322
11327
11331
11339
11341
11345
11348
11352
11365
11379
11383
11387
11392
11394
11401
11417
11418
11422
11425
11430
11439
11444
11448
11449
11450
11454
11456
11462
11464
11488
11500
11502
11503
11506
11518
11524
11529
11533
11535
11540
11541
11542
11543
11546
11547
11548
11554
11556
11563
11568
11572
11578
11585
11587
11589
11590
11591
11593
11594
11596
11606
11607
11611
11615
11617
11618
11619
11626
11632
11637
11640
11641
11642
11644
11654
11662
11676
11679
11685
11695
11702
11704
11705
11708
11724
11730
11737
11740
11744
11747
11750
11751
11756
11762
11780
11781
11790
11809
11810
11812
11813
11817
11818
11824
11842
11851
11855
11856
11863
11874
11876
11877
11881
11886
11896
11899
11904
11909
11917
11922
11929
11930
11943
11957
11965
11971
11973
11978
11991
11994
11995
11998
11999
12002
12015
12021
12028
12039
12042
12044
12055
12057
12066
12078
12080
12083
12100
12101
12103
12104
12106
12116
12117
12122
12125
12132
12138
12139
12140
12141
12142
12145
12146
12147
12149
12150
12154
12155
12156
12159
12160
12161
12162
12164
12165
12167
12170
12177
12179
12180
12182
12184
12193
12194
12198
12199
12203
12212
12214
12221
12223
12230
12231
12234
12236
12237
12242
12243
12245
12246
12247
12249
12252
12255
12260
12262
12263
12269
12271
12273
12275
12277
12279
12281
12286
12288
12293
12296
12304
12316
12321
12322
12323
12325
12327
12332
12339
12341
12344
12346
12349
12357
12358
12359
12363
12366
12367
12374
12377
12385
12386
12389
12392
12402
12403
12419
12442
12459
12467
12470
12472
12495
12496
12498
12512
12522
12523
12525
12526
12531
12533
12538
12540
12554
12555
12558
12568
12571
12573
12576
12579
12582
12585
12586
12587
12591
12592
12593
12594
12606
12620
12634
12638
12642
12648
12649
12651
12654
12663
12664
12665
12666
12668
12674
12681
12686
12689
12692
12693
12699
12702
12705
12707
12710
12713
12715
12716
12720
12726
12727
12730
12732
12733
12740
12741
12742
12744
12747
12752
12757
12759
12762
12771
12787
12798
12806
12817
12826
12833
12856
12859
12861
12863
12876
12879
12881
12885
12892
12898
12905
12907
12908
12911
12914
12917
12919
12921
12927
12938
12943
12948
12954
12956
12960
12965
12970
12971
12977
12984
12985
12986
12994
12996
13011
13012
13019
13032
13036
13039
13048
13061
13068
13085
13086
13089
13097
13100
13101
13102
13106
13108
13112
13118
13119
13120
13121
13130
13131
13133
13134
13137
13144
13146
13155
13161
13168
13173
13181
13190
13193
13203
13208
13220
13221
13224
13229
13231
13234
13239
13242
13244
13245
13257
13261
13262
13267
13276
13281
13291
13299
13300
13313
13314
13318
13320
13325
13326
13333
13334
13340
13356
13363
13366
13368
13389
13394
13398
13403
13406
13415
13419
13426
13427
13431
13438
13440
13446
13455
13456
13459
13460
13462
13464
13472
13480
13482
13491
13492
13496
13500
13507
13509
13516
13517
13518
13526
13527
13530
13553
13554
13561
13567
13572
13574
13577
13578
13581
13583
13584
13586
13588
13601
13609
13623
13632
13634
13637
13647
13650
13651
13655
13656
13658
13663
13665
13666
13667
13690
13693
13708
13718
13724
13748
13757
13758
13760
13761
13762
13763
13764
13771
13773
13776
13777
13780
13789
13792
13793
13804
13816
13821
13825
13832
13833
13835
13836
13842
13844
13850
13856
13864
13865
13870
13877
13880
13881
13892
13897
13899
13904
13906
13909
13910
13913
13915
13926
13927
13931
13937
13938
13942
13943
13962
13980
13983
13985
13997
14000
14001
14002
14005
14008
14029
14055
14056
14057
14058
14074
14082
14083
14100
14117
14125
14132
14133
14168
14169
14173
14187
14196
14205
14227
14238
14263
14265
14267
14268
14279
14280
14281
14282
14289
14291
14293
14312
14313
14319
14334
14335
14337
14362
14370
14382
14383
14393
14396
14405
14410
14411
14427
14452
14460
14467
14468
14469
14526
14534
14543
14556
14558
14560
14583
14585
14586
14590
14591
14594
14610
14634
14638
14646
14647
14648
14649
14650
14652
14653
14658
14659
14664
14665
14669
14670
14675
14676
14677
14678
14679
14680
14682
14685
14705
14717
14718
14720
14725
14744
14745
14747
14752
14753
14756
14761
14765
14774
14776
14785
14786
14792
14793
14798
14802
14803
14807
14808
14810
14812
14813
14816
14825
14827
14832
14851
14855
14858
14866
14873
14878
14882
14886
14889
14890
14897
14901
14903
14910
14915
14921
14930
14931
14933
14934
14935
14944
14945
14946
14952
14955
14968
14973
14982
14988
14993
14995
15000
15005
15010
15011
15016
15031
15039
15040
15044
15045
15051
15052
15056
15066
15072
15086
15092
15097
15101
15104
15106
15116
15117
15122
15124
15130
15133
15135
15142
15153
15171
15175
15178
15180
15184
15187
15191
15201
15207
15209
15216
15226
15229
15232
15236
15245
15249
15257
15260
15261
15267
15278
15281
15287
15306
15317
15319
15332
15347
15349
15350
15366
15367
15370
15383
15391
15394
15395
15398
15402
15414
15424
15439
15451
15474
15479
15483
15485
15514
15515
15517
15518
15526
15543
15546
15548
15557
15558
15566
15573
15574
15576
15579
15606
15610
15627
15632
15634
15639
15648
15649
15650
15653
15663
15664
15668
15671
15672
15673
15674
15675
15676
15677
15678
15679
15680
15681
15682
15683
15684
15695
15696
15697
15698
15699
15700
15701
15702
15703
15704
15705
15706
15707
15708
15709
15710
15711
15712
15713
15714
15715
15716
15717
15718
15719
15720
15721
15722
15723
15724
15725
15726
15727
15728
15729
15730
15731
15732
15733
15734
15735
15736
15737
15738
15739
15740
15747
15755
15764
15777
15825
15847
15851
15854
15862
15865
15867
15870
15872
15881
15883
15885
15886
15888
15889
15894
15901
15914
15929
15947
15948
15956
15966
15975
15984
16001
16010
16018
16020
16029
16043
16047
16054
16060
16062
16063
16078
16085
16089
16096
16098
16112
16115
16123
16164
16166
16170
16171
16173
16179
16189
16199
16206
16219
16225
16227
16229
16230
16231
16232
16233
16234
16235
16236
16237
16238
16239
16240
16241
16242
16243
16244
16245
16246
16247
16248
16249
16250
16251
16252
16253
16254
16255
16256
16257
16258
16259
16260
16261
16266
16269
16273
16276
16277
16294
16315
16316
16344
16350
16356
16370
16408
16412
16422
16427
16429
16433
16446
16450
16454
16476
16494
16504
16514
16517
16519
16520
16524
16530
16536
16539
16542
16546
16554
16560
16570
16582
16586
16596
16605
16609
16611
16619
16662
16678
16698
16705
16709
16714
16739
16743
16758
16763
16791
16792
16804
16808
16814
16818
16822
16827
16829
16870
16950
17087
17094
17122
17155
17169
17213
17313
17320
17322
17323
17366
17405
17406
17420
17428
17430
17436
17455
17471
17472
17490
17493
17515
17518
17535
17548
17558
17559
17566
17568
17576
17587
17628
17629
17630
17631
17632
17633
17638
17639
17661
17747
17795
17801
17821
17824
17834
17851
17858
17862
17875
17877
17885
17887
17897
17921
17922
17923
17924
17925
17926
17927
17928
17929
17930
17931
17932
17933
17934
17935
17936
17937
17988
18062
18063
18064
18065
18066
18068
18071
18104
18105
18106
18107
18108
18109
18110
18111
18112
18113
18114
18115
18116
18117
18118
18119
18120
18121
18122
18123
18124
18125
18126
18127
18128
18129
18130
18131
18132
18133
18135
18136
18137
18138
18139
18140
18141
18142
18143
18144
18145
18146
18153
18161
18165
18167
18189
18191
18196
18250
18251
18266
18268
18270
18275
18278
18328
18330
18332
18353
18374
18375
18377
18378
18379
18423
18446
18450
18458
18462
18463
18464
18481
18490
18505
18520
18553
18556
18588
18968
18972
18973
18979
18980
18981
18982
18983
18984
18985
18986
18987
18988
18989
18990
18991
18992
18993
18994
18995
18996
18997
18998
18999
19007
19132
19143
19225
19226
19227
19228
19229
19230
19245
19267
19268
19269
19270
19271
19272
19296
19310
19317
19378
19458
19534
