6
7
8
9
17
23
26
45
46
54
58
59
67
68
71
72
77
82
86
88
90
93
101
107
108
113
115
118
119
122
123
126
127
130
131
152
155
167
168
170
177
178
181
182
183
191
193
203
204
205
207
208
210
230
247
273
277
278
279
280
283
287
288
295
299
303
304
308
311
328
344
347
360
378
387
388
389
393
394
402
403
424
427
428
432
436
438
442
445
451
454
463
474
477
480
504
514
534
541
555
558
564
569
593
601
628
634
636
651
652
665
672
673
680
687
708
709
710
725
727
734
739
743
750
754
755
758
759
773
774
775
777
781
782
789
792
795
796
798
804
805
806
808
822
832
836
850
851
856
860
866
867
869
870
871
875
880
892
911
918
920
921
930
943
944
969
978
980
987
1009
1029
1036
1038
1040
1043
1064
1065
1066
1069
1076
1077
1082
1083
1084
1085
1086
1092
1098
1106
1117
1129
1143
1145
1149
1156
1158
1159
1181
1187
1190
1191
1209
1213
1223
1227
1231
1248
1250
1253
1270
1271
1277
1291
1295
1312
1329
1331
1333
1350
1372
1387
1392
1399
1400
1402
1406
1435
1451
1463
1465
1472
1474
1477
1480
1485
1495
1500
1516
1518
1528
1553
1563
1572
1580
1581
1596
1598
1599
1610
1616
1622
1625
1629
1637
1647
1674
1678
1716
1729
1744
1766
1770
1772
1773
1788
1789
1792
1798
1810
1811
1835
1850
1852
1853
1881
1887
1900
1918
1932
1947
1950
1959
1969
1972
1982
2004
2011
2027
2037
2041
2064
2076
2090
2098
2114
2130
2140
2157
2168
2196
2197
2199
2229
2232
2238
2248
2256
2260
2268
2281
2331
2336
2347
2354
2355
2359
2364
2366
2369
2394
2403
2430
2434
2448
2450
2453
2455
2463
2489
2491
2492
2498
2499
2503
2515
2517
2518
2521
2531
2551
2552
2559
2563
2566
2567
2568
2582
2593
2608
2615
2625
2627
2641
2644
2645
2646
2666
2671
2673
2674
2680
2681
2682
2685
2692
2702
2705
2714
2717
2720
2747
2749
2757
2758
2766
2771
2772
2774
2775
2778
2781
2782
2787
2792
2793
2807
2826
2832
2839
2840
2848
2852
2853
2857
2858
2859
2867
2885
2893
2896
2903
2904
2906
2915
2919
2926
2935
2941
2943
2945
2950
2953
2954
2960
2971
2976
2989
2994
2997
3007
3017
3029
3030
3033
3049
3051
3053
3054
3058
3060
3084
3092
3097
3099
3116
3126
3130
3132
3133
3135
3146
3150
3156
3162
3165
3168
3169
3171
3186
3205
3214
3231
3234
3240
3242
3248
3250
3263
3264
3275
3286
3290
3292
3301
3309
3314
3315
3322
3324
3330
3334
3337
3343
3345
3346
3348
3350
3361
3369
3376
3379
3383
3384
3385
3387
3390
3396
3402
3404
3407
3410
3418
3419
3421
3424
3433
3435
3453
3454
3460
3461
3462
3463
3465
3466
3468
3470
3480
3483
3487
3495
3503
3504
3523
3525
3533
3543
3544
3548
3550
3554
3560
3565
3566
3578
3581
3582
3591
3604
3609
3610
3612
3621
3623
3624
3632
3648
3651
3655
3658
3667
3698
3699
3702
3703
3704
3705
3706
3707
3708
3722
3729
3731
3737
3738
3746
3747
3753
3757
3766
3767
3777
3799
3800
3831
3834
3848
3851
3871
3874
3879
3887
3911
3921
3922
3923
3924
3930
3931
3938
3958
3963
3968
3997
4008
4013
4017
4022
4023
4024
4025
4033
4036
4038
4046
4071
4073
4079
4087
4096
4101
4103
4104
4109
4111
4112
4119
4120
4131
4134
4147
4148
4149
4153
4159
4179
4184
4185
4186
4187
4199
4212
4215
4226
4234
4237
4238
4240
4250
4253
4264
4274
4275
4276
4277
4278
4308
4309
4310
4316
4352
4353
4389
4390
4405
4426
4427
4430
4434
4469
4470
4478
4497
4506
4519
4545
4559
4560
4561
4562
4595
4597
4604
4613
4616
4632
4651
4660
4661
4685
4691
4696
4708
4726
4727
4734
4757
4766
4774
4805
4816
4840
4843
4865
4868
4871
4872
4873
4878
4881
4883
4894
4903
4912
4913
4914
4917
4918
4919
4920
4927
4957
4969
4973
4994
4996
5013
5036
5037
5045
5051
5052
5064
5065
5075
5082
5084
5110
5112
5114
5116
5118
5121
5123
5125
5160
5176
5214
5247
5254
5255
5261
5272
5275
5309
5318
5331
5369
5381
5382
5425
5428
5432
5456
5464
5471
5475
5497
5513
5515
5521
5534
5549
5559
5560
5564
5566
5567
5579
5581
5589
5598
5605
5606
5624
5651
5652
5653
5654
5660
5670
5675
5679
5681
5686
5702
5706
5736
5743
5759
5765
5778
5779
5793
5810
5829
5834
5836
5837
5853
5855
5867
5879
5883
5884
5903
5933
5936
5945
5947
5959
5973
5985
5993
6015
6022
6027
6033
6037
6038
6040
6050
6076
6092
6103
6104
6106
6133
6137
6138
6139
6143
6144
6150
6153
6162
6170
6185
6186
6204
6212
6213
6214
6219
6241
6253
6271
6272
6274
6276
6291
6317
6321
6355
6363
6366
6368
6371
6372
6389
6390
6391
6393
6395
6414
6415
6416
6418
6424
6427
6433
6455
6461
6491
6556
6560
6561
6585
6586
6589
6612
6626
6660
6671
6672
6687
6691
6694
6713
6719
6725
6730
6731
6739
6761
6762
6772
6801
6807
6812
6820
6826
6844
6883
6884
6885
6886
6891
6900
6926
6933
6934
6937
6977
6981
7005
7010
7064
7068
7089
7104
7127
7134
7135
7136
7140
7148
7176
7177
7178
7179
7193
7208
7211
7222
7226
7241
7242
7243
7244
7245
7246
7247
7256
7257
7279
7282
7290
7344
7345
7353
7366
7382
7403
7409
7461
7472
7475
7476
7480
7508
7512
7513
7514
7517
7542
7547
7557
7558
7562
7566
7569
7570
7571
7572
7578
7592
7604
7607
7613
7618
7619
7630
7641
7645
7654
7655
7657
7662
7666
7687
7691
7706
7714
7715
7750
7770
7787
7797
7804
7811
7818
7856
7874
7891
7898
7903
7915
7917
7925
7946
7958
7964
7970
7976
7981
7984
7999
8008
8010
8011
8036
8037
8041
8064
8065
8066
8071
8074
8078
8080
8092
8118
8120
8131
8133
8145
8161
8198
8227
8228
8229
8234
8236
8243
8246
8248
8249
8251
8253
8266
8276
8279
8296
8317
8318
8320
8327
8330
8338
8342
8345
8346
8347
8348
8349
8456
8457
8460
8469
8471
8472
8533
8572
8590
8612
8614
8655
8665
8684
8732
8743
8761
8764
8772
8775
8789
8799
8809
8816
8827
8828
8829
8847
8849
8856
8868
8871
8874
8917
8927
8945
8947
8961
8968
8973
8977
8988
9013
9014
9052
9066
9069
9081
9086
9096
9109
9113
9131
9135
9140
9143
9148
9150
9207
9208
9210
9236
9253
9263
9268
9325
9326
9349
9352
9355
9373
9383
9384
9385
9386
9417
9437
9443
9444
9445
9453
9460
9463
9467
9485
9499
9530
9560
9601
9639
9676
9693
9699
9717
9728
9759
9763
9776
9791
9802
9860
9877
9939
9975
10009
10029
10039
10044
10064
10065
10068
10121
10146
10149
10181
10218
10227
10237
10240
10242
10268
10317
10345
10346
10410
10480
10485
10499
10595
10627
10638
10670
10728
10741
10751
10802
10806
10872
10881
10886
10920
10940
10941
10942
10998
11034
11036
11044
11053
11082
11090
11096
11099
11100
11128
11130
11137
11147
11149
11151
11154
11155
11157
11158
11162
11163
11166
11167
11168
11169
11170
11171
11181
11182
11188
11189
11190
11194
11204
11216
11217
11218
11219
11220
11221
11222
11223
11224
11225
11226
11227
11228
11229
11230
11231
11232
11233
11270
11400
11401
11402
11403
11404
11405
11406
11413
11414
11425
11426
11439
11477
11484
11512
11545
11578
11606
11632
11640
11649
11747
11886
12060
12100
12104
12150
12325
12358
12499
12587
12591
12622
12671
12676
12677
12678
12680
12682
12705
12716
12747
12876
12914
12919
12950
12953
12960
13068
13097
13113
13205
13212
13239
13267
13281
13291
13419
13427
13517
13606
13629
13684
13685
13687
13688
13689
13690
13691
13718
13816
13824
13841
13997
14000
14032
14133
14383
14646
14652
14664
14720
14725
14901
14990
15065
15072
15086
15097
15132
15135
15153
15180
15191
15249
15278
15287
15340
15463
15557
15668
15714
15739
15847
15920
16035
16112
16220
16227
16241
16394
16494
16504
16524
16605
16609
16792
16829
17122
17136
17430
17490
17515
17821
17887
17934
17972
17988
18071
18104
18105
18106
18107
18108
18109
18110
18111
18112
18113
18114
18115
18116
18117
18118
18119
18120
18121
18122
18123
18124
18125
18126
18127
18128
18129
18130
18131
18132
18133
18134
18135
18136
18137
18138
18139
18140
18141
18142
18143
18144
18145
18146
18263
18275
18328
18399
18400
18526
18553
18591
