0
3
6
7
8
9
10
16
17
23
26
28
29
31
32
36
37
38
39
42
54
55
56
57
58
59
60
62
68
70
71
72
74
77
78
79
83
84
86
87
88
89
90
91
92
93
95
96
97
99
101
105
107
108
114
115
116
117
119
122
123
124
125
126
128
130
131
132
136
137
140
141
142
145
147
151
152
153
155
156
157
159
162
163
164
167
168
170
177
178
180
181
182
183
187
188
189
191
193
194
195
196
197
200
201
204
205
206
207
208
210
211
216
217
224
226
227
230
233
237
239
242
244
247
248
250
258
260
264
268
270
272
275
278
279
280
281
283
287
288
289
295
296
297
303
304
305
308
313
317
320
321
322
323
333
337
344
345
347
348
349
352
355
356
357
360
368
371
372
375
376
377
378
379
380
383
387
388
389
392
394
397
403
406
409
410
411
418
419
422
423
424
425
426
427
428
430
431
432
436
438
439
441
443
445
447
449
450
451
452
454
456
457
458
463
464
465
471
473
474
477
479
483
485
490
491
498
500
501
504
505
506
508
509
510
513
514
517
519
522
525
526
531
533
535
538
539
540
546
548
549
552
553
554
555
558
561
563
566
569
576
579
582
585
587
593
594
597
601
602
604
609
610
612
614
615
619
625
626
628
631
632
634
635
638
639
640
645
646
651
652
656
659
664
665
666
668
670
671
672
673
674
678
679
680
681
682
684
685
689
693
694
695
698
701
708
709
718
719
721
723
724
725
727
731
734
735
736
737
738
739
741
743
744
750
751
754
756
758
759
760
762
763
766
768
773
778
779
780
782
783
787
788
789
790
792
795
796
801
805
806
807
808
814
815
818
820
821
823
825
826
827
829
830
836
837
839
844
847
850
851
853
857
858
859
860
862
864
865
867
868
869
870
872
873
874
875
878
879
882
883
884
887
888
889
891
897
898
900
901
902
903
904
905
908
909
912
917
918
919
920
921
929
930
931
932
934
941
944
946
947
948
949
955
957
960
961
963
964
968
971
973
974
976
978
980
984
986
987
989
991
992
995
996
998
999
1004
1009
1013
1014
1016
1022
1024
1025
1029
1030
1037
1040
1043
1045
1052
1056
1061
1062
1066
1069
1071
1073
1074
1076
1077
1079
1081
1082
1083
1084
1085
1086
1091
1092
1097
1101
1103
1104
1106
1109
1111
1122
1123
1125
1129
1132
1133
1137
1138
1139
1143
1145
1146
1147
1148
1150
1153
1156
1158
1162
1165
1167
1169
1179
1181
1184
1188
1189
1194
1199
1202
1207
1209
1213
1215
1216
1220
1223
1226
1227
1228
1231
1237
1242
1245
1248
1250
1252
1265
1269
1272
1276
1278
1279
1280
1283
1285
1286
1287
1292
1297
1300
1304
1308
1312
1321
1323
1325
1331
1332
1333
1334
1335
1338
1340
1347
1348
1353
1355
1356
1358
1362
1372
1381
1382
1385
1386
1392
1400
1402
1404
1406
1409
1410
1419
1422
1435
1436
1439
1441
1442
1444
1445
1446
1451
1455
1459
1463
1464
1465
1466
1473
1474
1479
1480
1481
1485
1493
1495
1498
1500
1501
1503
1504
1505
1508
1516
1518
1527
1551
1552
1554
1556
1559
1560
1563
1566
1568
1571
1572
1577
1579
1580
1589
1592
1593
1595
1596
1599
1602
1607
1610
1611
1616
1618
1620
1622
1623
1624
1627
1633
1638
1640
1647
1654
1655
1661
1663
1666
1670
1672
1679
1680
1683
1686
1693
1694
1695
1696
1697
1705
1709
1712
1716
1720
1726
1727
1728
1729
1741
1744
1746
1747
1748
1762
1764
1768
1771
1772
1773
1778
1781
1788
1789
1791
1792
1794
1798
1801
1809
1810
1813
1818
1830
1832
1835
1841
1850
1852
1853
1856
1859
1867
1868
1870
1877
1880
1886
1902
1911
1918
1924
1927
1929
1938
1939
1940
1942
1943
1946
1947
1948
1950
1957
1960
1967
1968
1969
1972
1980
1981
1982
1991
1996
1997
2004
2008
2009
2011
2012
2015
2016
2019
2026
2027
2028
2031
2036
2037
2039
2041
2043
2047
2049
2052
2053
2055
2056
2060
2067
2070
2075
2076
2085
2092
2098
2099
2105
2109
2114
2118
2127
2129
2132
2137
2141
2146
2155
2157
2159
2160
2165
2167
2168
2174
2176
2177
2178
2190
2191
2192
2193
2194
2195
2196
2197
2199
2205
2208
2209
2211
2225
2229
2232
2238
2239
2242
2246
2247
2251
2252
2254
2255
2260
2262
2268
2293
2296
2300
2301
2306
2310
2311
2320
2322
2323
2336
2337
2338
2343
2354
2361
2362
2363
2364
2366
2367
2369
2373
2378
2379
2385
2388
2392
2399
2403
2406
2407
2408
2412
2416
2418
2424
2432
2435
2438
2443
2448
2450
2453
2455
2458
2460
2463
2464
2484
2489
2491
2492
2493
2494
2497
2499
2501
2503
2505
2508
2509
2511
2513
2514
2517
2518
2521
2522
2528
2529
2531
2536
2539
2540
2545
2547
2548
2549
2552
2553
2556
2559
2561
2562
2567
2569
2571
2574
2581
2582
2586
2587
2590
2592
2593
2597
2598
2604
2605
2606
2607
2608
2609
2610
2615
2622
2624
2625
2628
2629
2633
2634
2637
2641
2644
2645
2646
2648
2649
2650
2651
2653
2656
2657
2659
2662
2663
2665
2666
2669
2670
2671
2674
2678
2680
2681
2682
2684
2685
2688
2691
2692
2698
2702
2703
2707
2710
2715
2720
2722
2725
2729
2732
2733
2734
2738
2739
2746
2747
2748
2750
2754
2755
2759
2761
2762
2763
2766
2771
2772
2774
2775
2777
2778
2782
2784
2786
2787
2790
2792
2793
2795
2796
2798
2802
2803
2807
2811
2813
2816
2819
2829
2830
2832
2840
2843
2844
2846
2848
2852
2853
2854
2855
2857
2859
2862
2864
2865
2868
2869
2871
2874
2879
2885
2887
2889
2893
2897
2898
2899
2901
2902
2903
2904
2905
2906
2914
2915
2916
2921
2922
2928
2931
2932
2933
2941
2943
2945
2950
2951
2952
2953
2954
2955
2963
2970
2971
2973
2976
2980
2983
2987
2988
2991
2992
2994
2997
2999
3001
3002
3007
3008
3016
3017
3018
3020
3021
3030
3032
3033
3039
3044
3046
3049
3050
3051
3053
3056
3057
3058
3065
3069
3075
3079
3083
3084
3086
3091
3094
3095
3097
3099
3100
3104
3108
3110
3113
3114
3115
3116
3123
3124
3128
3132
3133
3135
3139
3144
3146
3148
3150
3151
3153
3156
3158
3160
3161
3163
3164
3165
3166
3168
3169
3170
3171
3172
3174
3178
3182
3183
3184
3185
3186
3188
3190
3194
3195
3197
3200
3201
3203
3206
3212
3216
3217
3223
3226
3227
3228
3232
3234
3240
3242
3249
3250
3253
3254
3256
3261
3264
3267
3272
3275
3278
3279
3286
3289
3292
3295
3296
3298
3301
3308
3309
3311
3313
3315
3316
3322
3323
3324
3325
3328
3330
3331
3336
3341
3345
3346
3347
3349
3350
3353
3356
3357
3367
3368
3369
3370
3372
3373
3375
3376
3382
3383
3384
3387
3398
3399
3403
3404
3405
3408
3410
3412
3413
3415
3416
3419
3421
3424
3426
3428
3431
3432
3434
3435
3437
3443
3445
3448
3450
3451
3452
3453
3454
3455
3457
3459
3461
3462
3463
3464
3465
3466
3470
3472
3474
3476
3478
3479
3482
3485
3486
3489
3493
3495
3504
3506
3509
3510
3520
3523
3524
3525
3526
3528
3529
3532
3534
3538
3539
3544
3545
3548
3549
3553
3554
3556
3558
3559
3560
3563
3565
3567
3568
3570
3571
3573
3574
3575
3578
3580
3582
3583
3584
3585
3589
3590
3596
3598
3599
3601
3603
3604
3605
3606
3607
3609
3611
3612
3613
3617
3618
3619
3620
3621
3622
3623
3624
3625
3626
3632
3633
3635
3637
3641
3646
3648
3651
3654
3655
3658
3662
3665
3668
3669
3670
3673
3676
3678
3679
3683
3691
3692
3695
3696
3698
3699
3700
3703
3705
3706
3707
3708
3709
3711
3713
3714
3716
3717
3718
3719
3720
3726
3727
3729
3731
3732
3733
3734
3739
3742
3745
3746
3752
3753
3756
3757
3758
3759
3760
3763
3766
3767
3769
3772
3776
3777
3782
3789
3791
3792
3795
3799
3800
3803
3806
3809
3813
3815
3816
3821
3822
3823
3825
3826
3827
3828
3829
3830
3831
3841
3844
3845
3847
3850
3851
3855
3856
3857
3858
3859
3860
3861
3862
3864
3865
3866
3867
3868
3869
3870
3879
3881
3884
3886
3887
3888
3897
3898
3899
3900
3901
3909
3913
3918
3919
3922
3923
3929
3930
3932
3935
3939
3941
3944
3945
3946
3947
3953
3955
3958
3961
3963
3976
3979
3981
3982
3989
3993
3994
3997
3998
4001
4004
4005
4006
4008
4012
4013
4016
4019
4022
4023
4027
4030
4032
4033
4034
4036
4042
4045
4046
4065
4071
4073
4074
4079
4082
4086
4090
4097
4098
4103
4104
4108
4111
4112
4113
4118
4124
4125
4127
4129
4136
4139
4140
4141
4143
4147
4148
4149
4150
4154
4155
4158
4159
4160
4164
4166
4172
4176
4179
4185
4188
4194
4197
4200
4201
4204
4205
4206
4207
4215
4219
4220
4221
4227
4229
4230
4231
4234
4237
4239
4250
4253
4256
4258
4264
4265
4266
4267
4270
4275
4276
4278
4282
4283
4290
4293
4294
4298
4300
4302
4303
4305
4311
4313
4316
4317
4321
4323
4324
4328
4330
4334
4337
4339
4346
4347
4350
4351
4352
4353
4359
4363
4364
4365
4368
4370
4380
4381
4382
4383
4384
4388
4389
4392
4393
4398
4402
4405
4406
4412
4420
4426
4430
4441
4444
4447
4449
4453
4454
4458
4465
4469
4470
4472
4474
4481
4482
4483
4486
4491
4492
4493
4495
4496
4497
4502
4509
4511
4513
4514
4519
4523
4532
4539
4543
4545
4546
4555
4556
4559
4560
4561
4562
4563
4569
4576
4578
4591
4597
4600
4601
4603
4605
4612
4618
4619
4622
4630
4632
4634
4635
4636
4640
4642
4645
4649
4650
4659
4667
4670
4676
4679
4685
4688
4694
4699
4702
4703
4705
4706
4707
4708
4710
4715
4716
4717
4726
4727
4728
4731
4734
4735
4743
4755
4757
4763
4765
4766
4770
4774
4779
4787
4789
4797
4799
4801
4803
4805
4806
4809
4812
4813
4814
4815
4817
4819
4830
4834
4840
4841
4849
4851
4856
4859
4863
4865
4868
4869
4873
4875
4876
4881
4883
4884
4886
4887
4888
4889
4890
4894
4898
4904
4906
4909
4910
4912
4913
4914
4919
4920
4927
4931
4932
4935
4936
4938
4940
4941
4942
4943
4944
4952
4953
4955
4957
4958
4959
4963
4967
4968
4969
4970
4971
4976
4979
4988
4991
4993
4994
4996
5002
5008
5011
5015
5019
5029
5035
5036
5039
5042
5045
5051
5052
5056
5063
5064
5068
5074
5075
5076
5081
5082
5084
5090
5092
5093
5097
5099
5101
5105
5110
5111
5114
5116
5118
5123
5124
5125
5131
5133
5136
5144
5148
5153
5157
5158
5160
5170
5172
5174
5176
5184
5188
5189
5193
5194
5195
5196
5204
5220
5222
5224
5228
5231
5233
5235
5236
5238
5243
5247
5250
5251
5252
5254
5255
5258
5263
5264
5268
5272
5273
5282
5294
5302
5305
5316
5321
5322
5323
5325
5326
5329
5330
5335
5338
5340
5342
5349
5354
5359
5361
5367
5369
5370
5372
5382
5383
5388
5397
5400
5405
5408
5409
5425
5428
5430
5431
5432
5435
5438
5439
5448
5450
5458
5460
5461
5464
5466
5470
5471
5472
5474
5477
5478
5479
5486
5487
5490
5491
5492
5499
5500
5502
5504
5511
5513
5515
5528
5530
5531
5536
5544
5550
5553
5557
5559
5560
5562
5564
5565
5566
5568
5571
5572
5579
5581
5584
5587
5590
5591
5592
5593
5601
5605
5606
5608
5611
5616
5625
5630
5632
5636
5639
5642
5643
5648
5649
5651
5652
5653
5657
5661
5669
5671
5673
5675
5677
5681
5682
5686
5688
5694
5697
5699
5700
5702
5703
5709
5710
5712
5714
5720
5721
5725
5726
5731
5734
5742
5743
5746
5750
5755
5760
5763
5768
5771
5773
5776
5778
5787
5790
5791
5794
5800
5810
5811
5817
5818
5826
5829
5831
5832
5833
5834
5835
5836
5837
5840
5843
5848
5850
5852
5853
5856
5858
5861
5866
5867
5869
5870
5875
5880
5881
5884
5891
5896
5897
5902
5907
5911
5914
5915
5920
5922
5923
5926
5927
5930
5945
5947
5952
5953
5955
5959
5960
5961
5968
5988
5989
5992
5995
6006
6011
6016
6022
6027
6028
6032
6036
6039
6040
6042
6044
6047
6049
6050
6051
6056
6057
6058
6066
6067
6074
6076
6077
6081
6084
6088
6090
6092
6093
6095
6103
6106
6108
6113
6114
6119
6121
6125
6126
6138
6139
6140
6142
6143
6144
6145
6146
6148
6155
6159
6161
6163
6171
6179
6185
6187
6202
6204
6207
6213
6214
6218
6219
6227
6230
6234
6235
6241
6242
6243
6246
6252
6253
6254
6261
6268
6272
6274
6275
6287
6289
6291
6294
6297
6299
6300
6303
6304
6305
6307
6308
6309
6313
6320
6321
6331
6339
6340
6344
6353
6357
6361
6364
6366
6368
6369
6370
6371
6373
6376
6383
6389
6391
6392
6393
6407
6412
6414
6416
6418
6419
6424
6425
6427
6433
6441
6457
6458
6461
6463
6468
6479
6480
6481
6487
6489
6491
6500
6503
6509
6515
6517
6528
6533
6536
6537
6543
6548
6552
6555
6556
6561
6564
6574
6576
6581
6585
6587
6589
6590
6594
6595
6596
6599
6602
6604
6612
6615
6621
6627
6630
6632
6634
6637
6642
6649
6653
6657
6662
6668
6669
6672
6675
6680
6683
6684
6687
6689
6693
6694
6697
6698
6700
6701
6703
6706
6710
6714
6718
6719
6722
6723
6724
6726
6730
6731
6735
6741
6742
6751
6755
6757
6761
6767
6772
6779
6786
6787
6788
6789
6791
6792
6796
6799
6800
6802
6807
6812
6813
6821
6832
6839
6840
6841
6842
6844
6846
6851
6852
6871
6878
6884
6885
6892
6894
6904
6909
6911
6922
6925
6926
6928
6934
6935
6944
6956
6957
6960
6965
6966
6970
6972
6977
6980
6989
6991
6994
7000
7005
7006
7018
7020
7034
7036
7037
7038
7039
7040
7049
7061
7064
7065
7068
7078
7079
7081
7083
7089
7093
7099
7112
7126
7130
7131
7132
7133
7143
7148
7154
7165
7167
7175
7176
7177
7178
7183
7186
7188
7191
7198
7203
7207
7208
7209
7210
7212
7213
7221
7223
7231
7232
7235
7239
7240
7242
7243
7245
7246
7256
7257
7259
7261
7268
7270
7271
7273
7276
7280
7284
7285
7292
7299
7302
7303
7310
7315
7317
7320
7333
7335
7340
7342
7345
7351
7352
7358
7362
7365
7366
7376
7377
7382
7384
7393
7405
7406
7407
7413
7416
7426
7443
7446
7449
7454
7457
7458
7460
7461
7462
7463
7468
7476
7478
7479
7480
7484
7488
7499
7508
7509
7513
7516
7517
7523
7525
7530
7532
7538
7542
7544
7546
7550
7551
7557
7558
7562
7564
7567
7570
7572
7573
7578
7588
7596
7602
7604
7605
7608
7612
7618
7619
7621
7622
7627
7628
7633
7636
7637
7640
7643
7645
7648
7654
7661
7662
7664
7665
7666
7670
7672
7676
7681
7687
7698
7700
7704
7705
7707
7708
7719
7724
7727
7739
7740
7746
7748
7749
7750
7751
7756
7759
7760
7761
7770
7773
7775
7779
7780
7785
7793
7797
7804
7807
7816
7817
7830
7833
7840
7844
7847
7848
7849
7851
7852
7855
7856
7857
7860
7862
7863
7865
7869
7870
7871
7880
7886
7887
7893
7896
7898
7902
7903
7906
7907
7913
7914
7915
7917
7924
7925
7928
7930
7932
7940
7942
7944
7946
7950
7952
7953
7956
7958
7964
7965
7969
7971
7972
7976
7980
7981
7982
8017
8024
8035
8039
8041
8045
8047
8049
8054
8058
8060
8064
8066
8071
8074
8075
8076
8078
8079
8080
8081
8084
8087
8090
8102
8105
8115
8118
8119
8129
8131
8141
8150
8153
8155
8161
8169
8170
8180
8192
8194
8199
8208
8209
8215
8221
8228
8229
8233
8236
8246
8248
8251
8253
8265
8271
8274
8276
8279
8281
8287
8313
8314
8318
8320
8332
8333
8335
8336
8337
8338
8341
8342
8343
8345
8346
8347
8348
8349
8354
8356
8359
8360
8365
8366
8376
8382
8384
8388
8397
8404
8410
8412
8417
8418
8428
8434
8437
8445
8448
8449
8458
8459
8460
8462
8469
8471
8472
8478
8480
8488
8493
8502
8506
8508
8518
8533
8537
8544
8547
8550
8564
8567
8568
8569
8571
8572
8575
8578
8584
8587
8590
8594
8603
8606
8608
8610
8613
8614
8616
8621
8630
8635
8640
8647
8648
8654
8659
8676
8684
8685
8699
8705
8719
8723
8732
8733
8737
8742
8752
8753
8755
8758
8760
8764
8769
8772
8773
8774
8775
8780
8785
8786
8787
8789
8792
8797
8800
8802
8803
8809
8811
8814
8816
8818
8822
8826
8828
8829
8831
8834
8847
8849
8856
8860
8863
8865
8866
8868
8870
8877
8880
8884
8900
8914
8916
8917
8921
8922
8938
8943
8944
8946
8955
8965
8968
8979
8981
8986
8991
8992
8999
9003
9007
9008
9011
9013
9023
9024
9030
9037
9039
9040
9044
9049
9056
9063
9066
9076
9078
9081
9083
9089
9090
9094
9095
9096
9098
9105
9110
9122
9124
9131
9137
9140
9142
9148
9149
9153
9157
9165
9169
9170
9173
9174
9176
9177
9179
9180
9182
9184
9185
9191
9196
9198
9199
9203
9206
9207
9208
9213
9214
9217
9219
9220
9222
9224
9239
9240
9241
9242
9244
9248
9251
9252
9254
9261
9262
9263
9266
9267
9269
9270
9271
9272
9277
9278
9279
9281
9282
9283
9286
9289
9290
9291
9299
9314
9315
9320
9322
9325
9326
9336
9337
9339
9344
9352
9353
9363
9364
9374
9383
9384
9385
9389
9393
9396
9418
9420
9429
9435
9438
9439
9445
9446
9447
9448
9451
9453
9460
9462
9476
9481
9483
9485
9487
9491
9497
9498
9499
9503
9504
9507
9523
9524
9529
9532
9533
9537
9539
9540
9543
9544
9549
9550
9551
9552
9554
9558
9560
9561
9563
9565
9567
9568
9569
9570
9575
9577
9579
9593
9600
9603
9606
9608
9615
9616
9618
9619
9626
9629
9637
9640
9649
9652
9653
9655
9661
9668
9670
9677
9681
9682
9687
9693
9694
9695
9699
9702
9715
9717
9718
9722
9724
9728
9735
9747
9758
9759
9766
9768
9769
9776
9785
9802
9804
9810
9813
9815
9819
9820
9833
9845
9850
9857
9860
9863
9877
9881
9884
9886
9895
9907
9908
9911
9915
9919
9920
9940
9942
9949
9950
9952
9955
9964
9980
9986
9987
9994
9995
10013
10018
10019
10032
10034
10037
10044
10063
10064
10081
10088
10129
10130
10132
10145
10151
10154
10157
10164
10173
10180
10187
10188
10189
10193
10200
10201
10218
10227
10232
10233
10245
10249
10256
10268
10275
10282
10298
10301
10317
10326
10332
10334
10339
10358
10368
10390
10399
10406
10409
10413
10433
10434
10439
10460
10479
10480
10490
10494
10495
10533
10543
10544
10558
10560
10562
10573
10583
10585
10595
10600
10605
10619
10627
10661
10667
10674
10695
10700
10702
10728
10731
10733
10741
10745
10751
10759
10767
10771
10772
10773
10775
10776
10779
10783
10786
10788
10791
10799
10804
10807
10808
10812
10815
10823
10824
10826
10827
10833
10857
10867
10872
10878
10879
10889
10892
10897
10898
10908
10912
10938
10941
10942
10945
10950
10964
10969
10972
10995
11005
11006
11009
11016
11021
11032
11040
11047
11062
11063
11068
11079
11082
11085
11090
11107
11115
11116
11123
11125
11126
11127
11143
11144
11151
11153
11154
11157
11159
11160
11163
11165
11166
11168
11181
11182
11194
11197
11204
11210
11218
11221
11238
11240
11251
11252
11270
11285
11289
11299
11312
11317
11331
11341
11351
11352
11367
11377
11392
11393
11400
11401
11402
11404
11410
11413
11414
11417
11422
11439
11442
11448
11464
11469
11480
11484
11497
11500
11503
11508
11511
11512
11513
11523
11535
11541
11543
11547
11549
11554
11561
11565
11568
11570
11574
11587
11589
11590
11597
11603
11605
11607
11619
11640
11643
11648
11654
11655
11662
11672
11679
11683
11685
11691
11704
11717
11719
11731
11736
11761
11765
11774
11776
11792
11813
11814
11821
11824
11829
11844
11847
11856
11863
11890
11903
11908
11926
11940
11963
11971
11973
11976
11978
11980
11995
12003
12009
12018
12044
12062
12077
12087
12100
12104
12111
12117
12121
12122
12124
12127
12132
12134
12135
12137
12139
12141
12144
12146
12150
12155
12157
12158
12164
12167
12175
12189
12190
12207
12218
12225
12227
12235
12236
12247
12248
12252
12257
12259
12275
12277
12281
12293
12297
12303
12309
12310
12319
12321
12331
12339
12353
12355
12359
12368
12374
12378
12387
12390
12392
12405
12419
12431
12436
12438
12442
12445
12449
12460
12499
12505
12512
12521
12526
12527
12531
12548
12554
12555
12560
12566
12567
12568
12625
12645
12658
12664
12672
12676
12677
12680
12691
12699
12705
12707
12726
12741
12744
12792
12800
12803
12805
12810
12833
12859
12868
12876
12879
12905
12917
12921
12923
12925
12930
12933
12935
12952
12954
12965
12968
12975
12995
13012
13017
13051
13061
13064
13068
13076
13080
13085
13097
13103
13109
13141
13144
13150
13158
13162
13167
13177
13193
13203
13209
13215
13217
13227
13231
13247
13250
13252
13255
13257
13263
13267
13282
13286
13298
13301
13306
13318
13322
13327
13329
13330
13332
13337
13339
13341
13352
13354
13368
13373
13397
13419
13421
13429
13431
13455
13491
13496
13538
13545
13556
13559
13567
13570
13572
13573
13577
13578
13579
13584
13591
13600
13604
13612
13628
13656
13663
13674
13685
13687
13688
13689
13691
13711
13713
13724
13745
13755
13763
13768
13770
13780
13789
13799
13811
13817
13820
13844
13848
13854
13857
13858
13869
13873
13877
13884
13917
13929
13938
13942
13947
13952
13967
13972
13980
13981
13990
13994
14000
14005
14007
14014
14015
14029
14047
14049
14052
14056
14109
14117
14121
14123
14130
14131
14133
14157
14159
14168
14173
14174
14223
14244
14263
14275
14281
14289
14293
14334
14337
14392
14400
14405
14443
14447
14516
14558
14559
14564
14575
14581
14590
14594
14613
14615
14619
14627
14628
14643
14646
14648
14658
14659
14664
14665
14666
14671
14690
14694
14703
14714
14716
14720
14722
14726
14727
14729
14734
14754
14765
14766
14767
14776
14780
14792
14796
14798
14801
14812
14825
14829
14838
14850
14873
14877
14878
14880
14890
14891
14901
14929
14935
14944
14946
14954
14955
14968
14978
14984
14988
15000
15001
15019
15020
15034
15040
15051
15052
15086
15093
15095
15101
15110
15116
15129
15135
15136
15146
15148
15153
15154
15159
15170
15179
15180
15187
15210
15214
15216
15226
15229
15242
15249
15252
15263
15273
15275
15278
15293
15294
15317
15329
15336
15340
15342
15348
15384
15388
15389
15392
15395
15400
15417
15421
15429
15443
15444
15462
15463
15474
15500
15529
15530
15576
15581
15596
15605
15610
15624
15642
15652
15657
15663
15668
15709
15739
15754
15771
15780
15825
15847
15859
15865
15867
15870
15883
15887
15895
15934
15948
15961
15973
15981
16000
16035
16042
16056
16063
16078
16117
16118
16133
16152
16160
16162
16167
16170
16173
16203
16227
16228
16269
16276
16299
16311
16320
16350
16353
16356
16357
16371
16373
16375
16377
16399
16405
16419
16421
16424
16427
16429
16438
16458
16464
16488
16494
16496
16498
16504
16524
16525
16536
16546
16560
16568
16572
16578
16605
16639
16643
16646
16664
16694
16753
16758
16768
16771
16792
16808
16811
16813
16829
17038
17072
17081
17097
17104
17122
17132
17141
17153
17155
17165
17169
17248
17250
17251
17256
17257
17267
17269
17280
17286
17288
17294
17297
17301
17304
17305
17307
17308
17310
17314
17322
17334
17357
17381
17410
17430
17446
17493
17497
17515
17521
17554
17566
17570
17575
17576
17581
17630
17633
17681
17715
17748
17768
17769
17783
17787
17801
17816
17821
17829
17844
17877
17878
17887
17895
17905
17931
17934
17945
17967
18052
18056
18057
18060
18061
18065
18075
18080
18081
18087
18089
18093
18104
18105
18106
18107
18108
18109
18110
18111
18114
18116
18118
18120
18121
18123
18124
18126
18129
18130
18131
18132
18133
18135
18136
18137
18139
18140
18142
18143
18156
18177
18181
18184
18185
18187
18204
18207
18210
18213
18216
18217
18218
18220
18221
18223
18224
18227
18230
18235
18237
18240
18241
18242
18256
18261
18263
18294
18296
18298
18304
18316
18318
18320
18321
18338
18339
18344
18348
18349
18350
18351
18352
18355
18356
18366
18375
18380
18391
18401
18406
18433
18453
18465
18469
18503
18514
18517
18543
18603
18649
18668
18677
18701
18709
18716
18718
18751
18759
18785
18800
18845
18861
18867
18874
18920
18938
18965
18984
18986
18994
18996
19042
19084
19088
19124
19134
19158
19189
19247
19256
19292
19499
19682
19757
19929
