1
8
9
39
51
54
67
68
82
87
101
103
111
112
114
119
125
126
128
134
138
145
152
159
183
185
194
198
203
207
217
224
226
227
228
229
230
253
265
270
277
278
284
287
288
297
304
305
313
319
322
347
349
351
352
360
368
427
431
432
436
438
441
445
449
454
466
471
483
505
506
513
532
537
538
541
546
552
554
555
569
571
572
576
596
602
628
663
666
688
701
706
721
734
736
737
746
755
768
770
771
782
795
796
805
807
810
818
819
820
837
843
844
845
846
868
869
870
880
883
887
888
891
894
895
897
898
936
1024
1043
1057
1061
1077
1088
1102
1113
1129
1156
1174
1179
1202
1210
1243
1244
1255
1265
1286
1287
1327
1331
1332
1353
1461
1465
1479
1480
1482
1485
1495
1505
1507
1560
1576
1578
1580
1581
1596
1622
1633
1640
1648
1655
1687
1709
1723
1748
1758
1788
1792
1795
1822
1835
1903
1925
1929
1947
1956
2009
2033
2052
2064
2074
2090
2098
2099
2101
2130
2136
2209
2225
2281
2282
2306
2309
2328
2336
2364
2367
2369
2393
2434
2450
2457
2499
2511
2516
2523
2564
2583
2590
2593
2604
2608
2615
2627
2628
2676
2722
2731
2733
2765
2784
2787
2790
2793
2813
2832
2838
2856
2863
2868
2871
2877
2878
2893
2957
2958
2960
2970
2977
2987
2988
3078
3122
3156
3174
3184
3214
3216
3265
3268
3271
3281
3296
3331
3375
3450
3452
3454
3456
3457
3458
3477
3479
3483
3504
3511
3525
3549
3564
3576
3593
3594
3595
3596
3604
3607
3614
3619
3630
3632
3651
3658
3660
3664
3669
3683
3717
3737
3744
3746
3749
3764
3766
3767
3777
3815
3825
3826
3827
3828
3829
3896
3921
3927
3929
3952
3953
3961
3965
3996
4005
4006
4023
4034
4082
4098
4125
4136
4148
4153
4164
4165
4172
4180
4181
4182
4183
4184
4215
4217
4241
4265
4316
4352
4366
4390
4391
4430
4444
4445
4474
4486
4512
4540
4543
4545
4595
4618
4685
4699
4702
4788
4823
4840
4866
4876
4957
4979
4984
4994
5051
5067
5081
5198
5205
5235
5244
5280
5294
5326
5350
5396
5400
5419
5504
5514
5550
5551
5557
5577
5618
5623
5631
5641
5722
5730
5736
5745
5750
5811
5815
5884
5949
5952
5966
5987
5999
6021
6039
6057
6083
6093
6104
6120
6157
6219
6289
6321
6331
6333
6338
6363
6366
6367
6371
6457
6531
6532
6664
6683
6728
6740
6778
6850
6869
6906
6935
6938
6939
6985
6986
7018
7056
7060
7112
7148
7155
7224
7246
7378
7382
7401
7444
7461
7487
7496
7532
7533
7540
7551
7552
7573
7574
7578
7586
7610
7611
7612
7641
7727
7749
7779
7815
7819
7841
7854
7858
7863
7906
7971
8074
8278
8352
8353
8355
8356
8357
8358
8359
8360
8361
8362
8363
8364
8365
8401
8455
8471
8472
8580
8733
8739
8760
8895
8905
8917
8997
9007
9049
9054
9066
9085
9090
9137
9138
9202
9366
9445
9551
9582
9694
9695
9698
9757
9805
9817
9832
9835
9911
9920
9953
9960
10219
10234
10305
10352
10406
10434
10438
10692
10833
10881
11064
11395
11404
11426
11454
11500
11526
11955
11994
11998
12140
12230
12231
12275
12515
12518
12538
12544
12664
12702
13059
13117
13171
13267
13667
13703
13796
13840
14003
14304
14312
14610
14653
14783
14784
14827
14939
14952
14996
15014
15272
15639
15735
15949
16062
16085
16405
16492
16524
17559
17858
19285
