7
8
16
17
54
67
68
74
82
86
87
89
101
108
112
118
124
128
130
138
146
152
172
175
180
187
188
213
214
216
217
237
239
268
278
322
326
341
347
427
438
439
511
513
516
535
536
546
548
552
553
610
663
665
672
673
674
696
720
725
736
738
739
775
779
795
798
806
832
837
864
917
920
921
950
964
981
996
1013
1023
1024
1069
1077
1104
1161
1169
1171
1186
1191
1198
1207
1209
1210
1213
1227
1275
1312
1329
1331
1362
1398
1404
1418
1457
1458
1477
1495
1513
1567
1587
1598
1622
1630
1644
1651
1670
1739
1760
1761
1764
1766
1770
1788
1789
1792
1795
1809
1811
1820
1850
1853
1870
1875
1894
1896
1902
1903
1947
1977
1980
1984
1986
2008
2024
2035
2037
2041
2043
2080
2086
2089
2090
2092
2100
2109
2197
2233
2290
2328
2354
2358
2402
2408
2463
2481
2493
2494
2501
2508
2521
2525
2559
2571
2582
2590
2615
2623
2624
2625
2648
2651
2659
2660
2661
2693
2696
2714
2725
2727
2733
2746
2747
2759
2765
2767
2775
2781
2784
2790
2803
2809
2824
2836
2861
2863
2878
2900
2904
2907
2908
2910
2918
2927
2937
2952
2962
2970
2973
2982
2983
2985
2986
2988
2998
3006
3011
3013
3025
3030
3032
3034
3049
3052
3083
3087
3088
3094
3099
3105
3132
3140
3157
3169
3172
3189
3199
3200
3204
3207
3214
3232
3264
3265
3285
3287
3292
3293
3296
3298
3301
3309
3310
3325
3330
3331
3340
3375
3388
3404
3417
3441
3443
3457
3458
3466
3483
3489
3497
3503
3504
3525
3532
3533
3543
3598
3604
3612
3623
3624
3646
3651
3682
3698
3699
3714
3718
3735
3738
3742
3746
3756
3759
3780
3795
3821
3839
3900
3924
3962
4034
4074
4075
4109
4112
4118
4129
4131
4134
4156
4157
4165
4171
4200
4212
4220
4270
4311
4316
4347
4359
4396
4402
4405
4413
4430
4438
4443
4455
4470
4490
4491
4546
4549
4618
4635
4666
4670
4690
4726
4748
4755
4765
4790
4798
4816
4825
4847
4851
4881
4882
4894
4909
4912
4913
4942
4943
4946
4998
5011
5084
5102
5114
5124
5157
5167
5169
5220
5234
5243
5265
5273
5280
5293
5306
5316
5326
5369
5382
5399
5429
5460
5497
5522
5531
5587
5648
5747
5765
5768
5784
5842
5868
5884
5903
5911
5942
6031
6039
6086
6093
6140
6144
6150
6267
6282
6321
6329
6331
6401
6412
6426
6479
6493
6559
6564
6587
6646
6689
6696
6703
6729
6757
6801
6833
6892
6910
7037
7040
7086
7117
7152
7175
7176
7209
7210
7282
7360
7397
7454
7463
7465
7466
7470
7476
7494
7519
7532
7533
7538
7562
7569
7592
7608
7609
7614
7631
7641
7666
7677
7702
7704
7707
7713
7727
7749
7756
7761
7767
7768
7774
7776
7782
7819
7821
7828
7832
7854
7869
7906
7983
8004
8017
8021
8065
8067
8074
8077
8080
8088
8131
8147
8189
8199
8200
8307
8314
8343
8366
8368
8373
8429
8455
8460
8472
8506
8508
8579
8587
8590
8652
8676
8733
8745
8781
8785
8787
8791
8808
8842
8857
8890
8896
8910
8917
9005
9008
9021
9036
9045
9052
9054
9066
9079
9085
9090
9092
9094
9095
9096
9124
9126
9157
9178
9180
9199
9207
9210
9222
9224
9227
9228
9229
9239
9240
9245
9257
9295
9316
9325
9334
9353
9378
9489
9543
9630
9650
9671
9681
9694
9709
9744
9749
9751
9752
9798
9815
9816
9833
9847
9872
9916
9919
9990
9995
10052
10062
10063
10066
10073
10161
10193
10257
10266
10355
10387
10395
10542
10565
10576
10610
10695
10717
10751
10784
10785
10796
10804
10869
10892
10912
10913
10914
10915
10916
10917
10918
10964
11000
11010
11015
11060
11159
11160
11164
11165
11169
11170
11195
11204
11210
11243
11314
11418
11460
11563
11564
11570
11571
11574
11590
11597
11605
11643
11679
11837
11856
11873
11923
11928
11944
12077
12083
12086
12123
12135
12136
12139
12142
12148
12170
12172
12173
12182
12206
12210
12229
12239
12247
12280
12406
12538
12679
12692
12788
12921
13209
13448
13455
13581
13647
13739
13789
13854
13870
14047
14117
14362
14552
14557
14589
14645
14663
14664
14878
14973
15089
15172
15226
15234
15238
15243
15298
15514
15518
15742
15782
16152
16153
16156
16206
16276
16357
16402
16405
16504
16517
16542
16570
16656
16662
16705
16796
16830
16832
17133
17968
18351
