3
4
9
10
17
20
23
26
28
29
48
54
56
71
72
74
82
87
88
97
98
99
101
106
113
118
119
122
123
124
127
130
131
134
138
140
142
147
167
168
172
173
176
177
193
203
205
206
207
208
210
215
216
221
222
229
230
236
270
273
276
278
279
287
288
289
297
300
306
307
308
313
321
322
328
333
344
349
351
352
356
357
360
362
363
366
403
427
428
430
431
432
433
436
438
441
444
445
446
448
464
474
477
482
483
488
494
519
538
540
546
551
569
585
596
597
608
628
632
650
658
659
665
671
684
688
693
700
721
736
748
749
753
768
769
773
775
780
781
798
806
813
819
829
830
856
860
869
870
871
873
877
918
930
932
938
940
941
943
947
952
976
978
980
999
1009
1030
1031
1033
1036
1038
1040
1082
1083
1084
1085
1086
1089
1092
1145
1156
1181
1184
1209
1219
1245
1321
1387
1407
1435
1454
1477
1495
1544
1563
1580
1589
1596
1628
1629
1644
1674
1683
1714
1747
1757
1760
1788
1887
1950
1956
1969
2009
2088
2092
2130
2131
2232
2344
2364
2407
2408
2434
2448
2464
2511
2526
2536
2563
2566
2567
2568
2582
2583
2593
2598
2599
2608
2609
2610
2616
2622
2625
2628
2636
2645
2709
2722
2746
2792
2793
2857
2868
2896
2915
2927
2940
2943
2960
2980
2989
2998
3073
3092
3094
3116
3130
3171
3174
3192
3214
3242
3245
3254
3255
3271
3285
3361
3420
3439
3450
3451
3466
3473
3474
3475
3476
3480
3483
3504
3534
3538
3543
3544
3548
3550
3552
3556
3565
3577
3581
3590
3594
3597
3602
3604
3608
3610
3613
3623
3624
3625
3626
3630
3658
3660
3676
3683
3690
3693
3697
3702
3703
3704
3705
3706
3707
3708
3719
3725
3729
3732
3733
3734
3739
3740
3742
3747
3749
3782
3799
3800
3825
3826
3827
3828
3829
3871
3921
3923
3931
3932
3953
3958
3961
3997
4000
4005
4013
4017
4019
4020
4040
4046
4052
4053
4054
4079
4087
4103
4104
4111
4119
4120
4122
4136
4153
4154
4155
4184
4191
4199
4205
4212
4215
4218
4219
4224
4237
4238
4240
4250
4274
4275
4276
4277
4278
4293
4298
4299
4300
4308
4309
4310
4336
4350
4351
4352
4353
4388
4389
4390
4392
4393
4404
4408
4425
4426
4427
4441
4446
4447
4469
4470
4518
4533
4543
4544
4545
4559
4560
4561
4562
4568
4573
4574
4581
4597
4604
4632
4636
4645
4651
4652
4663
4668
4699
4702
4724
4728
4756
4770
4774
4798
4802
4817
4843
4847
4882
4888
4895
4896
4909
4912
4915
4919
4920
4940
4941
4955
4992
4997
5009
5037
5041
5045
5052
5064
5097
5099
5250
5292
5335
5361
5381
5387
5396
5418
5428
5464
5475
5507
5521
5526
5534
5566
5567
5573
5574
5575
5576
5577
5579
5580
5581
5585
5591
5592
5598
5600
5601
5605
5606
5618
5624
5631
5636
5650
5653
5654
5656
5657
5660
5679
5681
5686
5718
5719
5724
5729
5730
5743
5755
5759
5773
5778
5779
5783
5784
5804
5810
5812
5816
5828
5850
5853
5855
5856
5858
5859
5873
5881
5882
5885
5886
5887
5903
5904
5917
5922
5923
5926
5927
5928
5933
5936
5945
5947
5953
5959
5966
5967
5985
5993
5999
6022
6033
6038
6039
6040
6049
6050
6056
6060
6061
6067
6076
6104
6106
6126
6137
6138
6139
6140
6143
6157
6158
6169
6170
6194
6196
6212
6213
6214
6219
6220
6241
6243
6246
6250
6251
6252
6253
6254
6261
6262
6263
6272
6274
6275
6276
6277
6298
6304
6309
6317
6337
6341
6363
6366
6367
6368
6372
6400
6414
6415
6416
6418
6427
6455
6480
6481
6491
6492
6507
6508
6544
6545
6546
6576
6585
6586
6588
6592
6600
6609
6612
6628
6653
6654
6661
6671
6672
6687
6701
6702
6722
6723
6730
6731
6733
6757
6761
6762
6772
6809
6813
6821
6834
6841
6844
6877
6883
6884
6891
6894
6903
6907
6926
6933
6934
6935
6937
6938
6943
6954
6955
6957
6967
6968
6990
6991
7009
7037
7040
7044
7048
7061
7064
7068
7097
7112
7131
7133
7134
7135
7136
7201
7241
7242
7243
7244
7245
7249
7256
7257
7260
7268
7279
7290
7296
7324
7343
7349
7359
7366
7385
7401
7409
7428
7475
7512
7533
7551
7557
7558
7608
7689
7691
7735
7947
8338
8357
8358
8360
8461
8469
8471
8567
8612
8652
8742
8764
8820
8917
9054
9078
9109
9131
9135
9140
9297
9307
9337
9429
9485
9488
9499
9532
9639
9682
9694
9757
9776
9801
9802
9818
9850
9859
9886
9908
10029
10065
10123
10222
10275
10303
10317
10348
10358
10413
10595
10704
10753
10758
10759
10769
10791
10814
10872
10903
11323
11417
11425
11426
11439
11484
11490
11529
11541
11578
11632
11640
11747
11751
11886
11978
11980
11983
12042
12060
12062
12083
12100
12104
12129
12325
12328
12358
12501
12579
12587
12705
12743
12761
12800
12876
12914
12919
12923
12960
12972
13019
13068
13106
13155
13181
13205
13239
13267
13281
13291
13306
13313
13317
13419
13421
13426
13462
13511
13512
13514
13517
13629
13718
13776
13792
13812
13813
13824
13870
13899
13997
14000
14117
14123
14133
14174
14192
14205
14383
14427
14615
14646
14720
14832
14901
15072
15086
15097
15108
15135
15153
15180
15191
15243
15249
15278
15287
15344
15388
15444
15514
15515
15517
15557
15576
15668
15670
15709
15714
15739
15764
15825
15847
16019
16112
16170
16227
16241
16276
16344
16362
16421
16437
16494
16504
16524
16570
16596
16605
16609
16724
16739
16791
16792
16949
17097
17122
17134
17155
17313
17320
17430
17440
17467
17490
17515
17558
17559
17575
17576
17581
17801
17821
17887
17931
17934
17945
17972
17988
18104
18105
18106
18107
18108
18109
18110
18111
18112
18113
18114
18115
18116
18117
18118
18119
18120
18121
18122
18123
18124
18125
18126
18127
18128
18129
18130
18131
18132
18133
18134
18135
18136
18137
18138
18139
18140
18141
18142
18143
18144
18145
18146
18181
18182
18196
18210
18211
18212
18213
18214
18215
18216
18217
18218
18219
18220
18221
18222
18223
18224
18225
18226
18227
18228
18229
18230
18275
18328
18526
18553
19384
