0
2
3
5
7
8
9
10
11
15
16
17
18
21
22
23
24
26
27
28
29
30
31
33
34
35
36
39
41
42
48
50
51
52
53
54
55
56
57
58
59
60
61
62
63
65
67
68
69
70
71
72
74
75
76
77
78
79
81
82
83
84
85
86
87
88
89
90
91
92
93
94
95
96
97
98
99
100
101
103
106
107
108
109
110
111
112
113
114
115
116
117
118
119
120
122
123
124
125
126
127
128
129
130
131
132
134
135
136
137
138
140
141
142
145
146
147
148
149
150
152
153
154
155
156
157
159
162
163
165
166
167
168
169
170
171
172
173
175
176
177
178
179
180
181
182
183
185
186
187
188
189
191
193
194
195
196
197
198
199
200
201
203
204
205
206
207
208
209
210
211
212
213
214
215
216
217
218
219
221
222
223
224
225
226
227
228
229
230
233
234
236
237
239
240
241
242
244
246
247
248
253
254
255
256
258
260
262
263
264
265
266
268
270
271
272
273
275
276
277
278
279
281
282
283
284
285
287
288
289
290
292
293
295
296
297
298
300
302
303
304
305
306
307
308
309
310
312
313
314
315
318
319
321
322
323
325
326
327
328
329
330
336
337
339
340
342
343
344
345
346
347
349
350
351
352
353
354
355
356
357
358
359
360
361
362
363
366
367
368
369
370
371
374
375
376
377
378
379
380
383
384
385
386
387
388
389
393
394
395
399
400
401
402
403
407
408
409
410
412
413
416
417
418
419
420
421
423
424
425
426
427
428
429
430
431
432
436
438
439
440
441
442
443
444
445
446
448
449
450
451
452
453
454
457
460
463
464
465
466
468
470
471
474
475
477
479
480
481
482
483
484
487
490
491
492
494
495
501
503
504
505
506
507
508
509
510
512
513
514
515
517
518
519
521
522
525
526
527
529
530
531
532
533
535
536
537
538
540
541
542
543
546
549
550
551
552
553
554
555
556
558
559
561
563
565
566
567
568
569
570
571
573
574
575
576
577
579
581
582
583
585
587
590
591
592
593
594
596
597
598
599
600
601
603
604
606
607
608
609
610
611
612
613
615
616
619
620
622
624
625
628
631
632
633
634
635
637
638
639
640
644
645
646
648
650
651
652
654
658
662
663
664
665
666
667
670
671
672
673
674
677
678
679
680
681
682
684
685
686
687
688
689
690
692
693
694
695
696
697
698
700
701
702
706
707
708
709
710
711
714
717
718
719
720
721
722
723
724
725
726
727
728
729
730
731
734
735
736
737
738
739
740
741
743
744
746
749
750
751
752
753
754
755
756
757
759
760
763
765
768
769
770
771
772
773
774
775
776
777
778
779
780
781
782
783
784
785
786
787
788
790
792
793
795
796
797
798
799
801
804
805
806
807
809
810
811
812
813
814
815
816
817
818
819
820
821
822
823
824
825
826
827
829
830
832
836
837
838
839
841
842
843
844
845
846
848
849
850
851
853
854
855
856
857
858
859
860
862
863
864
865
867
868
869
870
871
872
873
875
876
878
879
880
882
883
884
885
886
887
888
889
890
891
892
894
895
897
898
900
901
902
903
904
906
908
909
912
913
917
918
920
921
922
923
924
926
927
928
929
930
931
934
935
936
940
941
943
944
946
947
948
949
950
952
954
956
957
958
960
961
963
965
966
967
969
971
972
973
974
975
976
978
979
980
981
982
983
984
986
987
989
990
991
992
996
997
1004
1005
1006
1009
1011
1013
1014
1016
1018
1019
1023
1024
1025
1028
1029
1030
1031
1033
1034
1036
1038
1039
1040
1041
1042
1043
1044
1046
1050
1051
1055
1056
1057
1060
1061
1062
1063
1064
1065
1066
1067
1068
1069
1070
1071
1074
1076
1077
1078
1079
1081
1082
1083
1084
1085
1086
1090
1091
1092
1093
1098
1101
1103
1104
1105
1106
1108
1109
1113
1115
1120
1122
1123
1124
1126
1127
1129
1132
1133
1134
1137
1138
1139
1143
1144
1145
1147
1149
1155
1156
1158
1159
1160
1161
1162
1165
1167
1168
1169
1171
1172
1177
1179
1180
1181
1184
1186
1187
1189
1190
1195
1196
1198
1199
1200
1201
1202
1203
1205
1206
1208
1209
1210
1213
1215
1218
1219
1220
1222
1223
1227
1230
1234
1235
1237
1238
1240
1242
1244
1245
1248
1250
1251
1253
1256
1258
1265
1267
1268
1269
1271
1272
1274
1275
1279
1286
1287
1290
1291
1293
1295
1302
1304
1309
1312
1313
1314
1315
1318
1320
1321
1322
1323
1325
1327
1328
1329
1331
1333
1334
1338
1341
1344
1345
1347
1348
1349
1350
1351
1353
1354
1358
1362
1363
1364
1365
1368
1369
1378
1379
1380
1382
1383
1385
1386
1387
1389
1392
1398
1399
1400
1402
1403
1404
1406
1410
1411
1412
1414
1415
1418
1419
1424
1425
1426
1427
1429
1432
1435
1436
1437
1439
1442
1443
1446
1447
1449
1451
1452
1455
1458
1459
1463
1464
1465
1466
1468
1469
1470
1471
1472
1473
1474
1477
1479
1480
1481
1485
1487
1489
1490
1492
1495
1497
1498
1499
1500
1503
1504
1505
1507
1509
1510
1513
1514
1516
1518
1520
1522
1524
1526
1527
1536
1538
1540
1541
1543
1544
1545
1548
1549
1552
1560
1561
1563
1566
1567
1571
1572
1576
1579
1580
1581
1583
1584
1587
1589
1590
1592
1593
1595
1596
1597
1598
1599
1600
1601
1605
1608
1610
1611
1613
1616
1618
1619
1620
1622
1624
1625
1628
1629
1633
1635
1637
1638
1641
1642
1643
1644
1645
1646
1651
1653
1654
1655
1656
1657
1659
1661
1662
1664
1667
1668
1670
1671
1673
1674
1678
1679
1680
1683
1688
1690
1692
1693
1694
1697
1701
1704
1705
1706
1709
1710
1712
1713
1716
1723
1726
1728
1729
1731
1732
1733
1736
1738
1739
1740
1742
1744
1745
1746
1747
1748
1749
1750
1755
1757
1758
1759
1760
1761
1762
1763
1764
1766
1768
1769
1770
1771
1772
1773
1774
1777
1784
1787
1788
1789
1791
1792
1794
1795
1799
1801
1802
1804
1805
1806
1808
1809
1810
1811
1819
1820
1822
1826
1828
1830
1835
1840
1841
1842
1843
1845
1846
1850
1852
1853
1856
1857
1858
1860
1864
1867
1868
1869
1870
1877
1880
1881
1883
1884
1887
1890
1891
1892
1894
1895
1898
1900
1902
1903
1904
1909
1911
1913
1915
1917
1920
1922
1925
1927
1929
1931
1933
1935
1937
1939
1940
1942
1943
1944
1945
1947
1948
1950
1951
1953
1956
1957
1960
1961
1969
1971
1972
1973
1974
1977
1979
1980
1982
1984
1985
1986
1989
1990
1991
1995
1996
1997
1998
1999
2003
2004
2006
2008
2009
2011
2012
2015
2016
2017
2019
2022
2023
2027
2028
2030
2031
2032
2033
2034
2036
2037
2038
2039
2041
2042
2043
2046
2047
2048
2052
2053
2055
2057
2062
2064
2067
2068
2070
2071
2073
2074
2076
2077
2080
2082
2083
2085
2088
2089
2090
2092
2093
2096
2098
2099
2100
2101
2103
2104
2105
2108
2109
2112
2114
2115
2116
2120
2124
2127
2128
2129
2130
2132
2133
2134
2136
2140
2141
2144
2149
2150
2151
2152
2154
2155
2156
2157
2160
2162
2163
2165
2166
2167
2176
2177
2179
2183
2189
2192
2193
2194
2196
2197
2198
2199
2202
2205
2209
2211
2215
2219
2221
2223
2225
2227
2229
2232
2235
2236
2237
2238
2240
2242
2246
2249
2251
2253
2254
2255
2256
2257
2260
2263
2264
2265
2266
2270
2271
2273
2276
2277
2278
2279
2281
2282
2284
2289
2290
2292
2293
2294
2296
2301
2307
2308
2315
2322
2323
2327
2328
2330
2331
2332
2333
2334
2335
2336
2337
2338
2341
2344
2352
2354
2358
2359
2360
2364
2365
2366
2367
2368
2369
2371
2372
2376
2377
2378
2379
2385
2386
2388
2389
2392
2393
2394
2398
2402
2403
2407
2408
2412
2417
2418
2422
2423
2424
2429
2430
2432
2434
2436
2437
2440
2442
2443
2444
2446
2448
2450
2452
2453
2455
2456
2460
2461
2463
2464
2467
2473
2477
2485
2486
2489
2490
2491
2492
2493
2494
2498
2499
2501
2502
2503
2505
2506
2507
2508
2510
2511
2513
2514
2515
2516
2517
2518
2519
2520
2521
2523
2524
2525
2526
2528
2529
2531
2533
2535
2536
2537
2538
2539
2540
2541
2543
2544
2545
2546
2547
2548
2549
2550
2551
2552
2553
2556
2558
2559
2561
2562
2563
2566
2567
2568
2569
2571
2572
2574
2575
2576
2577
2581
2582
2583
2585
2586
2587
2588
2590
2592
2593
2594
2595
2597
2598
2599
2600
2601
2602
2603
2604
2605
2606
2607
2608
2609
2610
2611
2613
2614
2615
2616
2619
2621
2622
2623
2624
2625
2626
2627
2628
2629
2633
2634
2636
2637
2640
2641
2642
2643
2644
2645
2646
2647
2648
2649
2650
2651
2652
2653
2656
2657
2658
2659
2660
2661
2662
2663
2664
2665
2666
2667
2669
2670
2671
2672
2673
2674
2675
2676
2678
2679
2680
2681
2682
2683
2684
2685
2686
2688
2689
2691
2692
2693
2694
2696
2697
2700
2702
2703
2704
2705
2708
2709
2710
2711
2712
2713
2714
2715
2717
2719
2720
2721
2722
2723
2724
2725
2727
2728
2729
2731
2732
2733
2734
2737
2738
2739
2742
2743
2744
2746
2747
2748
2749
2750
2753
2754
2755
2756
2757
2758
2760
2761
2762
2763
2765
2766
2767
2770
2771
2772
2774
2775
2776
2777
2778
2780
2781
2782
2783
2784
2786
2787
2790
2792
2793
2796
2797
2798
2801
2802
2803
2804
2805
2807
2808
2809
2810
2811
2813
2814
2815
2816
2818
2819
2822
2824
2825
2826
2827
2828
2829
2830
2832
2833
2835
2836
2837
2838
2839
2840
2841
2843
2844
2845
2846
2848
2850
2851
2852
2853
2854
2855
2857
2859
2860
2861
2862
2863
2864
2865
2866
2867
2868
2869
2871
2873
2874
2875
2876
2877
2878
2879
2882
2884
2885
2889
2890
2893
2894
2896
2897
2898
2899
2900
2901
2902
2904
2905
2906
2907
2909
2910
2912
2913
2914
2915
2916
2918
2920
2921
2922
2924
2926
2927
2930
2931
2932
2933
2934
2935
2936
2937
2940
2941
2943
2944
2945
2946
2947
2948
2949
2950
2951
2952
2953
2954
2955
2957
2958
2960
2961
2962
2963
2965
2967
2969
2970
2971
2973
2975
2976
2977
2978
2979
2980
2983
2986
2987
2988
2989
2991
2994
2996
2997
2998
2999
3000
3001
3002
3003
3007
3008
3010
3011
3012
3013
3015
3016
3020
3022
3024
3025
3026
3029
3030
3033
3034
3037
3038
3039
3040
3044
3046
3049
3050
3051
3052
3053
3058
3059
3060
3061
3062
3063
3064
3065
3069
3070
3073
3076
3077
3078
3079
3080
3082
3083
3084
3086
3089
3090
3091
3094
3095
3096
3097
3098
3099
3100
3104
3105
3107
3109
3110
3111
3112
3115
3116
3117
3118
3119
3121
3122
3123
3124
3126
3127
3128
3130
3132
3133
3134
3135
3136
3139
3143
3144
3150
3151
3152
3153
3156
3157
3158
3160
3161
3162
3163
3164
3165
3166
3167
3168
3169
3170
3171
3172
3173
3174
3176
3177
3179
3183
3184
3185
3186
3187
3188
3190
3191
3193
3197
3200
3202
3203
3204
3205
3206
3207
3208
3209
3211
3212
3213
3214
3215
3216
3217
3218
3222
3223
3224
3225
3227
3228
3230
3231
3232
3233
3234
3235
3237
3238
3239
3240
3242
3243
3244
3246
3248
3250
3251
3253
3256
3257
3258
3261
3262
3263
3264
3265
3266
3267
3269
3270
3271
3275
3276
3277
3279
3281
3283
3284
3285
3286
3287
3288
3289
3290
3291
3292
3293
3294
3295
3296
3297
3298
3299
3301
3302
3305
3308
3309
3311
3312
3313
3314
3315
3316
3319
3320
3321
3322
3323
3324
3325
3328
3330
3331
3332
3334
3336
3337
3338
3339
3340
3341
3343
3344
3345
3346
3347
3348
3349
3350
3352
3354
3356
3357
3359
3361
3362
3365
3367
3368
3369
3370
3371
3373
3375
3376
3378
3379
3380
3382
3383
3384
3385
3386
3387
3388
3390
3394
3396
3398
3399
3401
3402
3403
3404
3406
3407
3408
3410
3412
3413
3414
3415
3416
3417
3418
3419
3420
3423
3424
3425
3426
3428
3429
3432
3433
3434
3436
3443
3444
3446
3448
3449
3450
3451
3452
3453
3454
3455
3456
3457
3458
3459
3461
3462
3463
3466
3467
3468
3469
3470
3471
3472
3473
3474
3475
3476
3477
3478
3479
3480
3482
3483
3484
3485
3487
3489
3492
3494
3495
3496
3498
3504
3506
3507
3508
3510
3511
3512
3515
3516
3517
3522
3524
3525
3526
3527
3529
3530
3532
3533
3534
3536
3538
3539
3540
3543
3544
3545
3546
3548
3549
3550
3551
3552
3553
3554
3556
3557
3558
3559
3560
3561
3564
3565
3566
3567
3568
3570
3571
3572
3573
3574
3576
3577
3578
3579
3580
3581
3582
3583
3584
3585
3589
3590
3591
3592
3593
3594
3595
3596
3597
3598
3599
3601
3602
3603
3604
3605
3606
3607
3608
3609
3610
3611
3612
3613
3614
3616
3618
3619
3620
3622
3623
3624
3625
3626
3627
3630
3631
3632
3633
3634
3635
3636
3638
3639
3641
3642
3644
3645
3646
3647
3648
3649
3650
3651
3652
3653
3654
3655
3658
3660
3662
3663
3664
3665
3666
3667
3668
3671
3673
3675
3676
3678
3679
3682
3683
3685
3687
3688
3689
3690
3691
3693
3694
3695
3696
3697
3698
3699
3700
3702
3703
3704
3705
3706
3707
3708
3709
3711
3712
3713
3714
3715
3716
3717
3718
3719
3720
3721
3722
3725
3729
3730
3731
3732
3733
3734
3735
3737
3738
3739
3740
3741
3742
3744
3745
3746
3747
3749
3750
3752
3753
3755
3756
3757
3758
3759
3760
3761
3762
3763
3764
3766
3767
3770
3771
3772
3773
3774
3775
3776
3777
3778
3782
3783
3784
3786
3789
3790
3791
3794
3795
3797
3799
3800
3801
3802
3803
3804
3806
3807
3808
3809
3810
3811
3812
3813
3814
3815
3816
3817
3818
3821
3822
3824
3825
3826
3827
3828
3829
3830
3831
3833
3834
3838
3839
3843
3844
3845
3848
3852
3854
3860
3861
3862
3863
3864
3865
3866
3867
3868
3869
3870
3871
3873
3874
3878
3880
3881
3885
3886
3887
3888
3889
3890
3891
3892
3893
3894
3895
3896
3897
3898
3899
3900
3901
3902
3903
3904
3907
3908
3909
3910
3911
3912
3913
3919
3920
3921
3923
3924
3926
3929
3930
3931
3932
3933
3934
3935
3936
3937
3951
3952
3953
3954
3955
3956
3957
3958
3961
3962
3963
3964
3965
3966
3967
3968
3969
3970
3972
3976
3977
3980
3981
3983
3988
3993
3994
3996
3997
3998
3999
4000
4001
4005
4006
4008
4009
4010
4012
4013
4014
4017
4018
4019
4020
4023
4024
4026
4027
4030
4032
4033
4034
4035
4036
4038
4039
4046
4048
4049
4054
4056
4058
4059
4065
4067
4070
4071
4072
4073
4074
4076
4077
4079
4082
4084
4085
4086
4087
4088
4089
4090
4095
4096
4103
4104
4105
4107
4108
4109
4110
4111
4112
4113
4114
4116
4117
4118
4119
4120
4122
4123
4124
4125
4127
4129
4131
4134
4136
4137
4140
4141
4142
4143
4147
4148
4149
4150
4153
4154
4155
4156
4157
4158
4159
4160
4161
4162
4163
4164
4165
4166
4169
4171
4172
4173
4175
4176
4178
4179
4184
4185
4186
4188
4189
4190
4191
4192
4194
4195
4198
4199
4200
4201
4203
4205
4206
4207
4208
4209
4212
4215
4216
4217
4218
4219
4220
4222
4223
4225
4228
4229
4230
4231
4232
4234
4237
4238
4239
4240
4241
4242
4243
4249
4250
4251
4256
4258
4265
4266
4267
4268
4269
4270
4271
4273
4274
4275
4276
4277
4278
4279
4280
4281
4283
4284
4293
4294
4295
4298
4299
4300
4301
4303
4304
4305
4308
4309
4310
4311
4312
4313
4314
4316
4323
4324
4325
4327
4330
4331
4332
4334
4336
4337
4338
4340
4347
4348
4351
4352
4353
4354
4358
4359
4360
4362
4364
4365
4366
4367
4368
4369
4370
4374
4375
4379
4381
4382
4383
4384
4388
4389
4390
4391
4392
4394
4396
4398
4402
4403
4404
4405
4408
4412
4413
4415
4417
4418
4419
4420
4421
4424
4425
4426
4427
4430
4437
4438
4439
4441
4444
4445
4447
4451
4453
4454
4455
4456
4457
4458
4462
4465
4466
4467
4468
4469
4470
4472
4473
4474
4475
4477
4478
4479
4480
4482
4483
4486
4487
4489
4490
4491
4492
4493
4494
4495
4496
4500
4502
4503
4506
4509
4511
4512
4514
4519
4522
4524
4527
4528
4536
4539
4542
4543
4544
4545
4546
4547
4548
4549
4550
4551
4553
4554
4555
4556
4559
4560
4561
4562
4566
4567
4568
4569
4575
4576
4577
4582
4583
4585
4586
4587
4592
4593
4594
4595
4596
4597
4600
4601
4603
4604
4605
4607
4610
4612
4614
4615
4618
4619
4621
4625
4630
4632
4633
4634
4635
4636
4637
4639
4641
4643
4644
4646
4647
4649
4650
4651
4652
4655
4656
4657
4658
4660
4661
4662
4663
4666
4667
4668
4671
4674
4675
4676
4677
4679
4682
4683
4684
4685
4688
4689
4690
4693
4694
4696
4697
4698
4699
4702
4703
4704
4705
4706
4707
4708
4709
4710
4711
4712
4714
4717
4719
4720
4722
4723
4725
4726
4727
4728
4732
4733
4734
4735
4741
4742
4743
4744
4748
4749
4750
4754
4755
4757
4758
4759
4760
4761
4763
4765
4766
4767
4768
4769
4770
4771
4774
4775
4776
4779
4781
4784
4787
4788
4789
4790
4791
4794
4796
4798
4799
4801
4802
4803
4805
4806
4808
4809
4810
4812
4813
4815
4816
4817
4820
4821
4823
4825
4827
4828
4830
4831
4833
4835
4837
4838
4839
4840
4841
4842
4843
4844
4845
4846
4847
4848
4850
4851
4854
4855
4856
4857
4859
4861
4862
4863
4864
4865
4866
4868
4869
4871
4872
4873
4875
4876
4878
4879
4881
4882
4883
4884
4886
4887
4888
4889
4894
4898
4899
4900
4901
4903
4907
4909
4910
4911
4912
4913
4915
4916
4917
4918
4919
4920
4923
4925
4926
4927
4928
4929
4930
4931
4932
4934
4936
4937
4940
4941
4943
4944
4951
4952
4953
4954
4955
4957
4959
4961
4962
4964
4967
4968
4972
4973
4975
4979
4980
4981
4984
4993
4994
4996
4997
4998
5001
5007
5011
5014
5015
5017
5030
5034
5035
5036
5037
5038
5039
5040
5041
5042
5044
5045
5051
5052
5061
5063
5064
5065
5066
5067
5068
5069
5070
5074
5075
5077
5081
5082
5083
5084
5087
5088
5089
5093
5097
5099
5101
5102
5105
5106
5109
5110
5111
5114
5119
5120
5121
5126
5131
5133
5136
5138
5139
5140
5142
5145
5147
5148
5152
5153
5156
5157
5158
5159
5160
5163
5166
5167
5169
5170
5172
5174
5176
5177
5179
5182
5183
5184
5186
5187
5189
5190
5193
5195
5196
5198
5199
5200
5204
5205
5211
5220
5222
5224
5227
5228
5229
5231
5233
5234
5235
5238
5240
5241
5243
5244
5245
5247
5248
5250
5251
5252
5254
5257
5258
5261
5263
5264
5268
5269
5272
5273
5274
5280
5282
5286
5294
5298
5304
5306
5309
5310
5312
5314
5316
5317
5319
5320
5321
5322
5323
5324
5325
5326
5327
5328
5330
5331
5333
5334
5336
5337
5338
5340
5341
5342
5345
5347
5352
5354
5356
5357
5358
5359
5360
5361
5362
5364
5366
5367
5369
5370
5371
5373
5375
5376
5378
5379
5381
5382
5387
5393
5396
5397
5400
5401
5403
5405
5408
5415
5416
5418
5419
5421
5422
5423
5428
5429
5431
5432
5433
5435
5436
5437
5438
5440
5441
5442
5443
5447
5449
5450
5452
5453
5455
5458
5460
5461
5464
5465
5466
5470
5471
5473
5475
5476
5477
5478
5479
5481
5484
5485
5486
5487
5488
5489
5491
5492
5493
5494
5497
5498
5500
5503
5504
5505
5506
5507
5508
5511
5512
5513
5514
5515
5516
5517
5519
5520
5521
5522
5523
5524
5526
5528
5529
5534
5536
5540
5544
5545
5546
5549
5550
5551
5553
5557
5560
5561
5563
5564
5566
5567
5570
5571
5572
5573
5574
5577
5578
5579
5580
5581
5582
5583
5584
5585
5588
5589
5591
5592
5593
5594
5596
5597
5598
5600
5601
5602
5604
5605
5606
5609
5610
5611
5615
5616
5617
5618
5621
5622
5623
5624
5625
5627
5628
5629
5631
5632
5633
5634
5635
5636
5638
5639
5640
5641
5642
5644
5645
5649
5650
5653
5654
5655
5656
5657
5658
5660
5662
5664
5668
5669
5671
5673
5675
5676
5677
5678
5679
5680
5681
5686
5688
5691
5692
5697
5698
5699
5700
5701
5702
5704
5705
5706
5708
5709
5710
5712
5718
5719
5722
5723
5724
5726
5728
5729
5730
5732
5734
5736
5738
5742
5743
5745
5747
5749
5750
5751
5754
5755
5759
5760
5762
5763
5765
5766
5767
5768
5772
5773
5774
5776
5778
5779
5780
5783
5784
5789
5790
5791
5792
5793
5797
5798
5799
5800
5804
5805
5806
5808
5810
5812
5813
5814
5815
5816
5817
5819
5820
5821
5825
5827
5828
5829
5831
5832
5833
5834
5835
5836
5838
5840
5842
5843
5844
5848
5851
5852
5853
5855
5856
5858
5859
5861
5867
5868
5869
5871
5872
5873
5874
5875
5876
5878
5879
5880
5883
5884
5888
5890
5891
5896
5898
5901
5902
5903
5904
5905
5906
5908
5911
5912
5917
5918
5920
5921
5922
5923
5925
5926
5927
5928
5929
5930
5931
5933
5936
5937
5939
5940
5942
5943
5944
5945
5946
5947
5948
5949
5950
5952
5953
5954
5957
5958
5959
5960
5961
5966
5967
5968
5970
5971
5974
5977
5980
5981
5985
5987
5988
5990
5991
5993
5996
5997
5999
6000
6002
6003
6004
6005
6007
6008
6009
6011
6013
6015
6016
6018
6020
6022
6023
6026
6027
6028
6031
6033
6034
6035
6036
6037
6038
6039
6040
6041
6042
6043
6044
6045
6047
6049
6050
6053
6055
6056
6057
6059
6060
6062
6063
6064
6066
6067
6069
6072
6073
6074
6076
6077
6079
6080
6082
6083
6084
6085
6086
6087
6088
6089
6090
6091
6093
6094
6095
6097
6098
6099
6102
6103
6104
6106
6111
6112
6113
6121
6122
6126
6128
6131
6132
6133
6134
6135
6137
6138
6139
6140
6142
6143
6144
6145
6146
6148
6150
6154
6157
6158
6159
6160
6161
6162
6164
6169
6170
6171
6172
6174
6179
6181
6182
6183
6184
6185
6186
6187
6192
6194
6195
6196
6197
6198
6199
6203
6205
6206
6209
6210
6211
6212
6213
6214
6215
6218
6219
6221
6223
6224
6225
6229
6230
6234
6235
6237
6241
6242
6243
6245
6246
6247
6248
6250
6251
6252
6253
6254
6255
6257
6261
6262
6263
6267
6270
6272
6273
6274
6275
6276
6283
6286
6287
6289
6291
6292
6293
6297
6298
6304
6306
6307
6310
6317
6321
6322
6323
6327
6329
6330
6331
6334
6335
6337
6340
6343
6349
6350
6351
6352
6353
6354
6355
6358
6360
6363
6364
6365
6366
6367
6368
6369
6370
6371
6372
6373
6374
6376
6377
6381
6383
6384
6385
6389
6391
6392
6393
6398
6399
6401
6404
6409
6410
6411
6412
6413
6414
6415
6416
6418
6419
6420
6421
6422
6423
6425
6426
6427
6431
6432
6433
6435
6436
6439
6440
6441
6446
6450
6451
6452
6455
6457
6458
6459
6460
6461
6462
6463
6465
6466
6467
6468
6469
6479
6480
6481
6485
6486
6488
6489
6491
6493
6495
6496
6497
6500
6502
6504
6509
6510
6511
6512
6513
6514
6515
6518
6520
6522
6523
6531
6532
6535
6537
6538
6539
6540
6541
6544
6546
6548
6550
6552
6555
6556
6559
6560
6561
6562
6564
6565
6570
6575
6576
6577
6578
6584
6585
6586
6587
6588
6589
6590
6592
6593
6594
6596
6597
6600
6602
6603
6607
6612
6613
6619
6621
6624
6625
6626
6627
6628
6629
6631
6634
6636
6637
6639
6643
6644
6645
6646
6649
6650
6653
6661
6662
6664
6665
6668
6671
6672
6673
6675
6676
6678
6682
6683
6687
6689
6690
6692
6693
6695
6696
6698
6700
6701
6702
6703
6704
6705
6706
6711
6713
6715
6717
6718
6720
6722
6723
6724
6725
6726
6727
6729
6730
6731
6733
6735
6737
6741
6742
6744
6747
6751
6752
6757
6761
6762
6765
6767
6768
6769
6772
6773
6777
6778
6781
6784
6786
6787
6788
6789
6790
6791
6792
6795
6796
6799
6800
6801
6802
6807
6810
6812
6813
6814
6817
6818
6822
6823
6825
6829
6832
6833
6834
6836
6837
6840
6842
6844
6848
6853
6854
6857
6859
6860
6867
6868
6869
6870
6871
6881
6883
6884
6886
6889
6890
6891
6892
6893
6896
6903
6904
6907
6910
6912
6913
6914
6915
6916
6918
6921
6922
6926
6927
6929
6933
6934
6935
6936
6937
6938
6943
6944
6948
6953
6954
6955
6956
6957
6962
6964
6965
6967
6968
6970
6973
6980
6981
6982
6987
6989
6990
6991
6993
6995
6997
6998
6999
7000
7001
7005
7006
7008
7009
7010
7012
7016
7017
7018
7020
7025
7027
7030
7033
7037
7038
7039
7040
7042
7044
7046
7048
7049
7050
7052
7055
7056
7060
7061
7062
7063
7064
7065
7068
7071
7072
7074
7077
7078
7079
7080
7081
7084
7085
7086
7089
7090
7091
7093
7095
7097
7100
7106
7112
7117
7124
7125
7126
7127
7128
7130
7131
7132
7133
7134
7135
7136
7137
7140
7143
7148
7149
7152
7154
7155
7158
7159
7161
7164
7167
7168
7169
7175
7176
7180
7183
7191
7192
7199
7202
7203
7205
7206
7208
7209
7210
7211
7220
7221
7222
7223
7224
7225
7226
7230
7232
7233
7234
7235
7236
7237
7238
7240
7241
7242
7243
7244
7245
7247
7248
7249
7250
7254
7256
7257
7258
7259
7260
7264
7267
7268
7273
7274
7275
7279
7282
7284
7285
7286
7287
7288
7290
7291
7296
7298
7299
7300
7302
7306
7312
7314
7315
7316
7318
7319
7320
7322
7323
7324
7326
7328
7331
7334
7335
7338
7340
7341
7343
7344
7345
7348
7351
7353
7358
7360
7362
7365
7366
7371
7372
7373
7375
7377
7378
7379
7382
7384
7385
7397
7398
7401
7403
7405
7406
7409
7412
7413
7416
7419
7420
7422
7425
7427
7428
7431
7439
7440
7444
7447
7448
7451
7452
7454
7458
7460
7462
7463
7466
7470
7471
7473
7475
7476
7477
7478
7480
7481
7482
7486
7487
7488
7489
7491
7496
7497
7498
7499
7501
7503
7505
7507
7508
7509
7512
7513
7514
7516
7527
7532
7533
7534
7535
7538
7539
7540
7543
7544
7545
7550
7551
7552
7554
7557
7558
7562
7564
7565
7567
7569
7570
7572
7573
7576
7577
7578
7583
7584
7586
7587
7588
7589
7592
7593
7594
7595
7596
7598
7599
7601
7602
7604
7605
7606
7608
7609
7610
7611
7612
7614
7616
7617
7618
7620
7624
7625
7626
7627
7628
7629
7631
7633
7635
7636
7637
7638
7639
7640
7641
7643
7645
7646
7648
7649
7650
7651
7652
7654
7655
7656
7657
7658
7661
7663
7664
7665
7666
7667
7670
7671
7673
7676
7677
7680
7681
7683
7686
7688
7690
7691
7693
7694
7695
7696
7699
7700
7701
7702
7704
7705
7706
7707
7708
7710
7711
7713
7715
7716
7717
7718
7719
7720
7722
7724
7725
7730
7732
7734
7736
7739
7740
7741
7742
7745
7748
7749
7750
7752
7754
7756
7757
7761
7762
7765
7766
7769
7772
7776
7779
7780
7782
7783
7784
7785
7786
7787
7788
7790
7791
7793
7794
7797
7799
7803
7804
7806
7807
7810
7811
7812
7816
7817
7818
7819
7820
7825
7827
7828
7829
7831
7832
7834
7835
7837
7839
7841
7842
7846
7847
7849
7852
7853
7854
7856
7857
7858
7859
7860
7862
7863
7864
7865
7868
7869
7870
7873
7874
7876
7877
7878
7879
7880
7882
7887
7888
7891
7892
7894
7896
7899
7900
7901
7904
7906
7907
7908
7909
7914
7919
7921
7923
7925
7927
7929
7932
7934
7935
7936
7937
7939
7940
7944
7946
7947
7950
7951
7955
7956
7960
7961
7962
7963
7965
7967
7969
7971
7972
7973
7976
7978
7980
7985
7989
7993
7998
8000
8001
8002
8004
8006
8007
8009
8010
8012
8014
8015
8021
8024
8025
8033
8038
8039
8041
8043
8045
8047
8049
8052
8053
8054
8056
8057
8059
8060
8061
8062
8063
8064
8065
8066
8069
8070
8071
8073
8074
8075
8077
8078
8080
8081
8086
8087
8091
8099
8100
8102
8105
8107
8115
8116
8119
8122
8123
8124
8125
8127
8131
8133
8135
8136
8141
8145
8146
8149
8150
8153
8157
8158
8159
8161
8162
8164
8165
8166
8168
8169
8170
8171
8175
8176
8182
8183
8185
8189
8192
8195
8199
8200
8202
8203
8204
8205
8206
8207
8208
8209
8210
8211
8212
8213
8214
8215
8216
8217
8218
8220
8223
8224
8227
8229
8233
8234
8236
8237
8245
8249
8254
8257
8259
8262
8264
8265
8267
8269
8270
8271
8272
8273
8274
8275
8276
8277
8279
8281
8282
8286
8287
8297
8301
8302
8307
8310
8312
8314
8315
8317
8319
8326
8332
8333
8335
8340
8343
8345
8346
8350
8352
8353
8354
8355
8356
8357
8358
8359
8360
8361
8362
8363
8364
8365
8366
8368
8369
8372
8373
8376
8377
8379
8381
8382
8384
8386
8390
8393
8394
8396
8397
8400
8401
8403
8404
8405
8408
8410
8412
8417
8418
8421
8422
8423
8425
8428
8429
8430
8432
8433
8434
8435
8437
8440
8441
8443
8444
8447
8449
8450
8453
8455
8458
8460
8461
8462
8467
8469
8471
8472
8473
8477
8480
8481
8485
8486
8488
8492
8493
8494
8498
8499
8500
8505
8508
8509
8511
8512
8513
8516
8518
8521
8528
8529
8536
8539
8541
8542
8545
8547
8549
8550
8561
8567
8568
8571
8574
8576
8577
8578
8579
8580
8581
8582
8583
8586
8588
8590
8593
8594
8596
8599
8600
8603
8605
8606
8608
8612
8613
8614
8617
8618
8622
8629
8635
8643
8645
8646
8648
8651
8652
8655
8660
8667
8676
8682
8687
8690
8699
8702
8705
8732
8733
8736
8737
8739
8740
8742
8744
8745
8746
8752
8753
8754
8755
8756
8760
8764
8769
8770
8772
8773
8774
8777
8779
8780
8781
8783
8785
8787
8789
8790
8792
8801
8802
8804
8805
8808
8811
8812
8816
8817
8818
8820
8822
8823
8824
8825
8826
8827
8828
8829
8830
8834
8837
8840
8842
8844
8847
8848
8849
8852
8853
8855
8856
8857
8859
8860
8862
8863
8864
8865
8866
8867
8868
8869
8871
8873
8874
8877
8880
8881
8883
8884
8885
8888
8889
8892
8895
8896
8899
8902
8905
8917
8920
8921
8922
8923
8924
8926
8927
8928
8930
8939
8943
8944
8945
8946
8947
8951
8961
8965
8968
8969
8970
8973
8974
8980
8988
8989
8994
8995
8999
9002
9003
9004
9005
9006
9007
9008
9009
9013
9015
9021
9025
9028
9031
9035
9036
9039
9040
9044
9045
9046
9047
9049
9050
9052
9054
9058
9062
9064
9066
9069
9072
9073
9076
9078
9079
9081
9083
9085
9086
9089
9090
9092
9095
9096
9098
9102
9104
9106
9108
9109
9112
9113
9117
9120
9121
9124
9125
9127
9129
9131
9135
9137
9138
9139
9140
9141
9142
9143
9144
9146
9148
9150
9152
9155
9156
9159
9165
9169
9170
9171
9172
9173
9174
9177
9179
9180
9181
9182
9193
9194
9195
9196
9197
9198
9202
9206
9207
9208
9210
9211
9212
9213
9214
9215
9216
9217
9218
9219
9220
9230
9231
9232
9236
9239
9240
9241
9249
9254
9265
9270
9271
9274
9280
9282
9287
9288
9295
9299
9304
9310
9315
9316
9317
9319
9320
9325
9326
9328
9334
9337
9338
9340
9348
9350
9351
9352
9353
9361
9365
9368
9369
9374
9378
9380
9391
9392
9393
9401
9403
9408
9409
9412
9417
9418
9422
9423
9429
9430
9436
9438
9441
9443
9446
9447
9448
9450
9452
9459
9460
9461
9469
9471
9475
9476
9477
9478
9479
9481
9485
9487
9489
9491
9493
9494
9496
9497
9499
9501
9503
9504
9507
9510
9517
9519
9520
9521
9522
9524
9525
9526
9528
9529
9531
9533
9535
9536
9539
9541
9547
9549
9550
9553
9554
9555
9556
9557
9558
9559
9561
9563
9565
9567
9568
9569
9570
9571
9572
9573
9575
9582
9585
9586
9588
9589
9590
9591
9593
9594
9595
9600
9601
9607
9608
9611
9612
9615
9618
9621
9623
9625
9627
9630
9631
9632
9634
9637
9639
9645
9649
9656
9660
9662
9666
9668
9669
9670
9672
9675
9676
9679
9681
9682
9684
9688
9690
9691
9692
9694
9695
9699
9702
9705
9709
9715
9719
9721
9724
9727
9730
9735
9742
9748
9751
9752
9753
9757
9758
9759
9760
9764
9766
9768
9776
9777
9778
9781
9787
9788
9789
9791
9797
9798
9801
9802
9808
9809
9810
9813
9815
9816
9818
9820
9824
9828
9829
9832
9833
9835
9838
9839
9840
9846
9847
9849
9857
9861
9866
9868
9872
9873
9877
9881
9883
9884
9886
9888
9894
9899
9900
9907
9908
9909
9916
9920
9921
9922
9934
9940
9944
9948
9952
9953
9960
9964
9970
9976
9980
9982
9987
9988
9990
9993
9995
10004
10017
10018
10023
10029
10032
10034
10037
10039
10040
10045
10047
10050
10051
10052
10055
10056
10062
10063
10064
10065
10066
10067
10075
10079
10081
10083
10088
10091
10096
10097
10100
10114
10116
10124
10125
10127
10129
10131
10132
10144
10146
10147
10148
10151
10152
10154
10163
10164
10166
10170
10173
10180
10181
10182
10183
10184
10185
10186
10188
10189
10190
10192
10193
10201
10202
10210
10228
10230
10232
10234
10235
10237
10243
10244
10245
10247
10253
10256
10257
10258
10271
10272
10275
10279
10283
10286
10294
10304
10315
10317
10324
10326
10333
10338
10344
10345
10348
10349
10352
10358
10359
10365
10371
10372
10377
10380
10384
10385
10387
10388
10390
10398
10413
10422
10423
10435
10439
10446
10447
10450
10458
10467
10468
10469
10477
10479
10482
10483
10486
10492
10494
10503
10513
10514
10526
10527
10528
10533
10543
10546
10550
10551
10553
10561
10562
10563
10570
10576
10577
10585
10591
10595
10605
10607
10610
10611
10627
10630
10636
10638
10640
10647
10664
10673
10674
10677
10682
10690
10693
10695
10698
10699
10700
10702
10717
10727
10729
10730
10731
10736
10742
10743
10748
10749
10751
10754
10755
10759
10760
10761
10762
10764
10770
10772
10773
10779
10780
10782
10784
10785
10786
10792
10795
10796
10800
10801
10803
10804
10805
10806
10807
10808
10809
10814
10815
10816
10823
10824
10827
10828
10832
10838
10839
10840
10845
10847
10849
10850
10851
10853
10855
10856
10857
10864
10868
10869
10872
10875
10879
10881
10884
10889
10892
10893
10898
10901
10912
10913
10914
10915
10916
10917
10918
10919
10920
10926
10935
10938
10943
10945
10948
10950
10962
10963
10964
10966
10969
10971
10972
10978
10982
10988
10994
10998
11000
11005
11006
11010
11011
11013
11014
11015
11017
11020
11029
11033
11037
11039
11040
11046
11051
11053
11062
11064
11065
11066
11067
11068
11070
11071
11072
11101
11102
11103
11111
11121
11123
11126
11127
11131
11132
11135
11138
11139
11141
11144
11146
11148
11150
11151
11152
11153
11154
11157
11159
11160
11173
11181
11183
11193
11194
11195
11197
11204
11206
11210
11212
11224
11225
11236
11238
11251
11262
11266
11267
11284
11287
11288
11299
11301
11305
11307
11314
11316
11322
11323
11324
11325
11326
11331
11333
11339
11341
11342
11343
11344
11345
11351
11352
11353
11358
11359
11379
11383
11386
11387
11394
11395
11398
11411
11417
11418
11425
11426
11430
11438
11439
11444
11445
11449
11450
11454
11456
11458
11464
11470
11476
11477
11484
11485
11494
11500
11502
11503
11509
11518
11524
11527
11528
11529
11533
11535
11537
11538
11539
11540
11541
11542
11543
11546
11548
11549
11552
11553
11554
11556
11557
11561
11562
11563
11572
11573
11574
11577
11578
11587
11589
11590
11591
11593
11594
11596
11597
11601
11604
11615
11619
11630
11632
11634
11640
11641
11642
11643
11647
11654
11663
11666
11676
11678
11679
11685
11695
11699
11700
11702
11704
11705
11706
11715
11725
11731
11734
11737
11742
11746
11747
11751
11756
11762
11782
11790
11798
11799
11837
11850
11855
11863
11870
11877
11886
11890
11903
11906
11911
11914
11917
11922
11923
11925
11926
11929
11931
11939
11940
11944
11945
11957
11980
11983
11986
11987
11991
11999
12000
12002
12007
12011
12013
12027
12028
12038
12042
12044
12057
12059
12060
12062
12066
12077
12078
12083
12084
12086
12090
12100
12104
12111
12119
12121
12122
12123
12127
12128
12136
12137
12138
12139
12140
12142
12146
12147
12149
12151
12158
12159
12160
12162
12164
12165
12170
12172
12173
12175
12177
12178
12179
12181
12182
12186
12191
12194
12195
12198
12221
12228
12229
12230
12231
12233
12237
12239
12243
12246
12247
12255
12259
12260
12263
12271
12281
12282
12287
12288
12290
12293
12314
12315
12316
12318
12321
12325
12328
12332
12339
12341
12344
12345
12346
12353
12354
12355
12358
12359
12366
12372
12373
12385
12386
12399
12403
12406
12410
12431
12442
12443
12449
12459
12468
12470
12473
12483
12495
12503
12504
12521
12523
12525
12529
12530
12531
12533
12538
12548
12550
12551
12554
12555
12568
12584
12585
12587
12591
12594
12595
12600
12606
12610
12621
12622
12623
12624
12625
12626
12627
12628
12629
12630
12631
12632
12633
12634
12635
12636
12637
12638
12639
12640
12641
12642
12643
12651
12653
12654
12655
12657
12658
12659
12664
12666
12674
12681
12682
12687
12692
12699
12701
12705
12707
12713
12715
12718
12726
12728
12733
12737
12740
12741
12742
12747
12758
12759
12760
12764
12774
12776
12787
12795
12798
12800
12804
12810
12811
12817
12828
12833
12855
12856
12861
12863
12868
12873
12876
12879
12881
12885
12889
12893
12895
12898
12902
12905
12907
12908
12914
12915
12917
12919
12921
12925
12931
12934
12935
12938
12943
12948
12949
12951
12952
12954
12956
12960
12965
12968
12971
12977
12984
12986
12992
12998
13001
13006
13011
13012
13014
13019
13020
13021
13024
13036
13039
13048
13061
13068
13070
13086
13089
13103
13108
13110
13115
13117
13118
13119
13120
13121
13137
13138
13144
13155
13168
13181
13190
13200
13203
13205
13224
13227
13229
13239
13244
13245
13253
13263
13267
13275
13281
13286
13288
13289
13291
13295
13299
13300
13305
13306
13309
13311
13314
13317
13318
13327
13328
13338
13339
13341
13354
13360
13366
13372
13378
13382
13384
13389
13398
13400
13418
13419
13421
13426
13427
13432
13453
13455
13462
13476
13485
13489
13491
13492
13493
13494
13496
13497
13498
13499
13500
13501
13502
13503
13504
13505
13509
13511
13512
13514
13517
13518
13523
13536
13544
13553
13554
13555
13556
13559
13562
13564
13567
13572
13575
13577
13578
13583
13584
13586
13590
13592
13596
13599
13601
13609
13611
13612
13614
13616
13617
13627
13629
13630
13632
13644
13647
13650
13651
13655
13658
13659
13663
13668
13673
13674
13685
13688
13706
13708
13713
13715
13718
13730
13731
13732
13735
13741
13748
13753
13754
13755
13762
13773
13776
13777
13783
13789
13793
13796
13804
13810
13812
13813
13821
13824
13848
13850
13856
13870
13877
13879
13891
13899
13910
13917
13922
13924
13927
13938
13940
13942
13984
13997
14000
14002
14006
14009
14010
14011
14012
14014
14015
14016
14032
14033
14038
14039
14047
14082
14094
14105
14114
14117
14121
14132
14133
14159
14165
14174
14187
14192
14205
14239
14260
14263
14265
14267
14272
14280
14284
14288
14302
14312
14313
14324
14335
14361
14367
14378
14383
14386
14405
14413
14427
14460
14468
14474
14482
14494
14535
14552
14556
14560
14573
14581
14583
14591
14593
14594
14601
14602
14610
14613
14615
14619
14626
14627
14634
14638
14646
14652
14653
14654
14656
14658
14659
14663
14664
14666
14669
14670
14675
14676
14677
14678
14679
14680
14685
14689
14694
14705
14720
14725
14741
14746
14747
14748
14749
14752
14763
14765
14766
14776
14779
14786
14792
14793
14802
14808
14812
14813
14822
14824
14825
14832
14843
14858
14866
14878
14882
14890
14894
14897
14901
14902
14904
14906
14907
14915
14918
14929
14942
14945
14953
14960
14968
14973
14977
14990
14993
14996
15016
15019
15042
15045
15051
15055
15056
15066
15067
15072
15076
15086
15097
15117
15121
15124
15135
15141
15153
15157
15162
15175
15177
15178
15180
15191
15201
15210
15215
15216
15217
15219
15222
15226
15236
15241
15243
15249
15252
15257
15262
15265
15266
15267
15269
15277
15278
15279
15287
15296
15303
15306
15315
15316
15319
15321
15329
15345
15347
15350
15367
15373
15377
15384
15389
15402
15404
15406
15414
15415
15424
15443
15444
15451
15455
15462
15468
15483
15491
15492
15507
15514
15515
15517
15518
15524
15525
15527
15533
15543
15557
15580
15593
15596
15597
15600
15610
15627
15632
15639
15642
15651
15657
15661
15668
15671
15672
15673
15674
15675
15676
15677
15678
15679
15680
15681
15682
15683
15684
15697
15709
15714
15717
15723
15737
15739
15740
15742
15755
15764
15765
15766
15771
15777
15783
15791
15825
15826
15847
15854
15865
15870
15888
15896
15913
15914
15915
15916
15917
15918
15919
15920
15921
15922
15929
15939
15943
15945
15948
15956
15966
15975
16018
16019
16041
16042
16046
16047
16056
16060
16063
16085
16089
16108
16112
16115
16117
16118
16123
16162
16166
16167
16170
16171
16179
16185
16189
16196
16199
16201
16206
16220
16227
16229
16230
16231
16232
16233
16234
16235
16236
16237
16238
16239
16240
16241
16242
16243
16244
16245
16246
16247
16248
16249
16250
16251
16252
16253
16254
16255
16256
16257
16258
16259
16260
16261
16266
16269
16276
16277
16340
16341
16344
16345
16346
16350
16356
16372
16378
16386
16399
16408
16412
16421
16423
16429
16433
16440
16449
16454
16458
16464
16478
16485
16494
16504
16514
16520
16524
16530
16531
16542
16546
16553
16554
16555
16556
16560
16567
16570
16583
16589
16591
16596
16600
16605
16609
16617
16628
16666
16668
16672
16678
16685
16705
16708
16709
16739
16740
16754
16758
16763
16768
16772
16775
16791
16792
16796
16808
16814
16818
16829
16831
16884
16916
16949
16950
17067
17068
17086
17087
17097
17100
17114
17122
17132
17134
17144
17152
17153
17155
17169
17249
17250
17251
17252
17253
17254
17255
17256
17257
17258
17259
17260
17261
17262
17263
17264
17265
17266
17267
17268
17269
17270
17271
17272
17273
17274
17275
17276
17278
17279
17280
17281
17282
17283
17284
17285
17286
17287
17288
17289
17290
17291
17292
17293
17294
17295
17296
17297
17298
17299
17300
17301
17302
17303
17304
17305
17306
17307
17308
17309
17310
17311
17313
17316
17321
17323
17341
17357
17392
17406
17412
17425
17430
17490
17493
17515
17548
17558
17559
17566
17572
17574
17575
17576
17593
17646
17648
17654
17720
17748
17769
17787
17795
17801
17802
17820
17821
17824
17826
17837
17852
17857
17858
17887
17931
17934
17942
17945
17949
17972
17988
18013
18017
18043
18052
18055
18056
18057
18058
18060
18061
18062
18063
18064
18065
18066
18071
18088
18089
18090
18091
18092
18093
18094
18095
18096
18097
18098
18099
18100
18101
18102
18103
18104
18105
18106
18107
18108
18109
18110
18111
18112
18113
18114
18115
18116
18117
18118
18119
18120
18121
18122
18123
18124
18125
18126
18127
18128
18129
18130
18131
18132
18133
18134
18135
18136
18137
18138
18139
18140
18141
18142
18143
18144
18145
18146
18156
18161
18162
18165
18167
18170
18181
18182
18189
18194
18195
18196
18210
18211
18212
18213
18214
18215
18216
18217
18218
18219
18220
18221
18222
18223
18224
18225
18226
18227
18228
18229
18230
18237
18238
18239
18240
18241
18250
18270
18273
18275
18283
18288
18293
18304
18328
18337
18338
18339
18341
18342
18343
18344
18345
18346
18351
18355
18366
18368
18375
18377
18396
18406
18419
18423
18426
18454
18471
18472
18484
18489
18497
18498
18499
18506
18526
18535
18539
18540
18541
18553
18556
18563
18581
18582
18588
18590
18933
18943
18947
18967
19021
19034
19042
19102
19114
19142
19155
19156
19169
19185
19186
19204
19219
19296
19441
19485
19486
19845
