6
8
9
10
17
23
39
51
54
56
58
60
61
67
70
71
82
83
97
99
101
107
112
115
119
127
130
131
136
140
141
146
170
172
183
193
204
215
224
228
229
230
232
233
234
237
247
248
264
265
275
283
284
287
295
299
301
303
306
308
310
317
321
323
325
328
343
344
347
362
369
373
376
379
388
389
394
402
408
417
420
428
431
432
442
446
451
468
474
481
482
495
504
505
513
524
526
529
533
537
550
555
562
564
569
573
579
585
587
593
597
599
601
622
625
633
634
636
638
645
651
652
654
661
663
665
671
673
685
690
707
709
721
723
734
735
736
739
743
750
752
754
759
762
763
779
781
782
788
794
796
798
801
805
817
818
837
850
857
867
875
883
891
895
920
921
922
928
944
963
973
976
980
1003
1024
1030
1041
1043
1065
1069
1071
1073
1077
1083
1086
1098
1105
1123
1129
1133
1141
1143
1145
1159
1162
1172
1179
1180
1200
1206
1210
1223
1224
1225
1231
1237
1253
1258
1271
1276
1286
1287
1312
1327
1331
1350
1373
1385
1399
1400
1410
1425
1444
1447
1450
1465
1472
1473
1474
1481
1485
1503
1516
1526
1527
1536
1549
1560
1578
1580
1590
1592
1616
1622
1625
1628
1637
1653
1668
1691
1705
1714
1726
1746
1792
1795
1828
1835
1867
1870
1875
1881
1890
1902
1920
1930
1945
1947
1962
1973
1982
2001
2009
2017
2027
2028
2036
2043
2049
2050
2052
2059
2062
2070
2089
2092
2098
2100
2101
2124
2132
2157
2165
2167
2168
2196
2197
2201
2211
2219
2228
2238
2241
2246
2255
2256
2266
2290
2331
2364
2369
2385
2437
2446
2448
2450
2463
2472
2489
2492
2501
2515
2517
2518
2521
2526
2531
2533
2539
2548
2549
2551
2557
2566
2567
2571
2582
2587
2593
2605
2615
2623
2624
2629
2644
2645
2650
2663
2665
2686
2699
2717
2724
2729
2738
2739
2747
2754
2763
2765
2775
2783
2792
2807
2811
2814
2826
2827
2833
2868
2884
2893
2897
2902
2903
2918
2922
2924
2931
2945
2951
2970
2977
2981
2983
2985
2988
3001
3007
3008
3025
3052
3058
3060
3068
3069
3070
3071
3092
3095
3099
3108
3115
3116
3118
3124
3153
3156
3164
3166
3169
3177
3183
3185
3190
3199
3226
3232
3235
3236
3240
3259
3261
3263
3278
3282
3296
3311
3314
3324
3325
3334
3340
3341
3347
3350
3352
3354
3360
3369
3400
3403
3416
3428
3433
3437
3450
3452
3463
3474
3476
3479
3487
3506
3509
3518
3522
3525
3529
3532
3533
3544
3553
3558
3560
3564
3565
3570
3573
3578
3580
3591
3597
3598
3601
3604
3609
3610
3612
3613
3621
3623
3624
3627
3632
3634
3635
3648
3651
3683
3708
3719
3721
3734
3740
3744
3746
3759
3760
3763
3764
3766
3767
3769
3772
3776
3784
3790
3810
3827
3828
3838
3839
3844
3854
3866
3867
3878
3884
3899
3900
3938
3945
3953
3963
3968
3984
3993
4000
4006
4036
4045
4054
4062
4067
4070
4072
4073
4077
4079
4110
4119
4125
4129
4134
4136
4139
4147
4149
4157
4164
4173
4176
4182
4186
4188
4189
4190
4197
4212
4218
4229
4231
4237
4239
4250
4258
4271
4274
4275
4276
4278
4298
4313
4324
4330
4340
4358
4359
4368
4373
4384
4389
4390
4398
4419
4421
4430
4441
4443
4456
4491
4492
4501
4502
4531
4545
4546
4555
4561
4562
4563
4566
4569
4587
4590
4594
4600
4632
4637
4660
4666
4671
4677
4679
4691
4700
4705
4710
4714
4741
4753
4765
4770
4774
4779
4827
4840
4841
4862
4864
4878
4882
4883
4886
4905
4912
4917
4943
4955
4973
4993
4994
5052
5064
5075
5082
5111
5114
5120
5147
5148
5153
5170
5172
5188
5224
5247
5254
5267
5268
5294
5322
5323
5326
5329
5330
5340
5358
5361
5369
5376
5384
5392
5417
5428
5432
5446
5454
5458
5466
5470
5471
5475
5479
5495
5505
5516
5521
5544
5551
5564
5570
5591
5606
5607
5610
5628
5633
5643
5645
5652
5654
5669
5675
5676
5680
5697
5705
5709
5734
5767
5778
5792
5794
5795
5797
5798
5806
5815
5827
5837
5840
5858
5875
5876
5882
5901
5903
5914
5947
5957
5971
5977
5985
5992
5994
6011
6013
6020
6028
6038
6039
6041
6042
6050
6051
6087
6093
6096
6106
6118
6173
6184
6193
6208
6212
6214
6224
6241
6244
6254
6267
6271
6272
6277
6304
6321
6322
6340
6353
6358
6361
6364
6366
6368
6371
6372
6373
6383
6409
6425
6427
6487
6502
6556
6576
6584
6592
6601
6612
6631
6671
6694
6696
6712
6718
6723
6729
6730
6744
6757
6761
6779
6800
6807
6812
6833
6865
6870
6872
6884
6890
6904
6905
6906
6926
6943
6956
6959
7037
7045
7056
7061
7074
7099
7126
7133
7134
7141
7148
7176
7198
7199
7211
7220
7226
7230
7270
7271
7278
7281
7298
7300
7314
7351
7358
7378
7379
7382
7395
7405
7410
7430
7461
7465
7472
7489
7499
7547
7557
7562
7565
7579
7608
7612
7617
7625
7641
7664
7671
7700
7729
7762
7768
7770
7781
7783
7784
7804
7811
7816
7817
7827
7828
7830
7847
7857
7863
7887
7890
7893
7898
7904
7906
7930
7940
7946
7961
7970
7971
7984
8003
8024
8036
8041
8042
8047
8071
8074
8087
8092
8102
8108
8119
8131
8137
8145
8150
8153
8155
8164
8186
8208
8209
8229
8243
8268
8289
8307
8314
8315
8318
8322
8338
8360
8368
8369
8370
8371
8372
8379
8421
8423
8450
8461
8472
8506
8508
8536
8541
8562
8567
8572
8603
8614
8628
8652
8655
8732
8733
8736
8749
8770
8773
8802
8803
8811
8857
8873
8917
8920
8923
8949
8970
8973
8974
8977
8982
8988
9027
9037
9044
9048
9052
9064
9065
9066
9079
9089
9095
9096
9139
9150
9157
9177
9179
9184
9194
9195
9206
9217
9233
9267
9271
9280
9283
9284
9290
9291
9299
9310
9315
9326
9337
9350
9352
9368
9401
9414
9438
9474
9477
9540
9549
9560
9561
9593
9594
9628
9671
9702
9721
9735
9747
9751
9756
9776
9802
9839
9869
9874
9886
9888
9894
9915
9920
9922
9953
9990
10083
10132
10203
10231
10237
10303
10344
10359
10371
10400
10461
10516
10548
10562
10565
10566
10667
10721
10743
10782
10785
10786
10788
10789
10801
10830
10833
10840
10871
10881
10891
10906
10942
10945
10958
10963
11035
11036
11044
11051
11082
11115
11127
11131
11181
11204
11270
11275
11290
11299
11344
11348
11379
11402
11412
11414
11417
11418
11448
11479
11563
11581
11587
11597
11617
11710
11716
11717
11825
11831
11941
11983
11986
11995
12006
12014
12132
12139
12144
12150
12182
12195
12211
12276
12297
12323
12384
12431
12556
12568
12594
12664
12687
12716
12743
12778
12804
12872
12879
12902
12962
12963
12989
13013
13014
13019
13041
13061
13093
13144
13190
13255
13295
13306
13317
13332
13339
13349
13389
13400
13405
13418
13491
13511
13518
13529
13557
13561
13567
13572
13579
13586
13599
13609
13647
13677
13685
13705
13718
13720
13741
13746
13770
13789
13812
13840
13848
13927
13940
13981
13997
14123
14146
14239
14252
14272
14383
14447
14465
14564
14570
14583
14615
14627
14735
14736
14742
14754
14766
14814
14848
14854
14858
14901
14960
15005
15026
15033
15051
15073
15097
15145
15146
15163
15203
15231
15249
15372
15384
15427
15428
15500
15533
15543
15614
15626
15655
15709
15714
15739
15757
15932
15960
16042
16071
16099
16153
16154
16157
16220
16281
16301
16312
16407
16422
16423
16437
16524
16578
16596
16609
16636
17268
17278
17282
17287
17297
17298
17302
17304
17309
17313
17566
17841
18099
18102
18108
18112
18117
18123
18128
18135
18141
18144
18167
18185
18187
18197
18205
18214
18217
18241
18349
18357
18399
18411
18583
18656
18660
18746
18756
18783
18968
18992
18993
19012
19189
19200
19255
19580
