29
68
101
115
168
230
279
287
297
345
413
454
481
552
555
603
645
717
722
737
753
850
884
888
921
980
992
1024
1053
1055
1103
1124
1162
1232
1331
1589
1674
1679
1714
1935
2037
2067
2076
2099
2139
2277
2327
2380
2403
2406
2424
2435
2450
2493
2571
2582
2662
2663
2674
2775
2833
2866
2870
2885
3008
3030
3047
3056
3069
3125
3144
3151
3395
3421
3463
3470
3554
3560
3599
3612
3624
3703
3729
3777
3822
3834
3866
3963
4005
4014
4046
4055
4155
4276
4348
4390
4614
4728
4734
4742
4813
4815
4826
4833
4919
4931
4961
4982
5036
5190
5228
5254
5522
5581
5639
5806
5837
5874
5985
6038
6081
6103
6168
6191
6283
6388
6425
6519
6612
6624
6668
6722
6786
6792
7126
7256
7268
7342
7512
7617
7635
7669
7834
7849
7872
7881
7918
7979
8064
8069
8161
8183
8279
8454
8460
8461
8481
8777
8834
8863
8966
8999
9054
9066
9131
9179
9199
9236
9238
9315
9343
9699
9776
9942
10054
10063
10180
10400
10488
10550
10627
10945
11051
11076
11151
11238
11341
11402
11454
11476
11586
11642
11679
11700
12104
12495
12800
12898
13012
13535
13848
14451
14619
14804
14805
15088
15600
16030
16125
16710
17144
17255
17272
17515
17931
18017
18058
18071
18243
18350
18391
