0
2
3
4
5
6
7
8
9
13
14
15
16
17
21
22
23
24
26
28
29
30
31
35
39
41
44
46
47
48
51
52
53
54
55
56
57
58
60
63
65
67
68
71
72
73
74
75
77
79
82
83
85
86
87
88
89
90
92
93
94
97
98
99
100
101
103
107
108
109
112
116
118
119
123
124
125
126
127
128
130
131
134
135
136
137
138
140
141
142
146
147
148
149
152
155
157
162
163
168
169
170
179
180
181
183
187
188
189
191
193
195
199
200
201
203
204
205
206
207
208
209
210
212
213
214
215
216
221
222
223
224
226
227
228
229
230
233
236
237
242
243
244
247
251
254
256
258
260
262
264
265
266
270
271
272
274
275
277
278
279
281
284
285
287
288
290
292
295
296
297
300
302
303
304
305
307
308
310
313
314
320
321
322
323
327
331
334
339
340
344
345
347
349
350
351
352
353
354
356
360
369
370
371
376
378
379
383
386
387
394
399
400
401
402
403
405
408
409
410
418
421
422
423
425
426
427
428
430
431
432
433
436
438
439
441
445
446
448
450
451
452
457
458
459
463
464
468
475
479
480
481
482
483
484
487
489
491
494
495
501
502
503
505
508
509
510
512
513
515
517
519
520
521
525
527
528
529
535
538
540
543
546
549
550
552
553
554
555
556
559
563
565
568
569
570
571
572
573
574
576
579
581
582
583
585
590
591
592
593
594
595
596
597
598
599
600
601
603
604
607
609
610
611
612
613
616
620
621
622
624
625
628
635
638
645
648
651
652
654
658
662
663
664
665
666
670
673
675
678
679
680
682
683
684
685
690
692
693
694
695
697
698
699
700
701
706
709
717
720
721
724
729
734
735
736
737
738
739
740
741
742
743
744
749
752
754
759
760
763
768
769
770
771
772
777
778
779
780
782
787
788
789
792
794
795
797
798
799
801
804
805
806
807
809
817
818
821
822
823
824
825
829
830
831
837
839
844
848
850
855
856
857
858
859
860
865
867
868
870
872
875
877
878
880
883
884
887
888
889
891
892
895
897
898
900
901
902
904
906
908
909
912
913
917
918
919
920
921
929
931
934
942
943
944
946
947
950
952
957
961
967
968
969
970
972
973
978
979
986
987
992
998
1004
1005
1006
1013
1016
1018
1019
1022
1023
1024
1025
1029
1030
1033
1035
1036
1040
1041
1043
1044
1051
1052
1055
1056
1057
1062
1064
1065
1066
1071
1074
1075
1077
1079
1090
1098
1101
1105
1109
1120
1122
1124
1126
1128
1129
1132
1134
1137
1139
1143
1147
1149
1156
1157
1158
1159
1162
1166
1167
1168
1179
1180
1181
1184
1186
1187
1200
1202
1204
1209
1212
1213
1215
1218
1219
1220
1222
1223
1227
1235
1245
1250
1256
1257
1258
1260
1261
1264
1267
1269
1271
1275
1276
1279
1286
1287
1290
1291
1294
1297
1302
1312
1314
1320
1321
1322
1323
1325
1326
1327
1331
1338
1340
1346
1347
1348
1350
1351
1353
1362
1372
1375
1379
1386
1387
1399
1400
1404
1410
1412
1419
1427
1429
1435
1436
1439
1445
1446
1447
1455
1458
1459
1462
1463
1464
1465
1471
1472
1474
1477
1479
1480
1481
1487
1495
1497
1500
1502
1503
1504
1506
1507
1508
1510
1514
1521
1523
1530
1538
1540
1541
1543
1544
1545
1546
1561
1563
1571
1572
1576
1580
1589
1596
1600
1601
1603
1604
1616
1617
1620
1628
1629
1633
1635
1637
1638
1643
1644
1645
1646
1653
1679
1683
1690
1692
1693
1696
1704
1705
1708
1710
1712
1726
1731
1733
1740
1742
1744
1746
1748
1751
1756
1759
1763
1764
1766
1768
1769
1772
1773
1774
1777
1788
1792
1794
1795
1809
1811
1835
1840
1841
1842
1846
1850
1852
1859
1867
1868
1881
1884
1887
1894
1895
1901
1902
1903
1917
1929
1931
1932
1933
1939
1943
1945
1947
1948
1950
1956
1957
1960
1962
1969
1974
1977
1979
1986
1996
1999
2009
2010
2015
2016
2027
2030
2032
2033
2034
2037
2041
2042
2043
2044
2046
2047
2052
2054
2057
2062
2064
2070
2073
2076
2077
2079
2082
2086
2088
2092
2096
2099
2104
2105
2109
2110
2113
2115
2122
2123
2124
2128
2129
2130
2132
2136
2138
2141
2143
2150
2151
2152
2157
2159
2177
2183
2184
2185
2189
2192
2193
2194
2196
2198
2202
2204
2213
2215
2220
2229
2235
2237
2238
2246
2249
2251
2253
2255
2257
2260
2265
2266
2272
2276
2281
2282
2284
2285
2288
2292
2294
2296
2303
2305
2307
2316
2319
2322
2323
2327
2328
2330
2331
2333
2334
2341
2344
2351
2354
2355
2358
2359
2364
2367
2368
2369
2371
2372
2377
2378
2383
2384
2388
2398
2399
2400
2407
2408
2412
2416
2422
2424
2427
2432
2434
2440
2446
2448
2450
2452
2456
2460
2464
2466
2477
2486
2490
2491
2501
2504
2507
2511
2516
2521
2524
2525
2528
2529
2531
2539
2543
2544
2546
2547
2548
2549
2551
2552
2558
2559
2563
2565
2566
2567
2568
2569
2572
2573
2574
2575
2576
2581
2582
2583
2585
2587
2588
2590
2592
2593
2594
2595
2600
2601
2602
2603
2604
2605
2606
2608
2610
2611
2613
2615
2616
2617
2620
2621
2622
2623
2624
2625
2627
2628
2629
2633
2634
2636
2640
2641
2644
2645
2647
2648
2649
2650
2651
2652
2653
2657
2658
2662
2664
2666
2667
2669
2671
2673
2675
2677
2678
2679
2680
2682
2683
2684
2689
2693
2694
2696
2702
2711
2713
2715
2717
2720
2722
2724
2725
2728
2732
2734
2738
2743
2744
2746
2747
2748
2749
2750
2753
2754
2755
2756
2757
2760
2761
2763
2764
2766
2771
2774
2775
2776
2777
2781
2782
2783
2784
2786
2792
2793
2794
2796
2797
2800
2802
2803
2807
2809
2810
2813
2816
2818
2819
2822
2826
2827
2830
2832
2834
2835
2836
2837
2840
2843
2844
2845
2846
2848
2851
2853
2854
2855
2857
2860
2862
2864
2865
2868
2869
2873
2874
2875
2877
2878
2879
2880
2882
2885
2897
2899
2900
2903
2905
2914
2915
2916
2930
2941
2943
2947
2950
2953
2958
2960
2962
2970
2971
2972
2973
2977
2978
2980
2987
2988
2989
2994
2996
3004
3007
3008
3010
3011
3016
3021
3025
3029
3031
3033
3037
3040
3046
3047
3049
3051
3058
3059
3060
3061
3065
3075
3076
3077
3078
3083
3084
3086
3091
3094
3095
3103
3111
3115
3116
3123
3126
3127
3132
3139
3140
3143
3144
3145
3150
3152
3153
3156
3157
3158
3163
3166
3174
3183
3185
3187
3190
3194
3197
3202
3204
3206
3207
3208
3209
3210
3214
3217
3222
3223
3225
3227
3228
3232
3233
3235
3245
3248
3250
3253
3264
3265
3269
3270
3271
3276
3277
3281
3285
3287
3289
3291
3292
3296
3298
3308
3309
3311
3314
3321
3325
3326
3331
3340
3341
3343
3346
3347
3349
3356
3357
3359
3361
3363
3368
3369
3371
3373
3376
3379
3382
3385
3386
3396
3398
3399
3408
3410
3414
3416
3418
3426
3427
3430
3431
3432
3442
3447
3450
3454
3455
3457
3459
3462
3463
3464
3466
3467
3468
3470
3472
3473
3474
3475
3476
3477
3479
3480
3483
3484
3485
3489
3494
3498
3504
3506
3512
3515
3516
3517
3518
3522
3525
3526
3529
3530
3533
3539
3543
3544
3545
3546
3547
3549
3550
3553
3554
3556
3557
3558
3559
3560
3564
3565
3566
3568
3570
3572
3573
3574
3576
3578
3581
3583
3584
3585
3586
3589
3590
3591
3593
3594
3596
3597
3598
3599
3604
3605
3606
3607
3608
3609
3610
3611
3612
3614
3616
3617
3620
3622
3623
3624
3625
3626
3630
3632
3634
3635
3638
3642
3646
3647
3650
3651
3652
3654
3655
3658
3660
3661
3662
3663
3665
3667
3671
3675
3679
3682
3683
3685
3687
3688
3689
3690
3693
3694
3696
3697
3698
3702
3704
3706
3707
3708
3709
3711
3713
3715
3717
3718
3720
3721
3722
3724
3725
3729
3730
3731
3732
3733
3734
3737
3739
3740
3741
3746
3747
3751
3752
3755
3757
3758
3760
3764
3766
3770
3771
3772
3774
3782
3783
3786
3789
3791
3800
3801
3802
3803
3807
3808
3809
3811
3813
3815
3821
3824
3825
3826
3827
3828
3829
3831
3834
3838
3843
3848
3851
3860
3861
3864
3865
3866
3867
3868
3869
3870
3873
3874
3880
3881
3888
3895
3897
3898
3899
3900
3901
3902
3907
3908
3913
3920
3921
3925
3931
3935
3936
3937
3949
3952
3953
3954
3955
3956
3960
3964
3965
3968
3977
3983
3988
3993
3994
3999
4000
4005
4006
4008
4009
4010
4012
4013
4016
4017
4019
4023
4024
4027
4032
4033
4034
4035
4036
4059
4067
4070
4073
4076
4077
4078
4081
4082
4084
4090
4096
4098
4101
4103
4107
4111
4118
4119
4120
4125
4131
4133
4134
4137
4140
4141
4147
4148
4150
4151
4153
4159
4160
4161
4173
4179
4184
4186
4188
4189
4194
4195
4198
4200
4203
4205
4206
4209
4215
4216
4217
4220
4221
4222
4228
4231
4240
4241
4249
4250
4251
4256
4258
4260
4267
4276
4278
4283
4291
4293
4298
4299
4300
4302
4303
4308
4313
4314
4316
4322
4323
4324
4334
4335
4338
4340
4350
4351
4352
4357
4358
4359
4360
4364
4365
4370
4371
4372
4374
4378
4380
4382
4383
4384
4388
4389
4390
4405
4408
4412
4419
4420
4424
4425
4426
4429
4437
4441
4443
4444
4445
4451
4453
4457
4458
4459
4465
4466
4470
4471
4477
4478
4479
4481
4482
4487
4489
4504
4509
4510
4522
4523
4524
4531
4536
4543
4544
4546
4551
4555
4560
4568
4569
4575
4576
4577
4582
4590
4594
4595
4596
4597
4603
4604
4605
4609
4610
4613
4614
4615
4619
4624
4628
4630
4632
4633
4634
4635
4636
4641
4649
4651
4652
4655
4658
4663
4666
4670
4674
4675
4677
4679
4685
4688
4689
4694
4696
4699
4702
4703
4704
4710
4715
4717
4720
4724
4726
4727
4742
4747
4748
4757
4758
4763
4765
4774
4775
4776
4778
4779
4781
4785
4787
4788
4798
4800
4801
4803
4805
4810
4812
4813
4814
4816
4817
4821
4828
4830
4831
4835
4837
4838
4840
4843
4847
4849
4851
4856
4861
4865
4866
4868
4869
4871
4872
4875
4876
4878
4880
4882
4884
4886
4887
4894
4896
4898
4900
4903
4905
4907
4909
4915
4918
4920
4926
4927
4928
4929
4930
4931
4932
4940
4943
4951
4953
4959
4973
4976
4979
4984
4988
4996
4997
5000
5007
5011
5015
5021
5030
5035
5036
5038
5041
5042
5045
5052
5065
5069
5074
5082
5084
5097
5102
5108
5111
5116
5120
5121
5123
5126
5131
5133
5146
5148
5153
5155
5159
5163
5172
5176
5186
5189
5190
5192
5196
5205
5222
5231
5235
5240
5247
5250
5254
5261
5282
5298
5301
5302
5307
5309
5311
5317
5321
5323
5325
5326
5328
5330
5336
5352
5356
5358
5361
5369
5370
5372
5376
5382
5392
5400
5408
5421
5428
5432
5436
5438
5443
5446
5447
5458
5460
5466
5470
5471
5476
5485
5488
5489
5490
5491
5493
5494
5496
5500
5505
5511
5514
5519
5520
5521
5526
5540
5546
5549
5550
5551
5553
5558
5560
5561
5563
5566
5567
5571
5577
5579
5580
5581
5583
5585
5588
5591
5592
5594
5596
5598
5601
5603
5609
5610
5611
5619
5621
5624
5625
5626
5627
5629
5632
5634
5636
5639
5640
5642
5645
5646
5649
5655
5656
5657
5658
5662
5668
5671
5675
5677
5678
5679
5684
5688
5692
5697
5700
5703
5704
5708
5715
5723
5724
5728
5734
5743
5745
5748
5751
5755
5759
5764
5767
5768
5770
5772
5773
5786
5787
5788
5789
5790
5791
5792
5793
5797
5798
5799
5800
5803
5804
5806
5815
5816
5817
5825
5826
5829
5831
5833
5834
5836
5838
5840
5848
5852
5853
5860
5861
5869
5871
5872
5873
5874
5875
5876
5879
5882
5883
5884
5888
5891
5895
5896
5901
5902
5903
5905
5907
5908
5912
5913
5914
5918
5920
5923
5926
5927
5928
5929
5930
5931
5933
5937
5943
5945
5946
5949
5950
5952
5953
5956
5960
5961
5966
5967
5968
5970
5977
5985
5989
5991
5992
5994
6000
6002
6003
6004
6007
6011
6015
6019
6021
6025
6026
6036
6038
6039
6040
6041
6043
6049
6050
6053
6057
6067
6068
6075
6076
6078
6080
6085
6089
6092
6093
6094
6099
6102
6113
6120
6121
6122
6131
6134
6142
6143
6146
6148
6150
6156
6159
6169
6170
6171
6172
6182
6183
6185
6186
6187
6199
6200
6205
6207
6211
6212
6218
6219
6221
6225
6230
6234
6241
6242
6243
6250
6251
6252
6257
6261
6271
6272
6276
6277
6278
6284
6285
6287
6291
6293
6296
6297
6298
6301
6303
6307
6317
6321
6322
6329
6348
6352
6353
6358
6360
6366
6367
6371
6372
6373
6375
6381
6383
6389
6392
6393
6398
6400
6401
6403
6404
6410
6412
6413
6418
6420
6435
6441
6445
6452
6455
6457
6458
6461
6463
6465
6466
6467
6468
6472
6474
6475
6477
6479
6485
6491
6493
6497
6506
6513
6514
6516
6523
6530
6532
6540
6544
6545
6546
6551
6555
6556
6560
6561
6562
6571
6576
6581
6589
6592
6593
6594
6596
6597
6607
6610
6612
6614
6615
6619
6620
6621
6625
6626
6627
6629
6634
6653
6654
6657
6661
6662
6665
6676
6679
6683
6688
6689
6698
6703
6704
6705
6710
6711
6718
6720
6722
6724
6727
6728
6738
6744
6757
6762
6767
6772
6787
6788
6790
6791
6792
6793
6799
6800
6801
6803
6807
6809
6810
6812
6813
6814
6818
6825
6826
6830
6844
6853
6862
6868
6870
6871
6881
6883
6887
6888
6890
6891
6893
6903
6904
6906
6911
6915
6918
6922
6926
6927
6937
6944
6951
6954
6955
6956
6960
6965
6968
6969
6970
6981
6984
6989
7004
7010
7011
7012
7025
7030
7031
7035
7037
7038
7040
7041
7044
7048
7055
7062
7063
7067
7072
7080
7091
7093
7095
7099
7113
7118
7125
7126
7130
7131
7132
7149
7158
7169
7173
7176
7199
7203
7208
7209
7211
7217
7223
7226
7229
7231
7232
7233
7234
7237
7247
7249
7250
7252
7253
7258
7259
7268
7273
7284
7285
7289
7290
7291
7292
7293
7298
7299
7302
7304
7306
7311
7314
7318
7323
7326
7338
7340
7341
7360
7371
7378
7403
7405
7406
7413
7414
7433
7440
7444
7449
7455
7458
7460
7462
7463
7471
7475
7480
7482
7486
7490
7496
7499
7501
7505
7506
7507
7520
7521
7528
7532
7539
7545
7546
7547
7550
7562
7564
7573
7584
7588
7592
7598
7599
7602
7605
7610
7616
7617
7618
7620
7621
7626
7629
7635
7636
7637
7638
7640
7641
7643
7649
7657
7661
7664
7666
7673
7676
7677
7682
7686
7687
7695
7700
7702
7705
7706
7707
7713
7716
7718
7724
7725
7726
7740
7745
7747
7749
7752
7756
7766
7769
7783
7787
7791
7793
7794
7799
7800
7804
7808
7818
7820
7821
7832
7835
7839
7841
7846
7849
7851
7856
7858
7862
7868
7869
7870
7873
7874
7877
7879
7887
7891
7892
7896
7899
7900
7904
7905
7907
7908
7909
7913
7919
7925
7940
7944
7969
7971
7972
7976
7980
7985
7986
7995
8002
8005
8006
8007
8012
8015
8022
8026
8030
8038
8047
8049
8052
8053
8054
8057
8060
8062
8063
8069
8074
8077
8080
8081
8083
8087
8090
8099
8102
8125
8131
8135
8145
8153
8158
8161
8164
8166
8169
8170
8174
8176
8183
8188
8198
8215
8223
8229
8233
8245
8247
8254
8266
8279
8292
8302
8310
8315
8319
8336
8345
8350
8352
8354
8358
8359
8370
8371
8376
8377
8379
8386
8390
8400
8405
8412
8416
8417
8421
8424
8429
8434
8440
8444
8448
8455
8458
8461
8462
8471
8472
8480
8485
8486
8492
8494
8498
8499
8501
8502
8505
8508
8511
8513
8518
8519
8528
8529
8542
8545
8550
8561
8567
8571
8576
8577
8578
8579
8583
8586
8597
8599
8603
8605
8609
8613
8615
8618
8622
8638
8640
8647
8648
8652
8660
8667
8674
8682
8687
8690
8693
8702
8705
8730
8732
8733
8736
8737
8741
8745
8761
8769
8773
8774
8780
8783
8785
8787
8788
8792
8794
8802
8808
8818
8824
8826
8827
8828
8840
8848
8849
8853
8856
8864
8865
8866
8871
8873
8877
8884
8885
8894
8906
8914
8917
8920
8921
8922
8924
8926
8928
8934
8939
8944
8958
8960
8961
8965
8966
8973
8980
8989
8990
8993
9002
9005
9007
9009
9031
9045
9049
9055
9061
9066
9069
9081
9089
9092
9095
9104
9107
9112
9124
9125
9129
9131
9137
9139
9143
9172
9179
9184
9194
9196
9197
9199
9202
9207
9208
9239
9254
9315
9316
9317
9325
9327
9334
9337
9338
9348
9349
9350
9352
9354
9365
9374
9378
9392
9404
9409
9417
9418
9423
9429
9443
9444
9447
9448
9449
9453
9459
9476
9477
9479
9481
9484
9487
9491
9501
9507
9510
9517
9519
9521
9524
9526
9528
9529
9533
9549
9550
9553
9559
9568
9570
9572
9575
9579
9585
9590
9600
9606
9621
9623
9625
9627
9638
9645
9652
9656
9660
9661
9662
9666
9669
9670
9672
9684
9695
9699
9702
9712
9715
9724
9730
9735
9740
9749
9751
9767
9771
9776
9795
9808
9809
9810
9813
9820
9824
9830
9833
9835
9838
9847
9857
9859
9861
9867
9868
9877
9887
9888
9899
9900
9902
9909
9918
9922
9940
9941
9942
9960
9968
9977
9986
9987
9988
9990
9993
9995
10017
10020
10023
10024
10034
10036
10040
10052
10063
10068
10079
10086
10088
10102
10110
10127
10130
10131
10137
10154
10156
10165
10166
10167
10168
10169
10170
10171
10172
10173
10174
10175
10176
10177
10178
10180
10188
10189
10190
10207
10222
10236
10243
10245
10253
10257
10281
10299
10317
10326
10333
10344
10345
10388
10390
10398
10404
10418
10426
10447
10468
10469
10476
10483
10494
10514
10533
10546
10550
10561
10562
10571
10576
10577
10607
10609
10616
10627
10630
10673
10682
10693
10695
10699
10714
10727
10730
10731
10754
10761
10764
10779
10780
10785
10786
10792
10803
10804
10807
10808
10815
10821
10823
10824
10827
10828
10845
10847
10852
10855
10856
10857
10864
10868
10889
10898
10903
10912
10914
10916
10920
10938
10939
10945
10948
10966
10969
10988
11005
11013
11014
11015
11017
11065
11066
11088
11102
11103
11111
11114
11121
11126
11127
11137
11141
11148
11154
11181
11194
11267
11284
11287
11299
11314
11331
11341
11351
11360
11383
11387
11388
11409
11438
11450
11456
11457
11459
11461
11469
11485
11494
11500
11509
11523
11526
11529
11540
11542
11543
11546
11547
11548
11549
11568
11572
11573
11574
11587
11601
11621
11632
11640
11668
11704
11706
11734
11742
11747
11795
11797
11798
11799
11806
11813
11818
11837
11882
11906
11914
11923
11955
11977
11978
12000
12038
12055
12060
12066
12084
12100
12138
12139
12140
12147
12162
12164
12170
12183
12189
12235
12246
12260
12262
12275
12290
12316
12341
12355
12358
12388
12391
12399
12406
12523
12531
12532
12533
12538
12548
12551
12558
12577
12585
12591
12596
12600
12621
12622
12629
12653
12666
12709
12728
12737
12743
12744
12745
12746
12747
12748
12749
12750
12751
12752
12753
12754
12755
12756
12757
12758
12760
12762
12764
12765
12766
12767
12768
12769
12770
12772
12773
12774
12775
12776
12782
12810
12817
12855
12881
12905
12908
12914
12919
12941
12954
12960
12970
12977
12986
12992
12994
12998
13001
13019
13024
13039
13079
13100
13101
13103
13108
13130
13131
13170
13181
13190
13194
13227
13242
13267
13275
13318
13320
13323
13339
13349
13426
13453
13462
13464
13469
13515
13536
13544
13564
13572
13577
13578
13590
13596
13599
13612
13617
13630
13647
13655
13656
13668
13706
13713
13783
13821
13879
13891
13899
13937
13938
13959
13977
13984
14001
14002
14036
14051
14058
14062
14117
14128
14159
14180
14181
14182
14183
14184
14185
14204
14205
14228
14260
14284
14332
14393
14413
14474
14494
14573
14581
14610
14663
14690
14692
14705
14725
14742
14748
14749
14760
14776
14780
14786
14798
14802
14819
14846
14858
14915
14921
14934
14977
14993
15011
15038
15040
15051
15092
15097
15169
15175
15183
15209
15216
15243
15249
15262
15272
15287
15296
15303
15315
15316
15321
15329
15377
15384
15386
15389
15400
15404
15415
15443
15455
15462
15549
15556
15580
15610
15627
15723
15740
15747
15765
15881
15913
15914
15915
15916
15917
15918
15919
15920
15921
15922
15929
16029
16062
16089
16173
16277
16281
16345
16346
16356
16399
16422
16488
16494
16504
16511
16523
16596
16659
16700
16739
16771
16775
16807
17314
17321
17405
17533
17661
17796
17837
17858
17877
18013
18107
18167
18196
18275
18299
18312
18328
18374
18506
18507
18553
18556
18974
19007
19218
19245
