0
1
3
4
6
7
8
9
10
11
12
13
14
15
16
17
18
19
20
22
23
24
26
27
28
29
30
31
32
36
37
38
39
40
41
42
43
45
46
47
48
50
51
53
54
55
56
57
58
59
60
61
62
63
64
65
66
67
68
69
70
71
72
73
74
75
76
77
78
79
80
81
82
83
84
85
86
87
88
89
90
91
92
93
94
95
96
97
98
99
100
101
103
106
107
108
109
111
112
113
114
115
116
117
118
119
120
122
123
124
125
126
127
128
130
131
132
133
134
135
136
137
138
139
140
141
142
143
144
145
146
147
148
149
150
151
152
153
155
156
157
159
160
162
163
165
166
167
168
169
170
171
172
173
174
175
176
177
178
179
180
181
182
183
184
185
186
187
188
189
191
192
193
194
195
196
197
198
199
200
201
202
203
204
205
206
207
209
210
211
212
213
214
215
216
217
218
219
220
221
222
223
224
225
226
227
228
229
230
232
233
234
236
237
239
240
241
242
243
244
245
246
247
248
250
252
253
254
256
257
258
259
260
262
263
264
267
268
270
271
272
273
275
276
277
278
279
280
281
282
283
284
285
286
287
288
289
290
293
295
296
297
298
299
300
301
302
303
304
307
308
309
310
311
312
313
315
316
317
319
320
321
322
323
325
326
327
328
329
330
331
332
334
335
336
337
339
340
341
343
344
345
346
347
348
349
350
351
352
353
354
355
356
357
358
359
360
361
362
363
365
366
367
368
369
370
371
372
374
375
376
377
378
379
381
383
384
385
386
387
388
389
390
391
392
393
394
395
396
398
399
400
401
402
403
404
405
406
408
409
410
411
412
413
415
417
418
419
421
422
423
424
425
426
427
428
430
431
432
433
435
436
437
438
439
440
441
442
443
445
446
448
449
450
451
453
454
455
457
458
461
463
464
465
466
467
469
470
471
472
473
474
475
477
478
479
480
481
482
483
485
488
490
491
492
493
494
496
497
499
500
501
503
504
505
506
507
508
510
512
513
514
516
517
518
519
520
521
522
524
525
526
527
528
529
530
531
532
533
534
535
536
537
538
539
540
541
542
543
544
545
546
549
550
551
552
553
554
555
558
559
561
563
564
565
566
567
568
569
570
572
573
574
575
576
579
581
582
583
584
585
586
587
588
589
590
591
593
594
595
596
597
599
600
601
602
603
604
605
606
607
608
609
610
611
612
613
614
615
616
617
618
619
620
622
623
624
625
626
627
628
629
630
631
632
633
634
635
636
638
639
640
642
644
645
646
647
648
649
650
651
652
653
654
656
657
658
659
662
663
664
665
666
668
669
670
671
672
673
675
678
679
680
681
682
683
685
686
687
689
690
691
692
693
694
695
696
697
699
700
701
703
704
706
707
708
709
710
711
714
715
716
717
718
719
720
721
722
724
725
727
728
729
731
732
733
734
735
736
737
738
739
740
741
743
744
745
749
750
751
752
753
754
755
756
757
758
759
760
761
762
763
765
767
768
769
770
772
773
774
775
777
778
779
780
781
782
784
785
786
787
788
789
790
792
793
794
795
796
797
798
801
803
804
805
806
807
808
810
811
812
813
814
815
817
818
820
821
822
823
824
825
826
827
828
830
831
832
833
834
835
836
837
838
839
841
843
844
845
846
848
849
850
851
853
854
855
856
857
858
859
860
862
863
864
865
867
868
869
870
872
873
874
875
876
878
879
880
882
884
885
886
887
888
889
890
891
892
893
894
895
896
898
900
901
902
903
904
905
907
908
909
911
912
913
917
918
919
920
921
922
923
924
925
926
927
928
929
930
932
933
935
936
937
938
939
940
941
943
944
945
946
947
948
949
950
951
952
953
954
955
956
957
958
959
960
961
963
964
965
966
968
969
971
973
974
975
976
977
978
979
980
982
983
984
986
987
988
990
991
992
994
995
996
997
998
999
1002
1003
1004
1005
1006
1008
1009
1011
1012
1013
1014
1015
1016
1018
1019
1022
1024
1025
1027
1028
1029
1030
1031
1032
1033
1034
1035
1036
1037
1038
1040
1041
1042
1043
1044
1045
1046
1048
1049
1050
1051
1052
1055
1056
1057
1058
1059
1061
1062
1063
1064
1065
1066
1067
1068
1069
1070
1071
1072
1073
1074
1075
1076
1077
1078
1079
1082
1083
1084
1085
1086
1087
1088
1089
1090
1091
1092
1094
1095
1096
1097
1098
1099
1101
1102
1103
1105
1106
1107
1108
1109
1110
1111
1112
1113
1114
1115
1117
1119
1122
1123
1124
1125
1126
1127
1128
1129
1131
1132
1133
1134
1135
1137
1138
1139
1141
1143
1144
1145
1146
1149
1150
1152
1153
1156
1158
1159
1160
1161
1162
1164
1165
1166
1167
1169
1170
1172
1174
1175
1176
1178
1179
1180
1181
1182
1184
1185
1186
1187
1188
1189
1190
1191
1192
1193
1194
1195
1196
1197
1198
1199
1200
1204
1206
1208
1209
1210
1211
1212
1213
1215
1216
1218
1219
1220
1221
1223
1224
1225
1226
1227
1228
1230
1231
1232
1234
1235
1236
1237
1238
1242
1243
1244
1245
1247
1248
1249
1250
1251
1252
1253
1254
1255
1256
1257
1258
1259
1261
1264
1265
1267
1268
1269
1270
1271
1272
1274
1275
1276
1277
1278
1279
1280
1285
1286
1287
1291
1292
1295
1296
1297
1299
1302
1303
1304
1308
1309
1310
1312
1313
1314
1315
1316
1318
1320
1321
1322
1323
1325
1326
1327
1328
1329
1331
1332
1333
1334
1335
1337
1338
1339
1347
1348
1349
1350
1351
1352
1353
1354
1355
1356
1358
1361
1362
1364
1365
1367
1369
1370
1372
1373
1374
1377
1378
1379
1380
1381
1383
1385
1386
1387
1389
1390
1392
1393
1394
1395
1398
1399
1400
1401
1402
1403
1404
1406
1407
1409
1410
1411
1412
1413
1416
1417
1418
1419
1421
1422
1425
1426
1427
1429
1431
1432
1433
1434
1435
1436
1437
1439
1440
1441
1442
1443
1444
1445
1446
1447
1448
1449
1450
1451
1452
1454
1455
1456
1457
1458
1459
1461
1462
1463
1464
1465
1466
1467
1468
1469
1470
1471
1472
1473
1474
1475
1476
1477
1478
1479
1480
1481
1482
1483
1485
1487
1489
1490
1492
1494
1495
1496
1497
1498
1499
1500
1501
1502
1503
1504
1505
1507
1508
1509
1512
1513
1514
1516
1517
1518
1520
1521
1522
1523
1524
1526
1527
1528
1530
1532
1536
1541
1543
1544
1545
1547
1548
1549
1550
1551
1552
1553
1554
1556
1558
1559
1560
1561
1562
1563
1565
1566
1567
1568
1570
1571
1572
1573
1574
1575
1576
1578
1579
1580
1581
1583
1584
1585
1587
1589
1590
1591
1592
1593
1594
1595
1596
1597
1598
1599
1600
1601
1603
1605
1606
1610
1615
1616
1618
1622
1623
1624
1625
1626
1627
1628
1629
1630
1633
1635
1636
1637
1638
1639
1640
1641
1642
1644
1647
1648
1650
1651
1652
1653
1654
1655
1656
1657
1658
1659
1660
1661
1662
1663
1664
1665
1667
1668
1670
1671
1673
1674
1675
1677
1678
1679
1680
1683
1686
1687
1688
1689
1690
1691
1692
1693
1694
1695
1696
1697
1699
1701
1703
1705
1706
1708
1709
1710
1712
1713
1714
1715
1716
1718
1719
1720
1721
1722
1723
1726
1727
1728
1729
1730
1731
1732
1733
1734
1735
1736
1737
1739
1740
1741
1742
1743
1744
1745
1746
1747
1748
1750
1752
1753
1755
1756
1757
1758
1759
1760
1761
1762
1763
1764
1765
1766
1768
1769
1770
1771
1772
1773
1774
1776
1777
1778
1782
1783
1784
1788
1789
1790
1791
1792
1794
1795
1797
1798
1799
1802
1805
1807
1808
1809
1810
1811
1812
1813
1815
1818
1819
1820
1821
1822
1826
1830
1831
1832
1835
1836
1838
1840
1841
1843
1845
1846
1848
1850
1852
1853
1856
1857
1859
1860
1862
1864
1865
1867
1868
1869
1870
1875
1876
1877
1880
1881
1883
1884
1885
1886
1887
1889
1890
1891
1892
1894
1895
1896
1897
1898
1900
1901
1902
1903
1904
1906
1909
1912
1913
1915
1917
1918
1919
1920
1922
1923
1925
1930
1931
1932
1935
1937
1938
1939
1940
1941
1942
1943
1944
1945
1947
1948
1950
1951
1952
1953
1955
1956
1957
1958
1959
1960
1962
1964
1966
1967
1968
1969
1970
1971
1972
1973
1974
1976
1977
1978
1979
1980
1981
1982
1983
1984
1985
1986
1989
1990
1991
1993
1995
1996
1997
1998
1999
2000
2001
2003
2004
2005
2006
2007
2009
2010
2013
2015
2016
2017
2019
2021
2022
2024
2025
2026
2027
2028
2029
2032
2033
2034
2036
2037
2038
2039
2041
2042
2043
2046
2047
2048
2049
2050
2052
2053
2054
2055
2057
2059
2060
2061
2062
2064
2065
2066
2067
2068
2069
2070
2073
2074
2075
2076
2077
2078
2079
2081
2082
2083
2085
2086
2087
2088
2089
2090
2091
2092
2093
2094
2096
2097
2098
2099
2100
2101
2103
2104
2105
2106
2107
2109
2111
2112
2113
2114
2116
2118
2120
2124
2125
2126
2128
2129
2130
2132
2133
2134
2136
2137
2138
2140
2142
2144
2146
2147
2148
2150
2151
2154
2155
2157
2158
2159
2160
2161
2162
2163
2164
2165
2167
2168
2169
2172
2173
2174
2175
2176
2177
2178
2183
2184
2185
2188
2189
2190
2193
2194
2195
2196
2197
2198
2199
2200
2201
2202
2204
2205
2207
2208
2209
2211
2212
2214
2215
2216
2218
2219
2220
2221
2222
2223
2224
2225
2227
2228
2229
2231
2232
2234
2235
2236
2237
2238
2239
2240
2241
2246
2247
2248
2249
2250
2251
2252
2253
2255
2256
2257
2260
2263
2264
2265
2266
2268
2269
2270
2273
2276
2277
2278
2279
2281
2284
2288
2289
2290
2293
2294
2296
2297
2298
2299
2300
2301
2304
2306
2307
2308
2309
2310
2311
2312
2315
2316
2318
2320
2321
2322
2323
2324
2327
2328
2329
2330
2333
2334
2336
2337
2338
2341
2343
2344
2354
2355
2358
2359
2361
2363
2364
2366
2367
2368
2369
2370
2371
2372
2373
2376
2377
2379
2381
2384
2385
2386
2387
2388
2392
2393
2394
2396
2398
2399
2402
2403
2404
2407
2408
2410
2412
2414
2416
2417
2418
2419
2421
2422
2423
2424
2425
2427
2429
2430
2432
2434
2435
2436
2438
2441
2443
2444
2446
2448
2449
2450
2452
2453
2455
2456
2457
2463
2464
2465
2466
2467
2468
2469
2472
2473
2474
2477
2478
2484
2486
2487
2488
2489
2490
2491
2492
2493
2494
2495
2496
2498
2499
2500
2501
2503
2505
2507
2508
2509
2510
2511
2512
2513
2514
2515
2516
2517
2518
2519
2520
2521
2523
2524
2525
2526
2527
2528
2529
2530
2531
2532
2533
2534
2536
2538
2539
2540
2541
2542
2543
2544
2545
2546
2547
2548
2549
2550
2551
2552
2553
2554
2555
2556
2557
2558
2559
2561
2562
2563
2564
2566
2567
2568
2569
2570
2571
2574
2575
2578
2579
2580
2581
2582
2583
2584
2585
2586
2587
2588
2590
2591
2592
2593
2594
2595
2596
2597
2598
2599
2600
2601
2602
2603
2604
2605
2606
2608
2609
2610
2611
2612
2613
2614
2615
2616
2617
2619
2622
2623
2624
2625
2626
2627
2628
2629
2633
2634
2635
2636
2637
2640
2641
2642
2643
2644
2645
2646
2647
2648
2649
2650
2651
2652
2653
2654
2656
2657
2658
2659
2660
2661
2662
2663
2664
2665
2666
2667
2669
2670
2671
2672
2674
2676
2677
2678
2679
2680
2681
2682
2683
2684
2685
2686
2687
2688
2690
2691
2692
2693
2694
2696
2697
2698
2700
2701
2702
2703
2705
2706
2707
2708
2709
2710
2711
2713
2714
2715
2717
2718
2719
2720
2721
2722
2723
2724
2725
2726
2727
2728
2729
2730
2732
2733
2734
2738
2739
2741
2742
2743
2744
2745
2746
2747
2748
2749
2751
2752
2754
2755
2757
2758
2759
2760
2761
2762
2763
2765
2766
2769
2770
2771
2772
2773
2774
2775
2777
2778
2779
2780
2781
2782
2783
2784
2786
2787
2788
2790
2792
2793
2794
2795
2796
2797
2798
2799
2800
2801
2802
2803
2805
2807
2808
2809
2810
2811
2813
2814
2815
2816
2817
2818
2819
2820
2821
2822
2823
2824
2825
2826
2827
2828
2829
2830
2832
2833
2834
2835
2836
2837
2838
2839
2840
2841
2842
2843
2844
2845
2846
2848
2849
2850
2851
2852
2853
2854
2855
2856
2857
2859
2860
2861
2862
2863
2864
2865
2866
2867
2868
2869
2870
2871
2872
2873
2874
2875
2876
2877
2878
2879
2880
2881
2882
2884
2885
2886
2887
2888
2889
2890
2892
2893
2894
2895
2896
2897
2898
2899
2900
2901
2902
2903
2904
2906
2907
2908
2910
2912
2913
2914
2915
2918
2919
2920
2921
2922
2924
2925
2926
2927
2929
2930
2931
2932
2933
2934
2935
2936
2937
2938
2939
2941
2942
2944
2945
2946
2947
2948
2949
2950
2952
2953
2954
2956
2957
2958
2959
2960
2961
2962
2963
2964
2965
2967
2969
2970
2971
2973
2974
2975
2976
2977
2978
2980
2981
2983
2985
2987
2988
2989
2990
2991
2992
2994
2995
2996
2997
2998
2999
3000
3001
3002
3003
3004
3007
3008
3010
3011
3012
3013
3014
3015
3016
3017
3018
3019
3020
3021
3022
3023
3025
3026
3028
3029
3030
3031
3033
3034
3035
3037
3038
3042
3044
3046
3047
3049
3050
3051
3052
3053
3054
3056
3057
3058
3059
3060
3061
3064
3065
3068
3069
3070
3071
3072
3073
3075
3076
3077
3078
3079
3080
3082
3083
3084
3085
3086
3088
3089
3090
3091
3092
3094
3095
3096
3097
3098
3099
3100
3102
3103
3104
3105
3106
3107
3108
3109
3110
3111
3112
3113
3114
3115
3116
3117
3118
3119
3120
3121
3123
3124
3126
3127
3128
3129
3130
3131
3132
3133
3134
3136
3137
3138
3139
3140
3141
3142
3143
3144
3145
3147
3150
3152
3153
3154
3155
3156
3157
3158
3159
3160
3161
3162
3163
3164
3165
3166
3168
3169
3170
3171
3172
3173
3174
3175
3176
3177
3179
3180
3182
3183
3184
3185
3186
3187
3188
3190
3191
3192
3193
3194
3195
3196
3197
3199
3200
3201
3203
3204
3205
3206
3207
3208
3209
3210
3211
3213
3214
3215
3216
3217
3218
3219
3220
3223
3224
3226
3227
3228
3230
3231
3232
3233
3234
3235
3237
3238
3239
3240
3242
3243
3244
3245
3246
3248
3249
3250
3251
3253
3254
3255
3256
3257
3258
3259
3260
3261
3262
3263
3264
3265
3266
3267
3268
3269
3270
3271
3272
3274
3275
3276
3277
3278
3279
3280
3282
3283
3284
3285
3286
3287
3288
3290
3291
3292
3293
3295
3296
3297
3298
3299
3300
3301
3302
3304
3305
3306
3308
3309
3310
3311
3312
3313
3314
3315
3316
3317
3319
3321
3322
3323
3324
3325
3326
3328
3330
3331
3332
3333
3334
3336
3337
3338
3339
3340
3341
3342
3343
3344
3345
3346
3347
3348
3349
3350
3352
3354
3356
3357
3359
3360
3361
3362
3363
3365
3367
3368
3369
3370
3371
3372
3373
3375
3376
3377
3379
3380
3383
3384
3385
3386
3387
3388
3389
3390
3394
3396
3397
3398
3399
3401
3402
3403
3404
3405
3406
3407
3408
3409
3410
3412
3413
3414
3415
3416
3417
3418
3419
3421
3422
3423
3424
3425
3426
3428
3429
3430
3431
3432
3433
3434
3435
3436
3437
3438
3439
3440
3441
3442
3443
3445
3447
3448
3449
3450
3451
3452
3453
3454
3455
3456
3457
3458
3459
3460
3461
3462
3463
3465
3466
3467
3468
3469
3470
3472
3473
3474
3475
3476
3477
3478
3479
3480
3481
3482
3483
3484
3485
3486
3487
3488
3489
3490
3492
3493
3494
3495
3496
3498
3500
3503
3504
3505
3506
3507
3509
3510
3511
3512
3513
3515
3516
3517
3518
3519
3520
3521
3522
3523
3524
3525
3526
3527
3529
3530
3532
3533
3534
3536
3538
3539
3540
3541
3543
3544
3545
3546
3547
3548
3549
3550
3551
3552
3553
3554
3556
3557
3558
3559
3560
3562
3564
3565
3566
3567
3568
3571
3572
3573
3574
3576
3577
3578
3579
3580
3581
3582
3583
3584
3585
3586
3589
3590
3591
3592
3593
3594
3595
3596
3597
3598
3599
3600
3601
3602
3603
3604
3605
3606
3607
3608
3609
3610
3611
3612
3613
3614
3615
3616
3617
3618
3619
3620
3621
3622
3623
3624
3625
3626
3628
3629
3630
3631
3632
3634
3635
3637
3638
3639
3640
3641
3642
3643
3644
3645
3646
3647
3648
3649
3650
3651
3652
3654
3655
3657
3658
3659
3661
3662
3664
3665
3667
3668
3670
3671
3672
3673
3674
3676
3678
3679
3682
3683
3684
3686
3687
3689
3690
3691
3692
3693
3694
3695
3696
3697
3698
3699
3701
3702
3703
3704
3705
3706
3707
3708
3709
3710
3711
3713
3714
3715
3717
3718
3719
3720
3721
3722
3725
3726
3727
3729
3730
3731
3732
3733
3734
3735
3737
3738
3740
3741
3742
3743
3744
3746
3747
3749
3750
3751
3752
3753
3754
3755
3756
3757
3758
3759
3760
3761
3763
3764
3766
3767
3769
3770
3771
3772
3773
3774
3776
3777
3778
3779
3780
3782
3783
3785
3786
3790
3791
3794
3795
3796
3797
3798
3799
3800
3801
3802
3803
3807
3808
3809
3810
3811
3812
3813
3814
3815
3817
3818
3819
3820
3821
3822
3823
3824
3825
3826
3827
3828
3829
3830
3831
3832
3833
3834
3835
3836
3837
3838
3839
3843
3844
3845
3848
3850
3851
3852
3854
3855
3856
3859
3860
3861
3864
3865
3866
3867
3868
3869
3870
3871
3872
3873
3874
3875
3878
3879
3880
3881
3882
3883
3884
3886
3887
3888
3889
3890
3891
3892
3893
3894
3896
3897
3898
3899
3900
3901
3902
3907
3911
3912
3913
3915
3917
3918
3919
3921
3922
3923
3924
3927
3929
3930
3931
3932
3933
3935
3937
3938
3939
3940
3941
3942
3943
3944
3945
3946
3947
3953
3954
3955
3956
3957
3958
3959
3960
3961
3962
3963
3964
3965
3966
3967
3968
3969
3970
3971
3972
3974
3977
3978
3979
3980
3981
3982
3983
3984
3985
3987
3988
3989
3993
3995
3996
3997
3998
3999
4000
4001
4002
4005
4006
4007
4008
4009
4010
4012
4013
4014
4017
4018
4019
4020
4021
4022
4023
4024
4026
4027
4028
4029
4030
4031
4032
4033
4034
4035
4036
4038
4039
4040
4042
4043
4044
4045
4046
4047
4048
4049
4050
4053
4054
4055
4057
4059
4061
4062
4065
4066
4067
4070
4071
4072
4073
4074
4077
4079
4080
4082
4084
4085
4086
4087
4088
4089
4090
4091
4092
4094
4095
4096
4098
4099
4101
4103
4104
4105
4106
4107
4108
4109
4110
4111
4112
4113
4115
4118
4119
4120
4121
4122
4123
4124
4125
4126
4127
4128
4129
4131
4132
4134
4135
4136
4138
4139
4140
4141
4143
4145
4146
4147
4148
4149
4150
4151
4152
4153
4154
4155
4156
4157
4158
4159
4160
4161
4163
4164
4165
4167
4169
4170
4171
4172
4173
4175
4176
4178
4179
4180
4181
4182
4183
4184
4185
4186
4187
4188
4189
4190
4191
4192
4194
4195
4197
4198
4199
4200
4201
4205
4206
4207
4208
4212
4214
4215
4217
4218
4219
4220
4221
4224
4225
4226
4228
4229
4230
4231
4232
4233
4237
4238
4239
4240
4241
4242
4243
4244
4245
4246
4247
4248
4249
4250
4251
4252
4253
4255
4256
4258
4262
4264
4265
4266
4267
4268
4269
4270
4271
4273
4274
4275
4276
4278
4279
4280
4284
4286
4289
4290
4291
4292
4293
4294
4298
4299
4300
4301
4302
4303
4306
4307
4308
4309
4310
4311
4312
4313
4314
4315
4316
4319
4321
4322
4323
4324
4325
4326
4328
4329
4330
4331
4334
4335
4336
4337
4338
4339
4340
4347
4348
4349
4350
4352
4353
4354
4356
4357
4358
4359
4360
4362
4363
4364
4365
4366
4367
4368
4369
4370
4371
4374
4375
4376
4379
4382
4383
4384
4387
4388
4389
4390
4391
4392
4393
4396
4397
4398
4399
4401
4402
4404
4405
4406
4411
4412
4413
4414
4415
4418
4419
4420
4421
4422
4423
4424
4425
4426
4427
4428
4430
4434
4439
4440
4441
4442
4443
4444
4445
4448
4451
4453
4454
4455
4456
4457
4458
4459
4460
4466
4467
4468
4469
4470
4471
4473
4474
4475
4476
4477
4478
4479
4480
4481
4483
4484
4485
4486
4487
4489
4490
4491
4492
4493
4494
4495
4496
4497
4500
4501
4502
4503
4504
4506
4509
4510
4511
4513
4514
4515
4516
4518
4519
4522
4523
4526
4527
4528
4529
4531
4533
4534
4535
4536
4538
4539
4540
4542
4543
4544
4545
4546
4548
4549
4550
4551
4552
4553
4554
4555
4556
4557
4559
4560
4561
4562
4563
4564
4566
4567
4569
4570
4571
4572
4574
4575
4576
4577
4579
4580
4581
4582
4583
4585
4587
4591
4592
4593
4594
4595
4596
4597
4599
4600
4601
4602
4603
4605
4606
4607
4609
4610
4611
4612
4613
4614
4615
4617
4618
4619
4621
4622
4624
4625
4626
4627
4628
4630
4631
4632
4633
4634
4635
4636
4637
4638
4639
4640
4642
4643
4644
4646
4647
4649
4650
4651
4652
4657
4658
4660
4661
4662
4663
4666
4667
4668
4670
4671
4674
4676
4677
4678
4679
4680
4681
4682
4683
4685
4687
4688
4689
4691
4692
4693
4694
4695
4697
4698
4699
4701
4702
4703
4704
4705
4706
4707
4708
4710
4711
4712
4713
4714
4715
4716
4718
4719
4721
4722
4723
4724
4725
4726
4727
4728
4730
4734
4735
4736
4742
4743
4744
4745
4746
4750
4751
4752
4753
4754
4755
4756
4757
4758
4759
4761
4763
4765
4766
4769
4770
4772
4774
4776
4777
4779
4782
4786
4787
4788
4789
4790
4794
4797
4798
4799
4801
4802
4803
4805
4806
4807
4809
4810
4811
4812
4813
4814
4815
4816
4817
4819
4820
4821
4825
4826
4828
4829
4830
4831
4833
4834
4835
4837
4838
4839
4840
4841
4842
4843
4844
4845
4846
4847
4848
4849
4851
4856
4857
4859
4860
4861
4862
4863
4866
4867
4868
4869
4870
4871
4872
4873
4876
4878
4879
4880
4881
4882
4883
4886
4887
4888
4889
4890
4891
4892
4893
4894
4896
4898
4900
4902
4903
4904
4906
4907
4908
4910
4912
4913
4914
4915
4917
4918
4919
4920
4923
4924
4926
4927
4928
4929
4930
4931
4932
4933
4934
4935
4937
4938
4939
4940
4941
4942
4943
4944
4945
4946
4951
4952
4953
4955
4957
4958
4959
4961
4962
4963
4964
4966
4967
4968
4969
4970
4971
4972
4973
4975
4976
4977
4978
4979
4980
4981
4982
4983
4984
4986
4987
4988
4991
4992
4993
4994
4996
4997
4998
5001
5002
5003
5005
5006
5007
5008
5010
5011
5012
5013
5014
5015
5016
5017
5019
5021
5022
5025
5027
5028
5029
5030
5033
5034
5035
5036
5038
5040
5041
5042
5043
5045
5047
5048
5050
5051
5052
5053
5054
5055
5056
5060
5064
5065
5066
5069
5070
5071
5072
5074
5075
5076
5077
5078
5082
5084
5087
5088
5089
5090
5091
5092
5093
5097
5099
5100
5101
5102
5103
5104
5105
5107
5109
5110
5111
5112
5113
5114
5116
5117
5119
5120
5121
5122
5123
5124
5125
5126
5127
5131
5133
5134
5135
5136
5138
5141
5143
5144
5145
5146
5147
5148
5149
5152
5153
5154
5155
5156
5157
5158
5160
5161
5164
5166
5167
5168
5169
5170
5171
5172
5174
5175
5176
5179
5182
5184
5186
5187
5188
5189
5190
5192
5193
5195
5196
5197
5200
5201
5204
5205
5211
5212
5213
5214
5215
5220
5221
5222
5224
5226
5227
5228
5229
5230
5231
5233
5234
5235
5236
5238
5240
5242
5243
5244
5245
5247
5248
5249
5251
5252
5254
5255
5257
5258
5259
5261
5262
5263
5264
5265
5267
5268
5269
5270
5271
5272
5273
5276
5277
5278
5279
5280
5282
5284
5286
5287
5288
5290
5292
5294
5295
5296
5297
5299
5300
5302
5303
5304
5305
5306
5307
5309
5310
5311
5312
5313
5314
5316
5318
5319
5321
5322
5323
5325
5326
5327
5328
5330
5331
5332
5334
5335
5336
5338
5340
5341
5342
5345
5347
5350
5351
5352
5354
5356
5357
5358
5359
5360
5361
5363
5365
5366
5367
5369
5370
5371
5372
5374
5375
5376
5380
5381
5382
5383
5387
5388
5389
5390
5391
5392
5396
5398
5399
5400
5402
5403
5406
5407
5408
5409
5412
5413
5416
5417
5418
5419
5420
5421
5422
5423
5424
5425
5427
5428
5430
5431
5432
5433
5435
5436
5437
5438
5439
5440
5441
5442
5443
5444
5447
5448
5449
5450
5452
5453
5454
5456
5457
5458
5460
5462
5464
5465
5466
5467
5469
5470
5471
5472
5473
5475
5476
5477
5478
5479
5481
5482
5484
5486
5488
5489
5491
5493
5494
5495
5496
5497
5498
5499
5500
5501
5502
5503
5504
5505
5506
5507
5508
5511
5512
5513
5514
5515
5516
5517
5519
5520
5521
5522
5523
5524
5526
5528
5529
5530
5531
5532
5533
5534
5535
5536
5540
5544
5545
5546
5547
5548
5549
5550
5551
5556
5557
5559
5560
5562
5563
5564
5565
5566
5567
5568
5570
5571
5573
5574
5575
5576
5577
5579
5580
5581
5582
5583
5584
5585
5586
5587
5588
5589
5590
5591
5592
5593
5595
5596
5598
5599
5600
5601
5602
5605
5606
5609
5610
5611
5612
5614
5616
5618
5620
5621
5622
5623
5624
5625
5627
5628
5629
5630
5631
5632
5633
5635
5638
5639
5640
5641
5642
5644
5645
5647
5648
5649
5650
5651
5652
5653
5654
5655
5658
5660
5661
5662
5663
5664
5666
5667
5668
5669
5673
5675
5676
5677
5678
5679
5680
5681
5684
5685
5686
5687
5689
5690
5691
5692
5696
5697
5698
5699
5700
5701
5702
5703
5704
5705
5706
5708
5709
5710
5712
5716
5717
5720
5721
5722
5723
5724
5726
5727
5729
5730
5731
5734
5736
5742
5743
5745
5746
5747
5749
5750
5751
5754
5755
5758
5759
5760
5763
5765
5767
5768
5770
5773
5774
5776
5778
5779
5780
5781
5782
5786
5787
5789
5790
5791
5792
5793
5794
5795
5796
5797
5800
5803
5804
5805
5806
5810
5811
5812
5813
5814
5815
5816
5817
5818
5820
5825
5827
5829
5830
5831
5832
5833
5834
5835
5836
5837
5838
5840
5842
5843
5844
5845
5847
5848
5849
5851
5852
5853
5855
5856
5858
5859
5860
5861
5867
5869
5874
5875
5876
5877
5878
5880
5882
5883
5884
5885
5886
5888
5890
5891
5894
5897
5899
5900
5901
5902
5903
5904
5906
5907
5908
5911
5912
5914
5915
5918
5920
5921
5922
5923
5925
5927
5929
5931
5933
5934
5935
5936
5939
5940
5942
5943
5946
5947
5949
5951
5952
5953
5955
5956
5957
5959
5960
5961
5963
5965
5966
5967
5968
5969
5970
5971
5973
5975
5976
5977
5978
5980
5981
5983
5984
5985
5987
5989
5990
5991
5992
5993
5997
5998
5999
6000
6005
6006
6007
6008
6009
6011
6013
6015
6016
6021
6022
6023
6024
6025
6026
6027
6028
6031
6033
6035
6036
6037
6038
6039
6041
6042
6043
6044
6045
6046
6047
6048
6050
6052
6053
6054
6055
6056
6057
6060
6061
6062
6063
6064
6066
6069
6071
6072
6073
6074
6077
6078
6079
6080
6081
6083
6084
6085
6086
6088
6091
6092
6093
6094
6095
6096
6097
6098
6099
6102
6103
6104
6105
6106
6107
6108
6109
6110
6111
6112
6113
6114
6121
6122
6125
6126
6128
6130
6134
6135
6137
6138
6139
6142
6143
6144
6145
6148
6150
6151
6154
6155
6156
6157
6159
6160
6162
6164
6166
6167
6171
6172
6173
6175
6177
6178
6180
6181
6182
6183
6185
6186
6187
6191
6193
6199
6201
6202
6204
6205
6206
6208
6209
6210
6211
6212
6213
6214
6215
6216
6217
6218
6219
6220
6221
6222
6224
6225
6227
6229
6230
6232
6234
6235
6241
6242
6243
6245
6246
6248
6253
6254
6255
6258
6261
6262
6263
6264
6266
6267
6268
6270
6271
6272
6274
6275
6276
6277
6278
6279
6281
6282
6283
6284
6286
6287
6289
6290
6291
6292
6293
6294
6295
6297
6298
6300
6302
6303
6304
6305
6306
6309
6310
6314
6315
6316
6320
6321
6322
6324
6325
6326
6329
6331
6332
6333
6335
6336
6337
6340
6342
6343
6344
6349
6350
6351
6352
6353
6354
6355
6356
6357
6358
6359
6360
6361
6363
6365
6366
6367
6368
6369
6370
6371
6372
6373
6374
6375
6377
6381
6382
6383
6386
6388
6389
6391
6392
6393
6394
6395
6397
6401
6409
6410
6411
6412
6413
6414
6415
6416
6418
6419
6420
6421
6422
6423
6424
6425
6427
6429
6430
6431
6432
6433
6434
6435
6436
6437
6438
6440
6441
6444
6446
6447
6449
6450
6451
6454
6455
6457
6458
6461
6462
6463
6465
6466
6467
6468
6469
6471
6472
6473
6474
6475
6476
6479
6480
6481
6482
6485
6487
6488
6489
6490
6492
6493
6495
6496
6500
6502
6503
6506
6507
6508
6509
6510
6511
6512
6513
6514
6515
6518
6519
6520
6523
6525
6526
6528
6531
6532
6533
6535
6536
6537
6538
6539
6541
6542
6543
6544
6546
6548
6549
6550
6551
6552
6555
6556
6559
6560
6561
6562
6564
6565
6574
6576
6577
6578
6579
6580
6583
6584
6585
6586
6587
6589
6590
6593
6594
6595
6596
6597
6599
6600
6601
6602
6603
6604
6606
6608
6609
6612
6613
6615
6616
6617
6621
6622
6624
6625
6626
6627
6628
6629
6630
6631
6635
6636
6637
6638
6639
6642
6644
6646
6649
6650
6651
6652
6653
6656
6658
6660
6661
6662
6665
6668
6669
6670
6672
6673
6674
6675
6676
6680
6681
6682
6683
6684
6687
6689
6690
6691
6692
6693
6694
6695
6697
6698
6700
6701
6702
6703
6704
6705
6706
6709
6713
6717
6718
6719
6720
6722
6723
6725
6729
6730
6731
6732
6734
6735
6736
6737
6738
6739
6740
6741
6744
6746
6747
6748
6749
6750
6751
6753
6754
6758
6759
6760
6761
6762
6764
6765
6767
6768
6769
6770
6771
6772
6776
6777
6779
6780
6781
6784
6786
6787
6788
6790
6791
6792
6793
6794
6795
6796
6797
6799
6800
6801
6802
6805
6807
6808
6809
6810
6811
6812
6813
6814
6817
6818
6821
6822
6823
6824
6825
6826
6827
6829
6833
6834
6836
6837
6839
6840
6842
6844
6846
6848
6849
6850
6851
6855
6857
6859
6863
6864
6865
6867
6868
6869
6870
6871
6872
6876
6877
6878
6879
6881
6883
6884
6885
6886
6887
6889
6890
6892
6893
6894
6897
6898
6900
6901
6902
6903
6904
6905
6906
6907
6910
6911
6914
6915
6916
6918
6920
6922
6923
6924
6926
6927
6928
6934
6935
6936
6937
6938
6939
6942
6943
6944
6945
6950
6953
6954
6955
6956
6957
6958
6960
6962
6963
6964
6965
6966
6967
6970
6971
6972
6973
6977
6978
6981
6982
6985
6986
6988
6989
6990
6991
6992
6993
6994
6995
6999
7000
7002
7004
7005
7006
7007
7008
7009
7010
7012
7019
7023
7024
7025
7027
7029
7030
7034
7035
7036
7037
7038
7039
7040
7041
7042
7045
7046
7047
7048
7049
7050
7052
7055
7056
7058
7060
7061
7062
7063
7064
7065
7067
7068
7070
7071
7074
7077
7081
7083
7085
7086
7087
7089
7091
7093
7095
7096
7097
7099
7100
7101
7102
7103
7104
7108
7109
7112
7116
7117
7118
7123
7124
7125
7126
7127
7129
7130
7131
7132
7133
7134
7135
7136
7137
7140
7141
7142
7143
7146
7147
7148
7151
7152
7153
7154
7155
7158
7159
7163
7164
7165
7166
7167
7168
7169
7171
7173
7174
7175
7176
7177
7178
7179
7180
7183
7184
7186
7187
7188
7189
7192
7193
7194
7198
7199
7201
7203
7205
7208
7209
7210
7211
7212
7213
7218
7219
7220
7221
7222
7223
7224
7225
7226
7227
7230
7231
7232
7233
7234
7235
7236
7238
7239
7240
7241
7242
7243
7244
7245
7246
7248
7252
7253
7254
7255
7256
7257
7259
7266
7267
7268
7269
7270
7271
7272
7273
7274
7275
7276
7279
7280
7281
7282
7283
7284
7285
7286
7290
7291
7292
7293
7294
7296
7297
7298
7299
7300
7302
7303
7306
7309
7312
7314
7315
7317
7318
7319
7320
7321
7322
7324
7325
7326
7328
7329
7331
7333
7334
7337
7338
7340
7341
7342
7343
7344
7345
7347
7349
7351
7352
7353
7356
7357
7358
7360
7362
7363
7365
7366
7367
7369
7371
7373
7374
7376
7377
7378
7379
7381
7382
7383
7384
7385
7386
7387
7390
7391
7392
7393
7394
7395
7397
7398
7399
7402
7403
7404
7405
7406
7407
7408
7409
7410
7411
7412
7413
7415
7416
7418
7419
7420
7422
7423
7424
7426
7427
7428
7429
7430
7432
7434
7436
7437
7439
7441
7442
7443
7444
7445
7446
7447
7449
7450
7451
7452
7458
7459
7460
7461
7462
7463
7464
7466
7468
7472
7473
7475
7476
7477
7478
7479
7480
7486
7490
7491
7492
7494
7496
7497
7498
7499
7501
7504
7505
7507
7508
7509
7512
7513
7514
7515
7516
7517
7518
7519
7522
7523
7526
7527
7530
7532
7533
7534
7535
7537
7538
7541
7542
7543
7544
7546
7547
7548
7550
7551
7553
7554
7555
7557
7558
7559
7561
7562
7563
7567
7569
7570
7571
7572
7573
7575
7576
7577
7578
7579
7582
7583
7584
7585
7586
7587
7588
7590
7592
7593
7594
7596
7598
7601
7602
7604
7605
7607
7608
7609
7610
7612
7614
7615
7616
7617
7618
7619
7621
7623
7624
7625
7626
7627
7628
7629
7630
7631
7633
7634
7635
7636
7637
7638
7639
7640
7641
7643
7644
7645
7649
7650
7651
7652
7654
7655
7657
7658
7661
7662
7663
7664
7665
7666
7668
7670
7671
7672
7673
7674
7675
7676
7677
7680
7681
7682
7683
7684
7686
7687
7688
7689
7690
7691
7692
7693
7694
7695
7696
7697
7699
7700
7701
7702
7703
7704
7706
7707
7708
7709
7710
7711
7713
7714
7715
7716
7717
7718
7719
7720
7721
7722
7723
7724
7725
7726
7727
7728
7729
7730
7731
7734
7736
7737
7739
7741
7744
7745
7746
7747
7748
7749
7750
7751
7752
7753
7754
7755
7756
7757
7758
7759
7760
7761
7762
7765
7766
7767
7769
7770
7772
7773
7774
7775
7776
7777
7778
7779
7780
7781
7783
7784
7785
7786
7787
7788
7789
7790
7791
7792
7793
7794
7795
7796
7797
7799
7800
7801
7802
7803
7804
7806
7807
7808
7810
7811
7812
7813
7814
7815
7816
7817
7818
7819
7820
7822
7824
7825
7826
7827
7828
7829
7830
7831
7832
7833
7834
7835
7836
7837
7839
7841
7842
7843
7844
7846
7847
7848
7849
7851
7852
7853
7854
7855
7856
7857
7858
7859
7860
7861
7862
7863
7864
7865
7866
7867
7868
7869
7870
7871
7874
7876
7877
7878
7879
7880
7881
7882
7883
7886
7887
7888
7889
7891
7892
7893
7894
7897
7898
7899
7900
7901
7902
7903
7906
7907
7908
7909
7910
7911
7912
7913
7914
7915
7916
7917
7918
7920
7923
7924
7925
7926
7927
7928
7929
7930
7931
7932
7933
7934
7935
7937
7938
7939
7940
7941
7942
7943
7944
7946
7947
7948
7949
7950
7952
7953
7954
7955
7956
7958
7959
7960
7961
7962
7963
7964
7965
7966
7967
7968
7969
7970
7971
7972
7976
7980
7981
7982
7983
7984
7985
7986
7987
7989
7991
7993
7994
7995
7998
7999
8001
8002
8003
8005
8006
8007
8008
8009
8010
8011
8012
8013
8014
8015
8017
8022
8023
8024
8035
8037
8040
8041
8042
8043
8045
8047
8049
8050
8051
8052
8053
8054
8055
8056
8057
8058
8059
8060
8061
8062
8063
8064
8065
8066
8068
8069
8071
8072
8074
8075
8077
8078
8079
8080
8081
8082
8083
8084
8086
8087
8088
8089
8090
8091
8092
8093
8094
8095
8096
8098
8099
8100
8101
8102
8103
8104
8105
8106
8108
8113
8115
8116
8117
8118
8119
8122
8123
8125
8126
8127
8128
8129
8130
8131
8133
8134
8135
8136
8137
8138
8140
8141
8142
8143
8144
8145
8146
8148
8149
8150
8151
8153
8154
8157
8158
8159
8160
8161
8164
8165
8166
8167
8168
8169
8170
8171
8174
8175
8176
8180
8183
8186
8188
8189
8192
8194
8195
8196
8197
8198
8199
8203
8204
8205
8206
8208
8209
8211
8213
8214
8215
8218
8219
8220
8222
8223
8225
8227
8228
8229
8230
8232
8233
8234
8236
8237
8238
8239
8240
8241
8242
8243
8245
8246
8247
8249
8251
8252
8253
8255
8256
8257
8259
8260
8261
8262
8264
8268
8270
8271
8273
8276
8277
8278
8279
8281
8282
8285
8286
8287
8291
8293
8304
8307
8308
8313
8314
8315
8317
8318
8319
8320
8323
8324
8325
8326
8327
8330
8332
8335
8336
8337
8338
8340
8341
8342
8343
8345
8346
8347
8348
8349
8350
8354
8356
8357
8358
8359
8360
8361
8362
8364
8365
8366
8367
8368
8369
8370
8371
8372
8373
8374
8375
8376
8377
8379
8380
8381
8382
8384
8387
8390
8392
8394
8395
8396
8399
8400
8401
8402
8403
8404
8405
8406
8407
8408
8409
8410
8411
8412
8414
8415
8416
8417
8418
8421
8422
8423
8424
8425
8426
8428
8429
8430
8434
8437
8440
8441
8443
8444
8448
8449
8451
8452
8454
8455
8456
8457
8458
8459
8460
8461
8462
8463
8465
8466
8468
8469
8471
8472
8473
8480
8481
8482
8483
8484
8485
8487
8488
8490
8492
8493
8494
8495
8496
8497
8498
8499
8500
8501
8502
8503
8505
8507
8508
8509
8510
8511
8513
8514
8515
8516
8518
8520
8522
8524
8525
8526
8527
8529
8531
8533
8536
8537
8538
8539
8541
8542
8543
8544
8548
8549
8554
8556
8560
8561
8564
8565
8566
8567
8568
8569
8572
8573
8574
8577
8578
8579
8580
8582
8586
8587
8588
8590
8591
8593
8594
8595
8598
8599
8603
8605
8606
8610
8612
8613
8614
8616
8617
8621
8622
8624
8627
8628
8632
8635
8638
8643
8648
8649
8651
8655
8660
8666
8667
8669
8674
8676
8680
8682
8684
8685
8691
8698
8699
8702
8705
8712
8716
8719
8722
8723
8724
8732
8733
8735
8736
8737
8739
8740
8741
8742
8743
8745
8746
8747
8750
8752
8753
8756
8758
8760
8761
8762
8764
8767
8768
8769
8770
8772
8773
8775
8777
8779
8780
8781
8782
8783
8784
8785
8786
8787
8789
8791
8792
8793
8796
8797
8798
8799
8800
8801
8802
8803
8804
8808
8811
8813
8814
8816
8817
8818
8820
8821
8822
8823
8824
8826
8827
8828
8829
8830
8831
8833
8834
8835
8836
8837
8839
8841
8842
8843
8845
8846
8847
8848
8849
8850
8853
8856
8857
8858
8859
8860
8862
8863
8864
8865
8866
8867
8868
8869
8870
8871
8873
8874
8875
8876
8877
8878
8879
8880
8889
8893
8895
8896
8898
8899
8903
8904
8905
8907
8912
8915
8916
8917
8920
8921
8922
8923
8927
8928
8932
8934
8939
8943
8945
8946
8947
8948
8949
8950
8951
8952
8955
8958
8960
8964
8965
8966
8968
8969
8970
8972
8973
8974
8975
8976
8977
8979
8980
8981
8982
8983
8984
8985
8986
8988
8989
8990
8991
8992
8993
8994
8995
8997
8999
9002
9003
9005
9006
9007
9008
9010
9011
9013
9014
9021
9022
9024
9025
9027
9028
9029
9030
9031
9032
9033
9035
9037
9038
9039
9044
9045
9046
9049
9050
9051
9052
9053
9054
9055
9057
9058
9059
9060
9061
9062
9065
9066
9067
9069
9071
9072
9073
9075
9078
9079
9080
9081
9083
9085
9086
9089
9090
9091
9092
9093
9094
9095
9096
9097
9098
9101
9102
9103
9106
9108
9109
9110
9111
9112
9113
9114
9117
9118
9120
9122
9123
9124
9126
9127
9128
9129
9130
9131
9135
9136
9137
9138
9139
9140
9141
9142
9143
9144
9148
9149
9150
9157
9165
9169
9170
9172
9173
9174
9175
9176
9177
9178
9179
9180
9181
9182
9183
9184
9185
9187
9190
9191
9194
9195
9198
9199
9202
9203
9206
9207
9208
9209
9210
9211
9212
9213
9214
9215
9216
9217
9218
9219
9220
9221
9222
9223
9224
9226
9227
9228
9230
9231
9232
9233
9234
9235
9236
9237
9238
9239
9240
9241
9242
9243
9244
9246
9247
9248
9250
9253
9254
9255
9256
9257
9261
9262
9263
9264
9265
9266
9267
9268
9269
9270
9271
9272
9273
9274
9275
9276
9277
9278
9279
9280
9281
9282
9283
9284
9285
9286
9287
9288
9289
9290
9291
9292
9293
9295
9296
9297
9298
9299
9300
9301
9303
9304
9305
9307
9308
9309
9310
9311
9312
9314
9315
9316
9317
9318
9322
9325
9326
9327
9328
9330
9335
9336
9337
9338
9340
9346
9348
9350
9351
9352
9353
9354
9356
9359
9360
9361
9362
9365
9366
9367
9371
9372
9373
9374
9377
9378
9380
9381
9382
9383
9384
9385
9386
9390
9391
9393
9395
9398
9401
9402
9403
9404
9405
9408
9412
9413
9415
9416
9417
9418
9420
9421
9422
9423
9426
9427
9432
9438
9440
9441
9442
9444
9445
9446
9447
9448
9449
9450
9452
9453
9454
9455
9459
9460
9461
9462
9463
9464
9465
9466
9467
9468
9470
9471
9474
9475
9476
9477
9478
9479
9484
9485
9486
9488
9489
9490
9491
9494
9496
9497
9498
9499
9501
9502
9503
9504
9505
9507
9508
9513
9514
9515
9517
9519
9520
9521
9522
9523
9525
9526
9528
9529
9530
9531
9532
9533
9535
9537
9538
9539
9540
9541
9543
9547
9549
9550
9551
9552
9554
9555
9556
9557
9558
9559
9560
9561
9562
9563
9564
9565
9567
9568
9569
9570
9571
9572
9573
9574
9575
9576
9579
9581
9582
9583
9585
9586
9588
9589
9590
9591
9593
9594
9595
9596
9597
9598
9600
9601
9603
9606
9607
9608
9610
9611
9613
9614
9615
9616
9618
9620
9622
9623
9624
9625
9626
9627
9628
9629
9630
9631
9633
9634
9636
9637
9638
9639
9640
9645
9646
9648
9649
9651
9652
9653
9655
9656
9659
9660
9661
9662
9663
9666
9667
9668
9669
9670
9671
9672
9673
9674
9677
9679
9680
9681
9682
9684
9685
9686
9687
9688
9690
9691
9693
9694
9695
9696
9697
9698
9699
9701
9703
9706
9709
9710
9711
9714
9715
9716
9717
9718
9720
9721
9722
9724
9725
9727
9728
9730
9731
9732
9733
9734
9735
9737
9740
9744
9747
9748
9749
9750
9751
9752
9753
9754
9756
9759
9762
9763
9764
9765
9766
9767
9768
9770
9771
9774
9775
9776
9778
9779
9780
9781
9784
9787
9788
9790
9791
9794
9798
9802
9804
9805
9808
9810
9812
9813
9815
9816
9817
9818
9819
9820
9821
9823
9824
9826
9827
9828
9829
9830
9831
9832
9833
9834
9835
9836
9837
9838
9839
9840
9841
9845
9846
9847
9848
9849
9850
9852
9854
9855
9860
9863
9864
9866
9868
9869
9871
9872
9874
9876
9877
9878
9879
9881
9882
9883
9884
9886
9887
9888
9896
9897
9899
9902
9903
9904
9906
9907
9908
9909
9911
9912
9913
9914
9915
9916
9917
9918
9920
9922
9926
9927
9928
9929
9930
9931
9932
9933
9934
9935
9936
9937
9938
9939
9941
9942
9943
9944
9945
9946
9947
9948
9949
9950
9951
9953
9955
9957
9964
9966
9967
9968
9969
9970
9971
9973
9975
9977
9980
9981
9982
9987
9988
9990
9991
9994
9997
10000
10003
10005
10007
10008
10009
10010
10013
10015
10016
10017
10018
10021
10022
10023
10025
10029
10031
10032
10034
10037
10039
10044
10048
10052
10055
10056
10061
10062
10063
10064
10065
10066
10068
10071
10072
10073
10074
10075
10078
10079
10083
10085
10087
10088
10089
10091
10094
10095
10096
10098
10099
10100
10101
10104
10106
10113
10114
10117
10120
10123
10124
10125
10126
10129
10131
10132
10137
10139
10144
10145
10146
10148
10149
10151
10152
10153
10154
10155
10156
10157
10158
10159
10160
10161
10162
10163
10164
10169
10173
10177
10178
10179
10180
10181
10182
10183
10187
10188
10189
10190
10191
10192
10193
10194
10195
10197
10201
10203
10204
10210
10212
10213
10214
10215
10216
10218
10219
10225
10226
10227
10232
10234
10235
10237
10240
10241
10242
10243
10244
10245
10249
10250
10256
10257
10264
10265
10266
10268
10271
10275
10277
10279
10282
10285
10286
10288
10292
10293
10294
10295
10296
10297
10298
10301
10303
10305
10306
10307
10308
10309
10312
10317
10321
10323
10324
10331
10332
10334
10337
10338
10339
10340
10341
10342
10344
10348
10349
10351
10352
10354
10356
10357
10358
10359
10360
10361
10364
10365
10371
10372
10373
10374
10375
10377
10378
10380
10381
10382
10383
10384
10387
10388
10389
10390
10391
10392
10394
10395
10399
10400
10403
10404
10406
10411
10413
10414
10419
10423
10424
10425
10426
10428
10431
10432
10434
10435
10436
10438
10439
10441
10445
10446
10447
10450
10453
10455
10459
10462
10466
10467
10468
10471
10472
10474
10479
10480
10482
10483
10485
10488
10490
10494
10495
10497
10499
10501
10502
10509
10510
10511
10513
10514
10516
10517
10519
10520
10521
10523
10525
10526
10527
10528
10529
10532
10533
10538
10539
10542
10543
10544
10548
10549
10551
10552
10555
10556
10558
10560
10562
10563
10567
10571
10572
10576
10577
10578
10580
10583
10585
10587
10590
10591
10592
10594
10595
10597
10599
10600
10604
10605
10608
10609
10610
10611
10612
10613
10615
10618
10625
10627
10629
10633
10635
10636
10638
10639
10640
10641
10642
10644
10647
10648
10651
10653
10655
10659
10661
10664
10665
10667
10669
10670
10672
10674
10677
10680
10681
10682
10684
10690
10691
10692
10693
10695
10696
10698
10699
10700
10702
10703
10704
10708
10710
10711
10715
10716
10718
10720
10721
10725
10728
10729
10731
10733
10737
10741
10742
10743
10745
10747
10748
10749
10751
10753
10757
10759
10760
10761
10762
10764
10767
10771
10772
10773
10774
10775
10776
10777
10779
10780
10782
10783
10784
10785
10786
10787
10788
10789
10790
10791
10792
10793
10794
10795
10796
10797
10798
10799
10800
10801
10804
10806
10808
10809
10813
10814
10815
10818
10819
10824
10826
10830
10832
10833
10836
10838
10840
10846
10847
10849
10853
10854
10855
10856
10857
10859
10860
10861
10863
10864
10866
10867
10868
10871
10872
10873
10874
10875
10877
10878
10881
10884
10887
10889
10892
10893
10894
10897
10898
10900
10901
10909
10912
10914
10915
10916
10917
10918
10920
10921
10927
10932
10935
10936
10938
10939
10941
10942
10943
10944
10945
10947
10949
10950
10951
10952
10953
10956
10958
10959
10960
10961
10962
10964
10966
10968
10969
10971
10972
10973
10975
10979
10983
10988
10994
10995
10996
10997
11000
11001
11004
11005
11006
11008
11009
11014
11016
11017
11018
11021
11022
11023
11029
11031
11032
11033
11035
11036
11037
11038
11040
11041
11042
11043
11044
11046
11047
11048
11049
11050
11051
11054
11058
11062
11063
11064
11065
11067
11068
11069
11076
11077
11081
11082
11085
11089
11090
11093
11094
11095
11097
11099
11100
11101
11105
11107
11108
11115
11117
11118
11120
11123
11126
11127
11128
11131
11132
11134
11135
11138
11139
11140
11141
11143
11144
11145
11146
11147
11150
11151
11153
11154
11155
11156
11157
11158
11159
11160
11163
11164
11165
11166
11167
11168
11169
11170
11171
11172
11181
11184
11186
11187
11188
11189
11190
11191
11193
11194
11195
11197
11199
11201
11202
11203
11204
11205
11206
11207
11208
11209
11210
11212
11215
11218
11221
11223
11224
11227
11229
11234
11244
11245
11248
11251
11252
11256
11259
11260
11266
11267
11270
11275
11276
11277
11279
11285
11287
11289
11290
11293
11299
11300
11301
11304
11305
11313
11314
11316
11317
11321
11322
11323
11327
11328
11333
11338
11341
11342
11343
11344
11345
11347
11348
11351
11352
11353
11354
11356
11358
11359
11360
11365
11371
11375
11379
11382
11383
11387
11394
11395
11399
11400
11401
11402
11403
11404
11405
11406
11407
11409
11410
11411
11413
11414
11417
11421
11422
11424
11425
11426
11430
11437
11439
11442
11445
11448
11449
11453
11454
11455
11456
11457
11458
11460
11462
11464
11466
11469
11470
11471
11474
11475
11476
11480
11483
11485
11488
11492
11496
11500
11502
11503
11504
11507
11511
11512
11513
11514
11516
11517
11520
11524
11525
11526
11527
11533
11535
11538
11540
11541
11542
11543
11545
11546
11547
11553
11554
11556
11557
11559
11561
11562
11566
11568
11569
11572
11573
11574
11575
11577
11578
11580
11581
11583
11584
11585
11586
11587
11590
11593
11596
11597
11599
11601
11604
11605
11606
11609
11610
11612
11613
11614
11617
11618
11619
11621
11623
11628
11629
11630
11631
11634
11637
11639
11640
11642
11643
11644
11652
11655
11660
11663
11665
11667
11668
11670
11673
11676
11682
11683
11685
11695
11696
11697
11700
11701
11702
11706
11707
11713
11715
11716
11720
11721
11723
11724
11725
11728
11729
11730
11731
11734
11735
11740
11742
11744
11751
11758
11762
11763
11766
11772
11774
11777
11780
11782
11783
11784
11785
11799
11800
11803
11804
11812
11813
11824
11825
11826
11827
11829
11830
11833
11836
11837
11842
11844
11845
11847
11849
11850
11851
11860
11866
11870
11871
11873
11875
11876
11877
11881
11883
11884
11890
11891
11895
11903
11906
11908
11911
11914
11917
11918
11923
11925
11927
11928
11940
11941
11942
11947
11948
11952
11955
11957
11958
11959
11960
11963
11970
11971
11977
11978
11980
11982
11983
11989
11990
11991
11992
11994
11995
11996
11999
12001
12002
12003
12005
12006
12010
12011
12013
12014
12015
12021
12023
12028
12036
12038
12043
12045
12055
12060
12061
12062
12064
12066
12070
12071
12077
12078
12079
12080
12081
12083
12084
12085
12086
12087
12090
12096
12100
12103
12104
12111
12112
12114
12116
12117
12119
12122
12123
12124
12125
12126
12127
12129
12130
12131
12132
12133
12134
12135
12136
12137
12138
12139
12140
12141
12142
12144
12145
12146
12147
12148
12149
12150
12151
12152
12153
12155
12156
12157
12158
12161
12163
12165
12167
12170
12172
12173
12174
12175
12178
12179
12180
12181
12182
12183
12184
12185
12186
12187
12189
12190
12193
12194
12195
12196
12197
12199
12200
12203
12204
12212
12213
12215
12217
12219
12220
12222
12224
12225
12227
12230
12231
12232
12234
12235
12236
12237
12238
12239
12240
12241
12242
12243
12245
12246
12247
12248
12251
12252
12253
12254
12259
12261
12262
12263
12265
12267
12269
12272
12274
12275
12276
12277
12278
12279
12281
12284
12287
12288
12291
12292
12293
12296
12297
12298
12299
12300
12301
12302
12303
12310
12314
12315
12316
12319
12320
12321
12322
12323
12325
12327
12330
12331
12332
12337
12341
12342
12343
12344
12345
12346
12353
12354
12355
12356
12358
12359
12366
12368
12369
12374
12377
12378
12379
12380
12382
12384
12385
12386
12387
12390
12392
12399
12401
12402
12403
12405
12406
12410
12413
12415
12416
12418
12419
12426
12428
12431
12436
12442
12444
12449
12450
12455
12457
12458
12459
12461
12467
12470
12472
12475
12478
12483
12494
12496
12498
12499
12501
12509
12510
12512
12513
12514
12515
12516
12518
12519
12521
12522
12523
12525
12526
12529
12531
12532
12533
12534
12538
12539
12544
12546
12547
12548
12550
12554
12555
12556
12557
12558
12559
12560
12561
12562
12563
12564
12565
12566
12567
12568
12574
12576
12579
12582
12583
12585
12587
12589
12591
12593
12594
12604
12605
12606
12609
12610
12611
12619
12620
12622
12625
12626
12627
12632
12634
12635
12638
12645
12650
12654
12655
12657
12658
12659
12660
12661
12663
12666
12674
12676
12677
12680
12682
12685
12687
12691
12692
12699
12700
12701
12705
12707
12709
12710
12714
12715
12716
12718
12720
12721
12723
12724
12725
12726
12728
12736
12738
12739
12741
12746
12748
12749
12750
12757
12762
12764
12774
12777
12778
12782
12786
12788
12790
12791
12793
12798
12799
12800
12803
12806
12808
12810
12817
12818
12825
12826
12828
12833
12855
12856
12857
12858
12860
12861
12862
12864
12868
12869
12870
12875
12876
12877
12879
12880
12881
12887
12889
12891
12893
12895
12898
12899
12903
12904
12906
12907
12908
12910
12912
12914
12917
12920
12921
12923
12925
12927
12930
12933
12935
12936
12941
12945
12946
12950
12952
12953
12954
12955
12956
12960
12962
12963
12965
12966
12968
12972
12973
12975
12976
12977
12979
12985
12987
12989
12990
12992
12994
12998
13002
13012
13014
13016
13018
13022
13023
13028
13034
13035
13037
13039
13040
13041
13057
13059
13061
13062
13063
13064
13065
13068
13069
13070
13071
13077
13078
13085
13087
13088
13092
13101
13102
13103
13105
13106
13108
13113
13114
13117
13119
13121
13125
13129
13131
13133
13134
13137
13138
13139
13141
13143
13144
13149
13150
13152
13154
13155
13156
13157
13158
13162
13169
13170
13171
13172
13174
13186
13190
13193
13196
13200
13203
13205
13206
13209
13212
13213
13214
13216
13219
13221
13222
13223
13224
13225
13227
13230
13231
13232
13239
13240
13241
13242
13244
13246
13248
13252
13254
13255
13258
13260
13262
13263
13265
13267
13270
13273
13274
13275
13276
13278
13281
13282
13290
13291
13294
13295
13296
13298
13299
13300
13301
13302
13306
13309
13312
13313
13314
13315
13316
13317
13318
13321
13322
13327
13331
13333
13334
13338
13339
13344
13349
13354
13356
13357
13360
13361
13363
13366
13369
13370
13371
13381
13382
13384
13385
13389
13390
13393
13397
13400
13401
13405
13406
13409
13415
13418
13419
13421
13423
13426
13427
13430
13431
13432
13434
13435
13438
13440
13441
13443
13448
13450
13455
13466
13468
13481
13482
13483
13484
13488
13490
13491
13492
13495
13496
13501
13504
13506
13507
13511
13512
13514
13515
13517
13518
13519
13520
13523
13525
13527
13529
13530
13532
13535
13536
13538
13543
13544
13545
13546
13549
13554
13555
13556
13557
13558
13559
13562
13565
13566
13567
13568
13570
13571
13572
13573
13574
13575
13577
13578
13583
13584
13585
13586
13587
13588
13590
13591
13599
13602
13609
13611
13612
13613
13615
13616
13617
13620
13622
13623
13624
13627
13629
13632
13637
13644
13645
13646
13647
13651
13652
13654
13655
13658
13659
13661
13663
13664
13665
13666
13667
13669
13670
13673
13674
13675
13681
13684
13685
13687
13688
13689
13690
13691
13692
13694
13696
13697
13700
13701
13702
13703
13704
13705
13709
13713
13714
13716
13718
13721
13724
13726
13735
13736
13737
13739
13740
13741
13746
13748
13749
13750
13753
13754
13755
13756
13757
13758
13760
13763
13770
13771
13773
13774
13775
13776
13778
13780
13782
13783
13785
13789
13793
13795
13796
13799
13800
13804
13806
13807
13808
13809
13810
13812
13813
13821
13830
13832
13833
13836
13840
13842
13843
13848
13850
13851
13852
13853
13854
13855
13856
13857
13858
13863
13864
13869
13872
13877
13880
13881
13889
13890
13891
13893
13896
13897
13899
13904
13910
13915
13916
13921
13923
13927
13929
13930
13932
13938
13942
13943
13945
13951
13954
13957
13960
13964
13975
13977
13978
13980
13981
13982
13983
13984
13985
13986
13987
13988
13989
13990
13991
13992
13993
13994
13995
13996
13997
14000
14001
14002
14003
14004
14006
14007
14024
14030
14032
14034
14036
14042
14047
14049
14053
14062
14064
14065
14069
14070
14071
14077
14087
14088
14089
14099
14105
14109
14112
14113
14116
14117
14120
14121
14123
14124
14133
14137
14145
14147
14152
14156
14157
14161
14165
14168
14169
14173
14174
14180
14181
14183
14192
14193
14200
14208
14214
14216
14217
14226
14228
14239
14241
14242
14243
14244
14245
14246
14256
14263
14265
14268
14270
14272
14275
14279
14280
14281
14282
14285
14286
14288
14289
14294
14304
14312
14319
14320
14322
14324
14325
14328
14332
14337
14342
14345
14348
14355
14359
14360
14363
14364
14366
14367
14370
14374
14377
14381
14383
14384
14386
14388
14391
14392
14393
14400
14404
14405
14409
14410
14413
14417
14421
14427
14428
14430
14431
14437
14447
14451
14452
14454
14459
14467
14468
14469
14470
14471
14472
14473
14474
14478
14479
14481
14491
14494
14495
14497
14499
14500
14504
14505
14506
14507
14512
14521
14526
14527
14528
14529
14530
14531
14532
14533
14534
14535
14536
14537
14538
14539
14540
14541
14542
14543
14544
14545
14546
14547
14548
14549
14550
14551
14552
14553
14554
14555
14556
14557
14558
14559
14560
14561
14562
14563
14564
14565
14566
14567
14568
14569
14570
14571
14572
14573
14574
14575
14576
14577
14578
14581
14583
14588
14589
14590
14593
14594
14597
14598
14601
14602
14603
14614
14615
14619
14621
14627
14638
14642
14646
14647
14648
14649
14652
14656
14659
14660
14663
14664
14665
14666
14669
14670
14671
14672
14675
14678
14679
14682
14685
14688
14689
14690
14691
14693
14694
14703
14705
14708
14713
14714
14718
14720
14722
14723
14724
14726
14734
14735
14736
14742
14743
14745
14746
14747
14752
14753
14754
14756
14757
14758
14766
14768
14769
14770
14771
14772
14774
14776
14779
14780
14782
14783
14784
14786
14787
14788
14791
14793
14795
14798
14802
14803
14805
14810
14811
14812
14815
14818
14819
14822
14823
14825
14826
14827
14830
14832
14833
14835
14836
14838
14841
14843
14848
14849
14850
14852
14853
14854
14857
14858
14863
14864
14865
14866
14868
14874
14877
14878
14880
14881
14884
14885
14887
14889
14893
14894
14897
14901
14903
14904
14907
14909
14910
14911
14915
14918
14921
14923
14924
14925
14927
14928
14933
14936
14937
14938
14939
14944
14946
14947
14949
14951
14952
14953
14955
14958
14962
14967
14968
14969
14976
14977
14981
14982
14983
14986
14993
14994
14996
14999
15000
15001
15003
15005
15006
15010
15011
15013
15015
15016
15022
15023
15024
15026
15027
15028
15029
15030
15031
15032
15033
15035
15036
15040
15045
15048
15049
15051
15052
15054
15055
15061
15062
15065
15066
15072
15079
15080
15082
15083
15084
15086
15087
15088
15090
15093
15095
15097
15100
15103
15106
15108
15110
15114
15115
15116
15117
15119
15120
15122
15124
15126
15127
15128
15129
15134
15135
15141
15145
15147
15153
15154
15155
15157
15158
15159
15161
15162
15163
15164
15167
15169
15170
15171
15172
15173
15175
15177
15178
15180
15182
15183
15184
15188
15191
15195
15197
15200
15204
15207
15208
15209
15210
15212
15213
15214
15217
15218
15219
15222
15228
15229
15234
15235
15241
15243
15244
15246
15247
15248
15249
15258
15268
15269
15270
15271
15272
15273
15274
15275
15277
15278
15279
15280
15283
15284
15286
15287
15288
15292
15294
15296
15298
15299
15300
15303
15305
15308
15312
15317
15318
15319
15320
15322
15323
15331
15336
15338
15340
15341
15348
15349
15352
15354
15357
15359
15362
15366
15367
15370
15373
15374
15378
15379
15383
15384
15386
15387
15392
15393
15400
15401
15402
15404
15409
15412
15417
15421
15422
15423
15424
15427
15431
15434
15435
15436
15439
15440
15441
15444
15445
15455
15457
15461
15462
15463
15464
15468
15471
15472
15473
15474
15478
15479
15481
15483
15486
15488
15492
15499
15500
15502
15503
15505
15507
15509
15513
15514
15518
15520
15524
15525
15528
15530
15531
15533
15537
15538
15540
15546
15548
15549
15556
15557
15559
15564
15576
15579
15581
15592
15597
15598
15600
15603
15606
15610
15626
15627
15629
15634
15637
15639
15641
15642
15645
15650
15653
15659
15663
15666
15668
15670
15671
15689
15691
15709
15713
15714
15730
15731
15735
15737
15739
15742
15745
15754
15763
15764
15765
15777
15780
15781
15782
15783
15812
15825
15826
15834
15839
15844
15847
15854
15855
15857
15859
15860
15863
15864
15865
15866
15867
15868
15869
15870
15871
15876
15881
15883
15887
15894
15904
15905
15908
15911
15914
15915
15916
15917
15920
15924
15925
15927
15930
15932
15933
15934
15939
15941
15942
15943
15944
15947
15948
15949
15968
15971
15975
15981
15982
15983
15990
15993
16000
16018
16019
16032
16034
16035
16041
16042
16043
16046
16054
16056
16063
16064
16071
16087
16089
16090
16099
16102
16108
16112
16113
16117
16118
16125
16131
16133
16148
16152
16153
16154
16156
16157
16158
16160
16162
16167
16168
16170
16171
16173
16180
16181
16185
16187
16193
16195
16196
16199
16201
16215
16226
16227
16234
16241
16245
16252
16258
16259
16262
16265
16276
16281
16286
16287
16292
16296
16299
16300
16312
16316
16318
16320
16322
16332
16350
16354
16355
16356
16357
16358
16359
16360
16362
16363
16365
16369
16372
16373
16374
16375
16377
16384
16385
16390
16392
16394
16399
16401
16402
16403
16405
16407
16408
16412
16413
16415
16419
16421
16422
16423
16424
16427
16429
16433
16434
16435
16437
16439
16440
16443
16446
16447
16448
16449
16450
16451
16452
16453
16454
16456
16457
16458
16466
16469
16472
16473
16474
16477
16478
16481
16482
16485
16487
16488
16492
16494
16496
16498
16499
16502
16504
16511
16516
16517
16518
16519
16520
16523
16524
16525
16532
16538
16545
16546
16549
16551
16552
16554
16555
16556
16560
16561
16564
16567
16568
16571
16572
16575
16576
16577
16579
16583
16585
16586
16587
16590
16594
16602
16604
16605
16609
16610
16611
16615
16623
16626
16628
16629
16635
16637
16638
16649
16650
16655
16662
16666
16670
16675
16678
16679
16689
16691
16693
16694
16701
16706
16710
16716
16720
16733
16734
16754
16757
16758
16763
16765
16771
16775
16776
16779
16785
16788
16791
16792
16808
16809
16811
16812
16814
16816
16818
16820
16821
16822
16823
16829
16830
16831
16832
16918
16946
16949
16950
17067
17086
17096
17097
17116
17122
17130
17132
17133
17134
17142
17144
17153
17155
17165
17169
17192
17213
17249
17250
17251
17252
17253
17254
17255
17256
17257
17258
17259
17260
17261
17262
17263
17264
17265
17266
17267
17268
17269
17270
17271
17272
17273
17274
17275
17276
17278
17279
17280
17281
17282
17283
17284
17285
17286
17287
17288
17289
17290
17291
17292
17293
17294
17295
17296
17297
17298
17299
17300
17301
17302
17303
17304
17305
17306
17307
17308
17309
17310
17311
17313
17320
17322
17323
17324
17328
17335
17340
17353
17356
17362
17384
17406
17416
17419
17421
17425
17426
17430
17438
17441
17446
17447
17451
17455
17458
17459
17461
17462
17463
17464
17465
17472
17479
17480
17483
17487
17490
17493
17495
17497
17502
17504
17505
17506
17508
17514
17515
17523
17530
17531
17532
17539
17541
17554
17558
17559
17563
17566
17568
17570
17572
17573
17574
17575
17576
17588
17596
17637
17638
17640
17643
17647
17648
17664
17678
17720
17747
17748
17749
17769
17779
17795
17796
17798
17800
17805
17806
17813
17820
17821
17824
17849
17852
17856
17857
17858
17877
17878
17887
17893
17897
17900
17905
17921
17929
17931
17934
17942
17945
17946
17947
17949
17951
17953
17959
17972
17974
17975
17988
18008
18013
18017
18051
18052
18055
18056
18057
18058
18060
18061
18062
18063
18064
18065
18066
18068
18069
18070
18071
18079
18087
18088
18104
18105
18106
18107
18108
18109
18110
18111
18112
18113
18114
18115
18116
18117
18118
18119
18120
18121
18122
18123
18124
18125
18126
18127
18128
18129
18130
18131
18132
18133
18135
18136
18137
18138
18139
18140
18141
18142
18143
18144
18145
18146
18148
18152
18153
18156
18158
18167
18168
18169
18170
18171
18173
18174
18175
18176
18177
18178
18179
18180
18181
18182
18183
18184
18185
18186
18187
18189
18194
18196
18201
18202
18203
18204
18205
18206
18207
18208
18210
18211
18212
18213
18214
18215
18216
18217
18218
18219
18220
18221
18222
18223
18224
18225
18226
18227
18228
18229
18230
18236
18237
18238
18239
18240
18241
18242
18243
18250
18256
18257
18263
18266
18270
18271
18275
18277
18282
18283
18284
18285
18287
18293
18294
18295
18298
18306
18307
18309
18310
18311
18315
18316
18318
18319
18320
18321
18322
18323
18329
18332
18348
18349
18350
18351
18352
18354
18355
18356
18357
18365
18366
18367
18368
18378
18385
18386
18391
18398
18399
18400
18401
18402
18406
18411
18413
18417
18419
18427
18429
18433
18434
18436
18437
18441
18447
18448
18449
18453
18462
18463
18464
18469
18477
18484
18485
18486
18487
18490
18493
18497
18503
18504
18510
18514
18518
18519
18520
18526
18542
18543
18545
18547
18564
18565
18566
18581
18582
18599
18600
18601
18602
18603
18604
18605
18606
18607
18608
18609
18610
18611
18612
18613
18614
18615
18616
18617
18618
18619
18620
18621
18622
18623
18624
18625
18626
18627
18628
18629
18630
18631
18632
18633
18634
18635
18636
18637
18638
18639
18640
18641
18642
18643
18644
18645
18646
18647
18648
18649
18650
18651
18652
18653
18654
18655
18656
18657
18658
18659
18660
18661
18662
18663
18664
18665
18666
18667
18668
18669
18670
18671
18672
18673
18674
18675
18676
18677
18678
18679
18680
18681
18682
18683
18684
18685
18686
18687
18688
18689
18690
18691
18692
18693
18694
18695
18696
18697
18698
18699
18700
18701
18702
18703
18704
18705
18706
18707
18708
18709
18710
18711
18712
18713
18714
18715
18716
18717
18718
18719
18720
18721
18722
18723
18724
18725
18726
18727
18728
18729
18730
18731
18732
18733
18734
18735
18736
18737
18738
18739
18740
18741
18742
18743
18744
18745
18746
18747
18748
18749
18750
18751
18752
18753
18754
18755
18756
18757
18758
18759
18760
18761
18762
18763
18764
18765
18766
18767
18768
18769
18770
18771
18772
18773
18774
18775
18776
18777
18778
18779
18780
18781
18782
18783
18784
18785
18786
18787
18788
18789
18790
18791
18792
18793
18794
18795
18796
18797
18798
18799
18800
18801
18802
18803
18804
18805
18806
18807
18808
18809
18810
18811
18812
18813
18814
18815
18816
18817
18818
18819
18820
18821
18822
18823
18824
18825
18826
18827
18828
18829
18830
18831
18832
18833
18834
18835
18836
18837
18838
18839
18840
18841
18842
18843
18844
18845
18846
18847
18848
18849
18850
18851
18852
18853
18854
18855
18856
18857
18858
18859
18860
18861
18862
18863
18864
18865
18866
18867
18868
18869
18870
18871
18872
18873
18874
18875
18876
18877
18878
18879
18880
18881
18882
18883
18884
18885
18886
18887
18888
18889
18890
18891
18892
18893
18894
18895
18896
18897
18898
18899
18900
18901
18902
18903
18904
18905
18906
18907
18908
18909
18910
18911
18912
18913
18914
18915
18917
18921
18932
18935
18938
18939
18940
18965
19006
19009
19010
19011
19012
19013
19014
19015
19017
19023
19027
19029
19088
19115
19122
19133
19139
19150
19178
19179
19180
19182
19187
19223
19259
19260
19262
19286
19325
19377
19409
19443
19493
19516
19529
19557
19573
19639
19643
19648
19723
19742
19881
19888
