0
5
7
8
9
15
17
18
20
23
24
26
28
29
35
36
39
42
47
54
58
60
62
63
67
68
72
74
77
82
83
86
87
88
97
98
99
100
101
107
112
115
118
119
122
123
124
125
130
131
138
141
143
147
151
152
156
157
169
170
171
172
175
181
182
188
194
196
200
203
205
206
207
208
210
211
214
215
216
217
221
222
224
227
229
230
233
236
237
239
241
242
247
254
263
264
267
268
275
277
278
279
280
285
287
288
289
296
297
299
300
303
304
305
308
310
313
321
322
323
341
344
347
349
350
351
352
363
371
375
387
388
402
409
410
412
416
424
425
426
427
428
430
431
432
436
438
439
445
450
451
453
454
475
482
504
505
511
513
516
533
535
536
537
538
541
542
546
548
553
555
558
559
569
573
576
579
593
596
597
599
601
607
612
619
628
636
652
658
663
664
665
670
672
673
674
675
680
681
684
706
708
710
711
719
720
721
724
725
727
730
734
736
737
738
739
743
750
752
753
758
759
760
766
768
770
772
775
780
782
786
789
792
795
796
798
801
804
805
806
810
815
818
830
843
848
850
856
857
867
868
869
870
871
879
880
884
889
894
895
898
904
911
912
917
918
920
921
927
930
943
944
949
950
964
973
978
981
1014
1020
1024
1025
1030
1035
1043
1061
1062
1070
1075
1076
1077
1082
1083
1084
1085
1086
1097
1098
1103
1105
1106
1129
1138
1143
1156
1158
1159
1167
1171
1180
1181
1184
1186
1190
1191
1192
1209
1213
1223
1227
1230
1231
1234
1242
1250
1275
1279
1312
1327
1331
1345
1348
1349
1350
1358
1392
1400
1404
1422
1435
1455
1458
1463
1465
1473
1474
1475
1477
1480
1485
1487
1495
1514
1516
1521
1526
1538
1556
1563
1567
1573
1576
1579
1580
1587
1592
1595
1596
1599
1622
1629
1637
1647
1651
1659
1664
1667
1668
1670
1671
1674
1678
1683
1688
1697
1699
1716
1723
1733
1738
1744
1750
1760
1761
1762
1769
1770
1771
1788
1792
1795
1798
1802
1810
1820
1822
1826
1870
1875
1880
1893
1896
1902
1903
1909
1918
1927
1929
1939
1940
1947
1950
1957
1959
1961
1972
1977
1979
1980
1982
1984
1986
1990
1991
2003
2004
2008
2009
2022
2025
2027
2028
2033
2035
2036
2037
2043
2047
2064
2068
2070
2076
2079
2080
2086
2088
2089
2090
2092
2098
2100
2109
2115
2120
2124
2135
2136
2141
2144
2157
2159
2165
2166
2168
2174
2177
2179
2197
2199
2200
2208
2229
2232
2233
2238
2240
2249
2255
2256
2268
2276
2282
2294
2309
2328
2344
2354
2358
2359
2364
2366
2369
2385
2386
2388
2393
2394
2398
2408
2418
2430
2434
2450
2460
2463
2464
2486
2491
2499
2501
2504
2511
2513
2515
2517
2518
2521
2528
2533
2544
2546
2548
2552
2558
2559
2562
2570
2571
2582
2586
2587
2590
2593
2595
2608
2609
2610
2614
2615
2622
2624
2625
2627
2628
2642
2643
2644
2645
2652
2653
2659
2661
2662
2666
2669
2673
2676
2681
2683
2688
2690
2696
2703
2705
2707
2708
2717
2719
2722
2724
2727
2733
2737
2742
2746
2747
2749
2758
2759
2761
2763
2766
2771
2772
2774
2775
2790
2792
2793
2795
2803
2809
2814
2822
2824
2826
2836
2839
2840
2848
2851
2852
2853
2854
2868
2871
2877
2884
2885
2893
2896
2897
2900
2901
2903
2904
2907
2908
2910
2914
2933
2939
2940
2941
2943
2945
2950
2952
2955
2960
2965
2970
2976
2983
2985
2987
2988
2994
2997
2999
3003
3007
3011
3013
3016
3024
3025
3029
3033
3034
3049
3056
3058
3064
3065
3073
3083
3084
3088
3094
3095
3097
3099
3100
3102
3105
3107
3113
3115
3116
3119
3124
3126
3130
3133
3134
3140
3144
3150
3153
3156
3157
3160
3161
3162
3163
3165
3166
3169
3172
3174
3177
3193
3200
3204
3207
3211
3214
3217
3222
3224
3228
3232
3233
3237
3240
3241
3244
3250
3257
3258
3263
3264
3265
3271
3285
3292
3293
3296
3298
3301
3309
3314
3315
3316
3325
3330
3331
3334
3337
3340
3341
3350
3352
3354
3356
3369
3370
3375
3388
3402
3404
3412
3418
3419
3421
3422
3424
3437
3441
3443
3447
3450
3451
3452
3453
3454
3456
3457
3458
3462
3463
3465
3466
3470
3473
3474
3475
3476
3477
3479
3480
3483
3484
3485
3488
3489
3495
3496
3503
3504
3506
3509
3523
3524
3525
3532
3539
3540
3544
3548
3549
3550
3552
3553
3554
3556
3557
3563
3564
3565
3568
3571
3576
3577
3578
3582
3583
3584
3590
3591
3595
3596
3599
3601
3602
3604
3605
3607
3608
3609
3610
3613
3614
3619
3621
3623
3624
3625
3626
3632
3633
3638
3646
3648
3651
3655
3658
3665
3667
3670
3682
3683
3689
3695
3697
3698
3699
3702
3703
3704
3705
3706
3707
3708
3709
3713
3714
3717
3718
3725
3729
3731
3734
3735
3737
3742
3745
3746
3747
3749
3757
3759
3760
3763
3764
3766
3767
3771
3772
3777
3780
3789
3795
3799
3804
3813
3815
3816
3824
3826
3827
3829
3831
3833
3834
3844
3848
3864
3871
3881
3886
3887
3897
3898
3899
3900
3901
3921
3922
3923
3924
3926
3927
3929
3930
3931
3952
3953
3961
3962
3963
3965
3967
3968
3994
4001
4006
4012
4018
4020
4022
4027
4032
4033
4036
4048
4053
4066
4071
4075
4082
4084
4090
4101
4102
4108
4112
4113
4115
4118
4119
4125
4131
4132
4134
4135
4147
4153
4157
4159
4165
4169
4172
4173
4179
4184
4185
4186
4188
4191
4194
4199
4212
4215
4216
4217
4220
4234
4240
4250
4253
4264
4265
4267
4273
4276
4278
4279
4293
4298
4299
4300
4301
4303
4308
4311
4316
4321
4329
4334
4336
4338
4348
4350
4351
4352
4358
4360
4364
4367
4388
4389
4390
4396
4402
4404
4405
4413
4415
4418
4430
4438
4441
4443
4445
4454
4455
4470
4474
4490
4491
4497
4539
4543
4545
4549
4552
4566
4567
4587
4596
4600
4604
4605
4607
4618
4619
4625
4626
4632
4633
4634
4645
4649
4660
4670
4676
4677
4685
4690
4691
4696
4699
4702
4704
4708
4715
4716
4726
4734
4752
4755
4763
4765
4766
4787
4788
4798
4803
4808
4809
4816
4821
4830
4841
4846
4847
4868
4869
4878
4879
4880
4882
4884
4893
4894
4898
4903
4909
4912
4913
4914
4915
4917
4919
4920
4927
4940
4943
4946
4957
4969
4973
4975
4979
4994
4996
4997
4998
5011
5014
5022
5030
5035
5036
5040
5042
5046
5051
5061
5076
5082
5084
5102
5112
5116
5124
5125
5152
5153
5157
5160
5163
5167
5176
5177
5186
5190
5193
5200
5220
5222
5243
5247
5248
5254
5255
5261
5265
5266
5268
5270
5272
5273
5280
5282
5286
5290
5293
5298
5306
5309
5311
5317
5325
5326
5331
5332
5340
5351
5352
5360
5369
5380
5382
5390
5395
5396
5399
5400
5425
5428
5432
5438
5449
5456
5457
5458
5460
5461
5468
5476
5488
5491
5496
5497
5500
5511
5513
5521
5522
5523
5526
5531
5544
5549
5550
5551
5560
5566
5571
5573
5577
5579
5580
5581
5585
5587
5589
5592
5594
5601
5636
5638
5644
5645
5648
5651
5652
5662
5664
5675
5679
5688
5700
5710
5715
5724
5734
5736
5740
5743
5750
5755
5760
5768
5773
5778
5783
5784
5793
5798
5801
5804
5823
5824
5828
5836
5837
5838
5842
5843
5848
5850
5853
5866
5868
5869
5872
5875
5884
5888
5903
5927
5933
5949
5953
5959
5966
5985
5993
6004
6009
6012
6016
6020
6026
6037
6038
6039
6049
6050
6051
6057
6061
6063
6067
6076
6082
6086
6089
6091
6092
6093
6103
6104
6112
6113
6121
6122
6123
6131
6140
6150
6154
6157
6158
6162
6185
6186
6204
6219
6235
6243
6245
6248
6259
6261
6274
6276
6283
6291
6298
6306
6317
6321
6330
6333
6352
6357
6363
6365
6366
6367
6371
6372
6373
6389
6391
6393
6395
6399
6400
6412
6413
6423
6424
6455
6457
6461
6463
6466
6468
6479
6491
6492
6511
6514
6516
6532
6544
6545
6546
6548
6551
6556
6559
6561
6564
6575
6580
6587
6592
6612
6626
6651
6661
6676
6683
6694
6696
6698
6705
6711
6719
6725
6726
6728
6744
6747
6757
6767
6787
6796
6800
6801
6807
6808
6812
6817
6825
6833
6844
6859
6860
6874
6883
6884
6885
6886
6892
6897
6900
6905
6914
6927
6935
6938
6954
6955
6960
6965
6977
7005
7037
7040
7044
7050
7079
7081
7086
7087
7091
7112
7117
7132
7137
7148
7152
7176
7177
7178
7179
7199
7202
7203
7208
7209
7210
7211
7222
7243
7248
7249
7254
7284
7285
7290
7316
7326
7332
7334
7335
7360
7366
7376
7379
7382
7397
7401
7403
7409
7425
7427
7428
7454
7461
7462
7463
7466
7472
7475
7480
7491
7494
7499
7508
7513
7514
7517
7519
7532
7533
7547
7554
7557
7569
7570
7571
7572
7578
7583
7588
7592
7594
7595
7596
7606
7609
7612
7614
7618
7620
7626
7629
7630
7635
7641
7650
7651
7652
7655
7661
7665
7666
7687
7696
7701
7702
7704
7707
7708
7710
7713
7720
7722
7725
7727
7730
7733
7740
7749
7756
7761
7770
7774
7777
7780
7782
7784
7787
7790
7794
7812
7817
7818
7819
7821
7824
7830
7832
7835
7839
7854
7856
7870
7871
7888
7898
7903
7906
7908
7913
7915
7917
7925
7934
7946
7947
7950
7954
7955
7956
7958
7964
7970
7971
7981
7983
7984
7993
7994
8008
8010
8021
8049
8051
8054
8056
8063
8065
8070
8074
8078
8080
8081
8087
8088
8118
8119
8129
8131
8133
8134
8145
8150
8153
8161
8162
8175
8194
8227
8228
8229
8234
8236
8239
8243
8244
8245
8246
8249
8251
8253
8267
8276
8292
8314
8317
8318
8320
8327
8330
8338
8342
8343
8345
8346
8347
8348
8349
8354
8366
8368
8400
8405
8429
8455
8469
8471
8472
8486
8497
8505
8508
8533
8568
8572
8583
8587
8591
8605
8606
8609
8614
8648
8652
8655
8660
8684
8732
8733
8742
8755
8772
8775
8784
8785
8786
8787
8789
8791
8801
8802
8808
8811
8827
8828
8830
8842
8849
8850
8855
8856
8857
8868
8874
8890
8904
8905
8917
8945
8951
8973
8974
8977
9005
9007
9008
9009
9013
9021
9029
9036
9045
9049
9054
9058
9059
9066
9072
9078
9079
9085
9089
9090
9092
9094
9095
9096
9109
9124
9126
9131
9141
9143
9149
9157
9171
9175
9178
9183
9199
9207
9208
9239
9240
9245
9257
9258
9295
9297
9316
9325
9326
9334
9351
9352
9365
9378
9383
9384
9385
9417
9432
9438
9443
9445
9461
9476
9489
9493
9499
9507
9518
9530
9540
9543
9545
9556
9576
9581
9588
9606
9630
9631
9639
9650
9666
9671
9675
9681
9691
9693
9694
9698
9699
9709
9717
9728
9749
9751
9752
9759
9776
9789
9798
9802
9806
9815
9816
9817
9833
9847
9857
9860
9872
9919
9959
9975
9981
9990
9995
10009
10037
10044
10062
10063
10066
10073
10111
10125
10144
10161
10166
10181
10188
10193
10218
10222
10227
10229
10230
10237
10257
10266
10268
10324
10355
10359
10365
10384
10395
10413
10450
10458
10480
10485
10490
10528
10542
10565
10567
10576
10596
10610
10627
10670
10695
10717
10728
10751
10753
10771
10774
10775
10776
10784
10785
10786
10789
10795
10796
10802
10804
10805
10864
10869
10881
10912
10920
10932
10941
10942
10957
10964
11000
11010
11015
11036
11040
11044
11060
11082
11086
11090
11127
11144
11157
11160
11173
11194
11210
11218
11243
11270
11299
11305
11314
11352
11365
11379
11392
11398
11400
11401
11402
11403
11404
11405
11406
11413
11414
11418
11423
11425
11426
11427
11439
11460
11472
11500
11512
11528
11545
11552
11574
11577
11590
11597
11605
11632
11640
11641
11643
11648
11656
11675
11679
11807
11837
11855
11856
11873
11923
11928
12042
12083
12086
12090
12117
12123
12135
12136
12139
12140
12142
12148
12150
12170
12172
12173
12182
12203
12206
12210
12220
12229
12234
12239
12241
12247
12263
12279
12280
12282
12288
12315
12328
12345
12346
12406
12419
12499
12500
12530
12538
12539
12554
12558
12584
12591
12630
12674
12676
12677
12679
12680
12682
12692
12702
12716
12742
12774
12788
12804
12806
12833
12879
12907
12914
12921
12950
12960
13038
13039
13109
13113
13117
13139
13209
13239
13240
13300
13314
13427
13431
13448
13455
13462
13507
13575
13577
13581
13615
13658
13659
13684
13685
13687
13688
13689
13690
13691
13739
13754
13789
13870
13875
13897
13980
14000
14002
14047
14254
14263
14337
14361
14362
14490
14552
14557
14589
14648
14651
14663
14664
14666
14725
14878
14885
14897
14918
14929
14973
14980
15000
15076
15089
15097
15172
15205
15226
15234
15238
15243
15287
15298
15329
15340
15367
15370
15463
15514
15515
15517
15518
15593
15649
15740
15742
15766
15771
15782
15851
15881
15929
16035
16062
16078
16085
16152
16153
16156
16206
16276
16344
16357
16402
16403
16405
16412
16494
16504
16517
16530
16542
16567
16570
16656
16705
16739
16775
16804
17133
17366
17471
17518
17559
17575
17628
17629
17630
17631
17632
17633
17665
17801
17858
18263
18275
18328
18351
18429
18526
18553
18570
18590
19157
19225
19226
19227
19228
19229
19230
19370
