17
23
24
26
54
60
68
82
85
87
88
99
101
119
123
128
130
135
136
138
139
152
161
166
169
172
183
189
190
200
216
227
239
244
264
273
278
295
299
307
313
320
325
347
368
388
399
402
433
437
439
448
451
465
471
485
511
513
538
540
553
555
585
600
623
634
636
658
673
689
719
727
735
736
739
754
763
765
768
773
774
798
821
824
825
849
850
857
865
878
884
891
906
919
921
963
980
990
999
1041
1043
1052
1062
1075
1077
1083
1084
1098
1129
1143
1159
1161
1162
1200
1203
1244
1268
1285
1304
1328
1344
1349
1353
1402
1430
1446
1463
1465
1520
1573
1583
1590
1652
1670
1694
1746
1760
1762
1792
1853
1902
1920
1925
1977
1985
1990
1991
2009
2033
2064
2066
2076
2116
2134
2140
2167
2176
2205
2238
2261
2273
2290
2293
2327
2355
2364
2366
2368
2393
2435
2444
2450
2489
2494
2495
2531
2545
2550
2552
2567
2571
2582
2588
2590
2616
2625
2640
2662
2666
2669
2671
2674
2681
2682
2692
2701
2717
2766
2775
2787
2802
2829
2832
2850
2854
2859
2861
2882
2888
2910
2914
2943
2953
2962
2994
3008
3030
3100
3105
3115
3120
3126
3139
3150
3152
3157
3162
3163
3168
3170
3193
3207
3213
3217
3223
3231
3232
3237
3245
3250
3262
3264
3292
3309
3325
3336
3341
3363
3368
3369
3375
3404
3406
3407
3410
3412
3418
3425
3441
3450
3458
3459
3462
3470
3485
3509
3523
3524
3529
3533
3560
3565
3570
3578
3579
3583
3596
3603
3620
3624
3646
3651
3658
3682
3683
3689
3703
3705
3720
3732
3734
3752
3760
3766
3777
3786
3802
3809
3813
3815
3819
3834
3848
3859
3860
3866
3886
3901
3923
3924
3930
3941
3961
3970
4000
4009
4046
4074
4085
4086
4113
4118
4187
4205
4229
4231
4253
4319
4329
4340
4355
4359
4388
4389
4390
4405
4430
4454
4470
4513
4539
4582
4587
4592
4603
4622
4632
4636
4651
4657
4702
4726
4743
4766
4794
4813
4829
4830
4855
4859
4869
4882
4891
4909
4913
4917
4937
4961
4972
4980
5001
5007
5052
5069
5074
5082
5115
5156
5176
5193
5205
5243
5273
5292
5294
5330
5361
5369
5408
5413
5444
5448
5449
5476
5491
5536
5549
5550
5564
5625
5628
5638
5662
5699
5784
5834
5840
5844
5884
5918
5920
5927
5930
5944
5952
5953
5957
5966
5990
6036
6055
6079
6081
6093
6094
6103
6106
6113
6125
6133
6142
6186
6212
6214
6252
6253
6272
6293
6331
6343
6357
6366
6372
6389
6393
6414
6418
6425
6465
6480
6482
6493
6500
6585
6612
6625
6652
6653
6668
6672
6684
6687
6697
6719
6722
6730
6770
6784
6834
6857
6865
6871
6872
6879
6885
6922
6923
6934
7012
7037
7046
7047
7097
7112
7132
7148
7167
7178
7208
7213
7223
7224
7243
7259
7261
7275
7300
7342
7358
7367
7379
7409
7410
7414
7422
7461
7480
7504
7519
7532
7614
7675
7686
7693
7707
7718
7739
7766
7785
7813
7837
7840
7867
7881
7969
7983
7984
8022
8051
8056
8059
8062
8071
8074
8078
8081
8088
8161
8198
8237
8262
8271
8278
8313
8335
8337
8343
8348
8350
8372
8404
8418
8449
8463
8472
8481
8483
8506
8613
8614
8655
8660
8698
8700
8705
8733
8746
8749
8775
8780
8822
8856
8860
8865
8869
8917
8920
8965
8968
8978
8980
8981
9066
9090
9096
9108
9146
9148
9157
9173
9212
9236
9267
9272
9275
9286
9295
9303
9334
9378
9383
9432
9474
9537
9564
9578
9594
9598
9672
9699
9722
9751
9776
9794
9802
9833
9845
9860
9884
9911
9915
10019
10032
10063
10065
10188
10237
10399
10426
10434
10471
10519
10552
10610
10647
10728
10730
10761
10799
10833
10841
10912
10913
10944
10962
10972
11141
11204
11218
11417
11448
11561
11573
11583
11731
11807
11813
11980
12090
12133
12135
12227
12239
12358
12419
12491
12548
12559
12567
12587
12606
12650
12665
12680
12716
12748
12892
13017
13020
13101
13189
13190
13216
13313
13314
13317
13343
13441
13514
13718
13742
14001
14117
14169
14173
14207
14557
14645
14680
14766
14814
14841
14888
14978
15035
15051
15055
15086
15108
15159
15172
15348
15436
15455
15465
15557
15597
15668
15767
15782
16089
16202
16227
16276
16372
16496
16500
16523
16542
16577
16609
16662
16704
16792
16949
17097
17122
17250
17254
17256
17267
17271
17278
17296
17299
17320
17432
17514
17640
17934
17949
18052
18061
18063
18071
18085
18112
18121
18137
18143
18174
18182
18204
18350
18401
18621
18678
18680
18839
19225
