0.11148
0.18270
0.11774
0.13485
0.15154
0.10141
0.11394
0.12486
0.09683
0.15718
0.08889
0.07542
0.13721
0.11445
0.09586
0.09204
0.10844
0.17289
0.11747
0.11939
0.13584
0.11760
0.12574
0.13320
0.11564
0.16392
0.12118
0.09683
0.12480
0.11398
0.10779
0.14649
0.08945
0.10392
0.12997
0.14123
0.12717
0.15114
0.13379
0.04258
0.10100
0.12610
0.12174
0.08531
0.12148
0.09501
0.13292
0.12553
0.12845
0.08492
0.12853
0.11489
0.12045
0.09531
0.10818
0.14153
0.15644
0.09173
0.23426
0.13086
0.11905
0.08633
0.20549
0.15171
0.11498
0.12754
0.14799
0.12490
0.12003
0.12464
0.09942
0.07392
0.12925
0.13570
0.18030
0.09813
0.14442
0.14301
0.14109
0.17575
0.15360
0.12211
0.12901
0.12073
0.17113
0.15093
0.15436
0.15347
0.09441
0.07349
0.10072
0.10751
0.11852
0.08782
0.16725
0.13653
0.19992
0.13158
0.12394
0.18603
0.08596
0.08581
0.16697
0.13403
0.12821
0.10771
0.11495
0.12345
0.11314
0.10873
0.11445
0.17216
0.10727
0.09683
0.10477
0.14540
0.16998
0.08596
0.08522
0.15742
0.14416
0.10567
0.19039
0.13937
0.11756
0.09877
0.16456
0.16480
0.13003
0.10985
0.12767
0.08742
0.11980
0.17194
0.14669
0.09544
0.18210
0.16253
0.09987
0.12918
0.16709
0.09739
0.12900
0.13277
0.10776
0.13208
0.09805
0.10395
0.11396
0.10061
0.17068
0.12665
0.08026
0.13664
0.12602
0.37743
0.20746
0.15422
0.20871
0.12478
0.10673
0.12200
0.10731
0.13101
0.11946
0.11560
0.10936
0.12984
0.18611
0.14602
0.24331
0.16475
0.10002
0.14329
0.11825
0.16087
0.18540
0.10372
0.08786
0.10077
0.10817
0.10488
0.12239
0.24244
0.12207
0.09896
0.08931
0.12932
0.14512
0.12203
0.10786
0.11209
0.15863
0.11226
0.12917
0.19940
0.12038
0.09378
0.12361
0.21598
0.15804
0.10682
0.15154
0.12406
0.15189
0.14005
0.21728
0.11105
0.11049
0.12847
0.15426
0.07909
0.12652
0.11154
0.13457
0.19046
0.14183
0.13280
0.13430
0.08894
0.12147
0.10056
0.18281
0.10390
0.10859
0.19759
0.07288
0.11189
0.10249
0.08883
0.13428
0.10643
0.13575
0.11723
0.09689
0.11774
0.16788
0.13360
0.11578
0.10835
0.11446
0.13924
0.09714
0.14342
0.11944
0.04122
0.11711
0.10806
0.12233
0.09044
0.13364
0.12179
0.11102
0.17113
0.12602
0.12110
0.22756
0.11589
0.16168
