0.09116
0.14095
0.13675
0.08996
0.12151
0.01960
0.09250
0.12400
0.12116
0.09821
0.12663
0.12683
0.11653
0.12445
0.09159
0.11760
0.08750
0.11938
0.13743
0.10464
0.11543
0.11327
0.12580
0.10040
0.09138
0.12016
0.11429
0.08875
0.14521
0.10332
0.07093
0.09157
0.12931
0.12180
0.11846
0.10143
0.13790
0.12596
0.11914
0.12221
0.13730
0.11673
0.09227
0.06973
0.11671
0.10136
0.14227
0.08627
0.11761
0.11021
0.08977
0.10818
0.13195
0.08963
0.11539
0.14210
0.12358
0.11159
0.14510
0.09779
0.08411
0.10797
0.17267
0.11893
0.09921
0.11464
0.10248
0.10539
0.09100
0.10911
0.11809
0.13359
0.08779
0.10862
0.12013
0.11988
0.11684
0.11496
0.14058
0.12247
0.10348
0.09518
0.09501
0.10022
0.13333
0.10400
0.13170
0.07773
0.12276
0.06673
0.09391
0.10776
0.11546
0.11640
0.09385
0.10171
0.13190
0.09345
0.10551
0.13514
0.11533
0.11442
0.12446
0.09259
0.10378
0.10261
0.09536
0.17377
0.09773
0.14896
0.10871
0.11872
0.12288
0.11033
0.12569
0.15005
0.11845
0.11526
0.09860
0.13402
0.11580
0.10978
0.09888
0.12524
0.14035
0.14918
0.11981
0.15604
0.11768
0.13029
0.19057
0.10957
0.10853
0.11098
0.12466
0.10900
0.10728
0.12621
0.08529
0.13355
0.11690
0.10297
0.10536
0.09315
0.15749
0.10837
0.11308
0.09314
0.11505
0.13180
0.10328
0.14056
0.12626
0.12866
0.10912
0.14431
0.11923
0.12546
0.16636
0.08794
0.10487
0.12617
0.11963
0.08433
0.09164
0.08258
0.13840
0.11266
0.11403
0.13350
0.09395
0.08936
0.10689
0.13299
0.08103
0.10550
0.12695
0.08825
0.10519
0.06421
0.10264
0.13058
0.14534
0.12624
0.09410
0.11231
0.12923
0.10679
0.13182
0.13354
0.10103
0.09823
0.11245
0.13164
0.12028
0.08821
0.12522
0.07391
0.11202
0.12257
0.11466
0.09885
0.15018
0.12679
0.10024
0.13561
0.11661
0.10771
0.08810
0.13256
0.12050
0.11989
0.09208
0.14000
0.10448
0.10017
0.09352
0.08085
0.08720
0.11950
0.08188
0.09808
0.09867
0.14445
0.08794
0.14983
0.10756
0.12855
0.13786
0.09812
0.11359
0.09592
0.11013
0.11621
0.10686
0.14479
0.12309
0.11283
0.09510
0.09988
0.09830
0.08992
0.12411
0.14177
0.13735
0.12466
0.12093
0.17867
0.09659
0.12949
0.12077
0.13902
0.12787
0.09947
0.12624
0.09178
0.13023
0.09757
0.14824
