0.10331
0.09558
0.07712
0.09483
0.11199
0.10484
0.09656
0.12418
0.10696
0.09713
0.12900
0.09607
0.14047
0.16362
0.11797
0.11377
0.11673
0.08323
0.11685
0.11216
0.08007
0.13355
0.10968
0.10354
0.10797
0.10710
0.11169
0.09469
0.09290
0.08990
0.11801
0.09025
0.10069
0.12247
0.12911
0.07492
0.13276
0.09105
0.10668
0.08516
0.14987
0.10877
0.10564
0.11779
0.08887
0.11165
0.09588
0.09585
0.10107
0.10339
0.07637
0.12261
0.11885
0.10758
0.10655
0.08273
0.09518
0.10486
0.13099
0.10291
0.06522
0.10546
0.10453
0.11708
0.10795
0.10056
0.09912
0.09255
0.10339
0.08442
0.11639
0.15035
0.09199
0.07532
0.11218
0.11294
0.11321
0.05484
0.07561
0.11658
0.08478
0.08329
0.12704
0.11449
0.10249
0.09180
0.07273
0.10090
0.08654
0.11872
0.11890
0.09220
0.09408
0.08585
0.09645
0.09638
0.09728
0.09794
0.12321
0.08882
0.12134
0.08355
0.10040
0.06986
0.13313
0.09665
0.09372
0.08568
0.07830
0.07727
0.08804
0.12369
0.10459
0.09309
0.10792
0.09769
0.09225
0.32085
0.10071
0.09398
0.10945
0.12138
0.12886
0.10803
0.05735
0.14203
0.12007
0.03607
0.11337
0.11660
0.09458
0.10388
0.10960
0.08693
0.10384
0.09627
0.10391
0.13364
0.11627
0.09708
0.07967
0.08715
0.10131
0.12924
0.11630
0.09899
0.12733
0.09715
0.06815
0.12050
0.09917
0.10013
0.12503
0.12665
0.09568
0.09586
0.09402
0.07705
0.09918
0.08769
0.10141
0.09111
0.18849
0.13151
0.10543
0.09875
0.06246
0.08784
0.10395
0.13035
0.13407
0.07768
0.10198
0.07787
0.12607
0.08219
0.11223
0.09072
0.09893
0.13077
0.07361
0.11141
0.10163
0.11681
0.12453
0.13679
0.11451
0.09435
0.10257
0.11929
0.10114
0.10638
0.10229
0.09828
0.10075
0.10925
0.08747
0.10106
0.07848
0.09072
0.11834
0.08799
0.09589
0.09920
0.08208
0.08717
0.08193
0.10536
0.09236
0.10294
0.09379
0.06956
0.09534
0.08722
0.09209
0.14198
0.11870
0.10297
0.10015
0.10290
0.10398
0.10769
0.12748
0.09827
0.09636
0.09922
0.08460
0.10821
0.09644
0.10635
0.10212
0.08029
0.10653
0.08463
0.12569
0.08673
0.10603
0.09337
0.09550
0.09135
0.11145
0.12019
0.07844
0.10235
0.08994
0.11651
0.07807
0.09651
0.07958
0.09816
0.10202
0.10058
0.09680
0.10823
0.10665
0.08792
0.09773
0.10856
