0.08479
0.10322
0.09495
0.11316
0.10743
0.09519
0.09392
0.08388
0.07846
0.08712
0.09537
0.11692
0.10180
0.08743
0.09963
0.08558
0.08947
0.08602
0.09952
0.08299
0.11163
0.08500
0.12388
0.10148
0.10127
0.09408
0.13105
0.08548
0.11079
0.09945
0.12133
0.08222
0.08230
0.12930
0.10579
0.08949
0.08388
0.07856
0.10486
0.08334
0.09472
0.09027
0.10134
0.08293
0.08853
0.10394
0.09939
0.10447
0.08051
0.08399
0.13058
0.10200
0.09901
0.09035
0.09236
0.09769
0.09527
0.09182
0.09158
0.10029
0.08810
0.09827
0.08624
0.09734
0.07731
0.09626
0.09416
0.09813
0.07692
0.09885
0.11355
0.11290
0.07598
0.08309
0.07796
0.11265
0.11105
0.09688
0.09382
0.09918
0.09252
0.12123
0.11261
0.07795
0.10614
0.09960
0.10148
0.09456
0.08337
0.09491
0.07218
0.09494
0.08720
0.08415
0.10151
0.10608
0.11002
0.10757
0.08294
0.09132
0.08623
0.12795
0.11698
0.13261
0.09619
0.10643
0.09665
0.10435
0.12291
0.12990
0.11483
0.08302
0.08122
0.10421
0.09991
0.08822
0.12977
0.09388
0.08856
0.09440
0.10211
0.07628
0.09667
0.08903
0.08597
0.08591
0.09258
0.09751
0.10043
0.09278
0.08433
0.11331
0.09790
0.09198
0.10793
0.09451
0.10069
0.11006
0.10759
0.09785
0.09982
0.11304
0.08260
0.08366
0.11325
0.09483
0.10143
0.11756
0.10250
0.09763
0.09837
0.12030
0.09612
0.08121
0.08858
0.09068
0.11137
0.09333
0.09780
0.08760
0.09952
0.11579
0.13967
0.09834
0.08048
0.09301
0.10924
0.10986
0.09694
0.10848
0.09118
0.10802
0.09442
0.09245
0.08353
0.09436
0.11584
0.09836
0.10686
0.09406
0.10142
0.09253
0.08318
0.08548
0.09290
0.10174
0.08817
0.10093
0.10173
0.09499
0.10381
0.12031
0.08014
0.09691
0.07699
0.09870
0.10027
0.13838
0.10056
0.08894
0.09514
0.09800
0.08759
0.08367
0.08660
0.08351
0.12375
0.12125
0.11656
0.10483
0.07884
0.12388
0.09102
0.09226
0.09151
0.09845
0.08767
0.09323
0.09717
0.12032
0.09118
0.08475
0.12615
0.07122
0.09771
0.10462
0.08414
0.10125
0.08689
0.10053
0.08080
0.07221
0.09822
0.09651
0.09449
0.12100
0.09597
0.11678
0.08424
0.09448
0.11674
0.07851
0.10305
0.09288
0.08795
0.10141
0.07454
0.09495
0.11778
0.10555
0.09203
0.06925
0.09121
0.09154
0.08694
0.11836
0.10119
0.10038
