0.07561
0.09116
0.09489
0.08772
0.08664
0.08459
0.09627
0.09170
0.08397
0.08702
0.08937
0.10068
0.08990
0.09231
0.07516
0.09385
0.09181
0.07510
0.08949
0.07659
0.08203
0.10070
0.09852
0.10469
0.08374
0.08117
0.07845
0.11119
0.09086
0.09283
0.08987
0.09297
0.08941
0.11033
0.09188
0.08644
0.09625
0.09123
0.08798
0.08905
0.08022
0.10681
0.09279
0.09887
0.07464
0.08622
0.09590
0.09181
0.09637
0.10372
0.09688
0.08139
0.09055
0.08999
0.07787
0.08973
0.08625
0.10372
0.09452
0.10002
0.08993
0.08617
0.08890
0.12029
0.09958
0.09223
0.10010
0.07561
0.09782
0.09782
