0
1
3
4
5
6
7
8
9
10
11
12
13
15
16
17
18
19
20
22
23
24
26
27
28
29
30
31
32
33
35
36
37
38
39
40
41
42
43
45
46
48
50
51
53
54
55
56
57
58
59
60
61
62
63
65
66
67
68
69
70
71
72
73
74
76
77
78
79
80
81
82
83
84
85
86
87
88
89
90
91
92
93
94
96
97
98
99
100
101
103
106
107
108
109
110
111
112
113
114
115
116
117
119
120
121
122
123
124
125
126
127
128
129
130
131
132
134
135
136
137
138
139
140
141
142
143
145
146
147
148
149
150
151
152
154
155
156
157
159
160
162
163
164
165
166
167
168
169
170
172
173
174
175
176
177
178
180
181
182
183
185
186
187
188
189
190
191
193
196
197
198
199
200
201
203
204
205
206
207
208
209
210
211
212
213
214
215
216
217
218
219
221
222
223
224
225
226
227
228
229
230
233
236
237
238
239
240
241
242
243
244
247
248
250
251
253
254
255
257
258
259
260
261
262
263
264
268
270
271
272
273
274
275
276
278
279
280
281
282
283
284
285
286
287
288
289
290
292
293
294
295
296
297
298
299
300
301
302
303
304
305
306
307
308
309
310
311
312
313
316
317
319
320
321
322
323
324
325
329
330
331
333
334
335
337
339
340
341
342
344
345
346
347
348
349
350
351
352
353
356
357
359
360
363
364
366
368
369
370
371
372
374
375
376
377
378
379
380
381
383
384
385
386
387
388
389
393
394
395
398
399
401
402
403
404
405
407
408
409
410
415
417
418
419
420
421
422
423
424
425
426
427
428
430
431
432
433
435
436
437
438
439
440
441
442
445
446
448
449
450
451
452
453
454
455
457
458
459
460
463
464
465
468
469
470
471
473
474
475
476
477
479
480
481
482
483
484
485
488
490
491
492
493
501
502
503
504
505
506
508
510
511
513
514
515
516
517
518
519
520
521
522
523
525
526
527
529
530
531
532
533
534
535
536
538
539
540
541
542
543
546
547
548
549
550
551
552
553
554
555
557
558
559
561
563
564
565
566
567
568
569
573
575
576
579
581
582
583
585
586
587
588
589
590
591
593
594
595
596
597
599
600
601
602
603
604
606
607
608
609
610
611
612
615
616
617
619
620
621
622
623
625
626
627
628
629
631
632
634
635
636
637
638
639
640
641
642
644
645
646
647
648
650
651
652
653
654
655
656
658
659
660
662
663
664
665
666
667
668
670
671
672
673
674
675
676
678
679
680
681
682
683
684
685
686
687
688
689
690
692
693
694
695
696
697
698
700
701
703
706
707
708
709
710
714
717
718
719
720
721
722
723
724
725
727
728
731
734
735
736
737
739
740
743
744
745
746
748
749
750
751
752
753
754
755
756
757
758
759
760
763
765
768
770
772
773
774
775
777
778
779
780
781
782
783
785
787
788
789
790
791
792
793
795
796
797
798
799
800
801
802
803
804
805
806
807
808
809
810
811
814
815
816
819
820
821
822
823
824
825
826
827
830
832
834
836
837
838
839
841
843
844
845
846
848
849
850
851
853
855
856
857
858
859
860
861
862
864
865
867
868
869
870
871
872
873
874
875
876
878
880
881
882
883
884
885
886
887
888
889
891
892
894
895
896
897
900
901
902
903
904
905
906
907
908
911
912
916
917
918
919
920
921
922
924
925
926
927
928
929
930
931
932
934
936
937
938
940
941
942
943
944
945
946
947
948
949
950
951
953
954
955
956
957
958
960
961
963
964
965
966
967
968
969
973
974
975
976
977
978
980
981
982
983
984
986
987
988
989
995
996
997
999
1001
1002
1003
1005
1006
1008
1011
1012
1013
1014
1015
1018
1019
1021
1022
1023
1024
1025
1028
1029
1030
1031
1033
1034
1036
1037
1038
1040
1041
1043
1045
1046
1048
1049
1050
1051
1052
1053
1055
1056
1057
1061
1062
1063
1064
1065
1066
1067
1069
1070
1071
1073
1074
1075
1076
1077
1078
1079
1081
1082
1083
1084
1085
1086
1088
1089
1091
1092
1094
1096
1097
1098
1099
1101
1102
1103
1104
1105
1106
1107
1109
1110
1111
1112
1113
1115
1120
1121
1122
1123
1124
1126
1127
1129
1130
1132
1133
1134
1135
1139
1141
1142
1143
1144
1145
1146
1148
1150
1153
1155
1156
1157
1158
1159
1160
1161
1162
1163
1165
1166
1167
1169
1170
1172
1177
1178
1179
1180
1181
1184
1186
1188
1189
1190
1191
1195
1196
1198
1199
1200
1201
1204
1206
1207
1208
1209
1210
1211
1212
1213
1214
1215
1216
1217
1219
1220
1222
1223
1224
1225
1226
1227
1229
1231
1232
1233
1234
1235
1236
1237
1240
1242
1244
1245
1248
1249
1250
1251
1253
1254
1255
1257
1258
1260
1261
1262
1264
1265
1267
1268
1269
1270
1271
1272
1274
1276
1277
1278
1279
1281
1282
1285
1286
1287
1290
1291
1292
1293
1295
1297
1304
1305
1306
1307
1308
1310
1311
1312
1314
1316
1318
1319
1321
1323
1325
1327
1328
1329
1331
1333
1334
1337
1338
1341
1343
1344
1345
1346
1347
1348
1349
1350
1351
1352
1353
1354
1355
1356
1357
1358
1361
1362
1363
1365
1366
1367
1368
1369
1372
1373
1375
1377
1378
1379
1380
1381
1383
1384
1385
1386
1387
1389
1390
1392
1393
1399
1400
1402
1403
1404
1406
1407
1409
1410
1411
1414
1417
1418
1419
1421
1422
1425
1426
1427
1429
1430
1431
1432
1433
1434
1435
1436
1437
1443
1444
1445
1446
1447
1449
1451
1453
1455
1456
1457
1458
1463
1464
1465
1466
1468
1469
1471
1472
1473
1474
1475
1476
1478
1479
1480
1481
1483
1485
1487
1488
1489
1490
1491
1492
1494
1495
1496
1497
1498
1500
1502
1503
1505
1507
1508
1509
1513
1514
1515
1516
1518
1522
1524
1526
1527
1528
1529
1532
1533
1536
1541
1542
1544
1545
1548
1549
1551
1552
1553
1556
1558
1560
1561
1562
1563
1565
1566
1567
1568
1571
1572
1573
1574
1576
1577
1579
1580
1581
1584
1585
1587
1589
1590
1592
1593
1596
1598
1599
1600
1603
1609
1610
1611
1613
1616
1618
1620
1622
1623
1624
1625
1627
1628
1629
1630
1633
1635
1637
1640
1641
1642
1643
1644
1646
1647
1649
1652
1653
1654
1655
1656
1657
1659
1660
1662
1664
1665
1667
1668
1669
1670
1672
1673
1674
1676
1677
1678
1679
1680
1683
1687
1688
1689
1691
1692
1693
1694
1695
1697
1700
1703
1705
1706
1710
1711
1712
1713
1715
1716
1717
1719
1720
1722
1726
1727
1729
1730
1731
1733
1735
1736
1739
1740
1741
1744
1745
1746
1747
1748
1749
1750
1752
1755
1758
1759
1760
1761
1762
1764
1765
1767
1769
1770
1772
1773
1774
1776
1777
1778
1780
1781
1784
1787
1788
1789
1791
1792
1794
1795
1796
1797
1798
1799
1802
1805
1809
1810
1811
1812
1815
1818
1819
1820
1821
1822
1825
1826
1828
1830
1832
1835
1836
1837
1838
1840
1841
1842
1843
1844
1850
1852
1853
1855
1856
1857
1858
1859
1860
1866
1867
1868
1869
1870
1871
1872
1873
1875
1876
1877
1880
1881
1884
1885
1886
1887
1889
1891
1894
1895
1896
1897
1898
1900
1902
1904
1908
1909
1911
1912
1914
1915
1916
1917
1918
1919
1920
1922
1923
1924
1925
1929
1931
1935
1937
1939
1940
1941
1942
1943
1944
1945
1946
1947
1948
1949
1950
1951
1953
1954
1955
1956
1957
1959
1960
1962
1964
1965
1967
1968
1969
1970
1972
1973
1974
1976
1977
1979
1980
1981
1982
1985
1986
1989
1990
1991
1994
1996
2000
2001
2003
2004
2005
2007
2008
2009
2010
2012
2015
2016
2017
2018
2019
2020
2021
2022
2025
2026
2027
2028
2029
2031
2032
2033
2034
2035
2036
2037
2038
2039
2040
2041
2043
2044
2046
2047
2048
2049
2050
2052
2053
2054
2057
2060
2064
2065
2066
2067
2068
2070
2073
2075
2076
2077
2078
2081
2082
2086
2088
2089
2090
2092
2095
2096
2097
2098
2099
2100
2101
2102
2103
2104
2105
2107
2109
2110
2113
2114
2118
2119
2124
2125
2128
2129
2130
2131
2132
2133
2134
2136
2138
2140
2144
2146
2150
2151
2154
2155
2156
2157
2160
2164
2165
2166
2167
2168
2170
2172
2173
2174
2176
2177
2179
2183
2188
2189
2190
2191
2192
2193
2194
2196
2197
2198
2199
2200
2201
2205
2208
2209
2210
2212
2213
2214
2215
2219
2220
2223
2224
2225
2227
2228
2229
2231
2232
2233
2235
2237
2238
2239
2240
2242
2246
2247
2248
2249
2251
2252
2254
2255
2256
2257
2258
2260
2261
2263
2264
2266
2268
2269
2272
2276
2281
2284
2286
2288
2290
2292
2293
2295
2297
2299
2300
2301
2303
2306
2307
2308
2309
2310
2311
2313
2316
2318
2320
2321
2322
2323
2327
2328
2329
2330
2333
2334
2335
2336
2337
2338
2341
2343
2344
2346
2348
2349
2350
2352
2354
2355
2358
2359
2363
2364
2365
2366
2367
2368
2369
2373
2376
2380
2381
2384
2385
2388
2392
2393
2394
2397
2398
2399
2402
2403
2404
2406
2407
2408
2410
2412
2415
2416
2417
2418
2421
2422
2423
2424
2425
2427
2430
2432
2434
2435
2436
2437
2438
2440
2441
2443
2444
2446
2448
2450
2452
2453
2455
2457
2458
2460
2463
2464
2466
2467
2469
2472
2473
2477
2480
2481
2482
2484
2486
2488
2489
2490
2491
2492
2493
2494
2497
2498
2499
2500
2501
2502
2503
2505
2507
2508
2509
2511
2513
2514
2515
2516
2517
2518
2521
2522
2523
2524
2525
2526
2527
2528
2530
2531
2532
2533
2536
2537
2539
2540
2543
2544
2545
2546
2548
2549
2550
2551
2552
2554
2555
2556
2557
2558
2559
2560
2561
2562
2563
2566
2567
2568
2569
2570
2571
2574
2575
2578
2579
2581
2582
2583
2584
2586
2587
2588
2590
2592
2593
2594
2595
2596
2597
2598
2599
2600
2602
2603
2604
2605
2606
2608
2609
2610
2611
2612
2613
2614
2615
2616
2617
2618
2619
2622
2623
2624
2625
2627
2628
2629
2632
2633
2634
2635
2636
2637
2638
2640
2641
2642
2643
2644
2645
2646
2647
2648
2649
2650
2651
2652
2653
2656
2657
2658
2659
2660
2661
2662
2663
2664
2665
2666
2667
2669
2670
2671
2672
2673
2674
2675
2676
2677
2678
2679
2680
2681
2682
2683
2684
2685
2686
2687
2688
2690
2691
2692
2694
2697
2698
2699
2700
2702
2703
2704
2706
2708
2709
2710
2711
2712
2713
2714
2715
2716
2717
2719
2720
2721
2722
2724
2725
2726
2727
2728
2729
2732
2733
2734
2737
2738
2739
2740
2746
2747
2749
2750
2752
2754
2755
2756
2757
2758
2759
2760
2761
2762
2763
2765
2766
2767
2769
2770
2771
2772
2774
2775
2777
2778
2779
2780
2781
2782
2783
2784
2786
2787
2788
2790
2792
2793
2795
2796
2798
2801
2802
2803
2804
2805
2807
2808
2809
2810
2811
2813
2814
2815
2816
2817
2818
2819
2820
2821
2822
2823
2824
2825
2826
2827
2828
2829
2830
2832
2833
2834
2835
2837
2838
2839
2840
2843
2844
2845
2846
2847
2848
2850
2851
2852
2853
2854
2856
2857
2859
2860
2861
2863
2864
2865
2866
2867
2868
2869
2871
2873
2874
2875
2876
2878
2879
2880
2882
2885
2886
2893
2894
2895
2897
2898
2899
2900
2901
2902
2903
2904
2906
2907
2910
2911
2912
2914
2915
2917
2918
2919
2920
2921
2922
2924
2926
2927
2928
2929
2930
2931
2932
2933
2934
2935
2939
2940
2941
2942
2943
2945
2946
2947
2949
2950
2951
2952
2953
2954
2955
2956
2957
2959
2961
2962
2963
2965
2967
2968
2969
2970
2971
2973
2974
2976
2977
2978
2979
2980
2982
2983
2984
2985
2987
2988
2989
2991
2992
2994
2996
2997
2998
2999
3000
3001
3002
3003
3004
3007
3008
3010
3011
3012
3013
3015
3016
3019
3020
3021
3022
3023
3024
3025
3028
3029
3030
3031
3033
3034
3035
3036
3037
3038
3042
3044
3046
3047
3049
3050
3051
3052
3053
3056
3057
3058
3059
3060
3061
3063
3064
3065
3066
3068
3069
3071
3073
3074
3075
3077
3078
3079
3082
3083
3084
3085
3086
3088
3089
3090
3091
3092
3093
3094
3095
3096
3097
3098
3099
3100
3105
3106
3108
3109
3110
3112
3113
3114
3115
3116
3117
3119
3120
3122
3123
3124
3125
3126
3127
3128
3130
3132
3133
3134
3136
3137
3138
3139
3140
3141
3142
3143
3144
3145
3146
3149
3150
3151
3152
3153
3154
3155
3156
3157
3158
3159
3160
3161
3162
3163
3164
3165
3166
3167
3168
3169
3170
3171
3174
3176
3177
3178
3179
3180
3182
3183
3184
3185
3186
3187
3188
3189
3190
3192
3194
3196
3197
3198
3199
3200
3201
3203
3205
3206
3207
3209
3210
3211
3212
3213
3214
3215
3216
3217
3222
3223
3224
3225
3226
3227
3228
3229
3231
3232
3233
3234
3235
3236
3237
3238
3239
3240
3242
3243
3244
3246
3248
3249
3250
3251
3253
3254
3255
3256
3257
3258
3259
3260
3261
3262
3263
3264
3265
3266
3267
3268
3269
3270
3271
3275
3276
3277
3278
3279
3281
3282
3285
3286
3287
3288
3290
3291
3292
3293
3295
3296
3298
3301
3302
3305
3306
3308
3309
3310
3311
3312
3313
3314
3315
3316
3317
3319
3320
3322
3323
3324
3325
3326
3327
3328
3329
3330
3331
3332
3334
3335
3336
3337
3340
3341
3342
3343
3344
3345
3346
3347
3349
3350
3351
3353
3354
3356
3357
3358
3359
3361
3363
3365
3367
3368
3369
3370
3371
3372
3373
3375
3376
3377
3378
3380
3382
3383
3384
3385
3388
3389
3390
3394
3395
3396
3397
3398
3401
3402
3403
3404
3405
3407
3408
3409
3410
3412
3413
3414
3415
3416
3418
3419
3421
3422
3423
3424
3426
3429
3431
3432
3433
3434
3435
3436
3437
3439
3440
3441
3442
3443
3446
3447
3450
3452
3453
3454
3455
3456
3457
3459
3461
3462
3463
3464
3465
3466
3467
3468
3470
3471
3472
3473
3474
3475
3476
3477
3478
3479
3480
3482
3483
3484
3485
3486
3487
3489
3490
3491
3492
3495
3496
3497
3498
3502
3503
3504
3505
3506
3507
3509
3510
3511
3513
3514
3515
3516
3517
3518
3519
3520
3521
3522
3523
3524
3525
3526
3527
3529
3530
3531
3532
3533
3535
3538
3539
3541
3543
3544
3545
3546
3547
3548
3549
3550
3551
3552
3553
3554
3556
3557
3559
3560
3562
3564
3565
3566
3567
3568
3571
3573
3574
3575
3576
3577
3578
3579
3580
3581
3582
3583
3584
3585
3586
3589
3590
3591
3592
3593
3594
3595
3596
3597
3598
3599
3600
3601
3602
3603
3604
3605
3606
3607
3608
3609
3610
3611
3612
3613
3614
3616
3617
3618
3619
3620
3621
3623
3624
3625
3626
3628
3629
3630
3631
3632
3633
3634
3635
3638
3639
3641
3642
3643
3645
3646
3647
3648
3649
3650
3651
3652
3654
3655
3656
3658
3659
3660
3662
3664
3667
3668
3674
3676
3678
3679
3680
3682
3683
3685
3687
3688
3689
3691
3692
3693
3694
3695
3696
3697
3698
3699
3700
3701
3702
3703
3704
3705
3706
3707
3708
3709
3710
3711
3713
3714
3715
3716
3718
3719
3720
3721
3722
3723
3724
3726
3727
3729
3730
3731
3732
3733
3734
3735
3737
3738
3739
3740
3741
3742
3743
3745
3746
3747
3748
3749
3751
3752
3753
3756
3757
3758
3759
3760
3761
3763
3764
3765
3766
3767
3769
3770
3772
3774
3775
3776
3777
3778
3780
3782
3783
3784
3785
3786
3788
3789
3790
3791
3792
3793
3795
3796
3799
3800
3801
3802
3803
3804
3809
3810
3812
3813
3814
3815
3816
3818
3819
3820
3821
3822
3823
3824
3825
3826
3827
3828
3829
3830
3831
3833
3834
3836
3837
3838
3839
3840
3841
3843
3844
3845
3846
3847
3848
3849
3850
3851
3852
3853
3854
3855
3856
3857
3858
3859
3860
3862
3863
3864
3865
3866
3867
3868
3869
3870
3872
3873
3874
3875
3879
3880
3881
3882
3884
3886
3887
3888
3889
3890
3891
3892
3896
3897
3898
3899
3900
3901
3902
3904
3906
3907
3909
3911
3912
3913
3915
3916
3917
3919
3921
3922
3923
3924
3926
3927
3929
3930
3931
3933
3937
3938
3939
3940
3941
3942
3943
3944
3945
3946
3947
3953
3954
3955
3956
3958
3959
3960
3961
3962
3963
3966
3967
3968
3969
3970
3971
3972
3974
3977
3979
3980
3981
3982
3983
3984
3985
3986
3987
3991
3993
3996
3997
3998
3999
4000
4001
4003
4004
4005
4006
4007
4008
4009
4011
4012
4013
4017
4018
4019
4020
4022
4023
4024
4025
4027
4030
4032
4033
4034
4035
4036
4038
4039
4042
4043
4044
4045
4046
4048
4050
4051
4053
4054
4056
4057
4060
4061
4062
4064
4065
4066
4067
4069
4070
4071
4072
4073
4074
4075
4076
4077
4079
4080
4082
4083
4084
4086
4087
4090
4092
4094
4095
4096
4098
4101
4103
4104
4107
4108
4109
4111
4112
4113
4116
4117
4118
4119
4120
4122
4124
4125
4127
4129
4131
4134
4136
4137
4138
4139
4141
4143
4144
4145
4146
4147
4148
4149
4150
4152
4153
4154
4155
4156
4157
4158
4159
4160
4161
4162
4163
4164
4165
4167
4168
4169
4170
4171
4172
4176
4178
4179
4180
4181
4182
4183
4184
4185
4186
4187
4188
4190
4191
4192
4195
4196
4197
4198
4199
4200
4201
4205
4206
4207
4212
4214
4215
4216
4217
4218
4219
4220
4221
4223
4225
4227
4228
4229
4231
4232
4234
4237
4238
4239
4240
4241
4242
4243
4244
4245
4248
4249
4250
4252
4253
4255
4256
4257
4258
4260
4261
4262
4264
4265
4266
4267
4268
4269
4270
4271
4273
4274
4275
4276
4277
4278
4280
4282
4284
4290
4291
4292
4293
4294
4298
4299
4300
4301
4302
4303
4304
4308
4309
4310
4311
4313
4315
4316
4319
4321
4323
4324
4326
4328
4329
4330
4331
4334
4335
4336
4337
4338
4339
4340
4347
4349
4350
4351
4352
4353
4355
4356
4358
4359
4360
4362
4364
4365
4366
4368
4370
4371
4372
4373
4374
4375
4376
4378
4381
4382
4383
4384
4387
4388
4389
4390
4391
4392
4393
4395
4396
4398
4399
4400
4401
4405
4406
4407
4411
4412
4413
4414
4415
4418
4420
4421
4423
4424
4425
4426
4427
4428
4430
4431
4434
4437
4438
4439
4441
4443
4444
4445
4447
4448
4450
4451
4453
4455
4456
4457
4458
4459
4460
4465
4466
4467
4469
4470
4471
4472
4473
4474
4475
4476
4477
4478
4479
4480
4481
4482
4483
4484
4486
4487
4488
4490
4491
4492
4493
4495
4496
4497
4499
4500
4501
4502
4503
4506
4508
4509
4510
4513
4514
4516
4517
4518
4519
4522
4523
4525
4526
4527
4528
4529
4531
4533
4534
4536
4538
4539
4542
4543
4544
4545
4546
4549
4551
4552
4553
4555
4556
4557
4559
4560
4561
4562
4563
4564
4565
4566
4567
4568
4569
4575
4576
4577
4578
4579
4580
4581
4582
4583
4585
4586
4587
4588
4593
4594
4595
4596
4597
4600
4603
4604
4605
4606
4607
4608
4610
4611
4612
4613
4614
4616
4618
4619
4621
4623
4625
4628
4630
4632
4634
4635
4636
4637
4639
4640
4642
4644
4646
4647
4649
4651
4652
4654
4657
4658
4660
4661
4662
4663
4664
4666
4668
4670
4671
4673
4675
4676
4677
4679
4680
4681
4685
4686
4687
4688
4690
4691
4693
4694
4695
4696
4697
4698
4699
4701
4702
4703
4704
4705
4707
4708
4709
4710
4711
4712
4714
4715
4716
4717
4718
4719
4721
4723
4724
4725
4726
4727
4728
4730
4731
4733
4734
4735
4736
4739
4740
4741
4742
4743
4744
4747
4749
4750
4751
4752
4753
4755
4756
4757
4759
4760
4763
4765
4766
4768
4769
4770
4771
4774
4776
4778
4779
4780
4781
4782
4784
4785
4787
4788
4789
4790
4791
4792
4794
4797
4798
4799
4800
4802
4803
4805
4806
4807
4808
4810
4812
4813
4814
4815
4816
4817
4819
4820
4821
4825
4826
4827
4828
4829
4830
4833
4835
4836
4837
4839
4840
4841
4843
4844
4845
4846
4847
4850
4851
4856
4859
4860
4861
4862
4863
4864
4865
4866
4868
4869
4870
4872
4873
4875
4876
4878
4879
4881
4882
4883
4884
4886
4887
4888
4890
4891
4892
4894
4895
4896
4898
4900
4904
4906
4907
4909
4910
4912
4913
4914
4916
4918
4919
4920
4921
4923
4924
4925
4926
4927
4928
4929
4930
4931
4932
4934
4935
4936
4938
4939
4940
4941
4943
4944
4946
4953
4955
4957
4958
4959
4961
4962
4963
4964
4967
4969
4970
4971
4972
4973
4975
4978
4979
4981
4983
4986
4987
4988
4990
4991
4993
4994
4996
4997
4998
4999
5000
5001
5005
5006
5007
5008
5010
5011
5013
5014
5015
5016
5017
5019
5022
5025
5030
5032
5034
5035
5036
5037
5038
5040
5041
5042
5043
5045
5051
5052
5054
5056
5059
5060
5061
5063
5064
5065
5066
5068
5071
5072
5074
5075
5076
5082
5084
5087
5088
5090
5097
5099
5101
5102
5103
5105
5106
5108
5110
5111
5112
5113
5114
5115
5116
5119
5120
5121
5124
5125
5126
5127
5131
5132
5133
5136
5138
5139
5142
5144
5145
5146
5148
5152
5153
5154
5156
5157
5158
5160
5161
5166
5167
5168
5169
5172
5176
5177
5179
5181
5182
5183
5184
5186
5187
5188
5189
5190
5191
5192
5193
5194
5195
5196
5197
5202
5204
5205
5206
5211
5215
5220
5222
5223
5226
5227
5228
5230
5231
5233
5234
5235
5238
5239
5240
5243
5244
5247
5248
5251
5252
5253
5254
5255
5257
5258
5261
5262
5263
5264
5265
5267
5268
5269
5271
5272
5273
5275
5276
5277
5279
5281
5282
5283
5286
5287
5288
5295
5296
5297
5298
5300
5303
5304
5306
5307
5309
5310
5311
5312
5315
5316
5317
5321
5322
5323
5325
5326
5328
5329
5330
5331
5332
5334
5335
5336
5338
5339
5340
5341
5342
5343
5344
5345
5348
5349
5351
5352
5354
5356
5358
5359
5360
5361
5363
5364
5366
5367
5368
5369
5370
5371
5372
5374
5376
5379
5380
5381
5382
5383
5384
5387
5388
5389
5390
5392
5397
5399
5400
5401
5403
5404
5408
5413
5416
5417
5418
5419
5422
5423
5424
5425
5428
5430
5431
5432
5433
5435
5436
5437
5438
5439
5440
5441
5442
5446
5447
5448
5449
5450
5451
5452
5453
5454
5456
5457
5458
5460
5461
5463
5464
5466
5468
5470
5471
5472
5473
5475
5476
5477
5478
5479
5480
5481
5482
5483
5484
5486
5487
5488
5491
5492
5493
5494
5496
5497
5498
5499
5500
5501
5502
5503
5504
5505
5508
5511
5512
5513
5515
5516
5517
5519
5521
5523
5526
5528
5529
5530
5531
5532
5533
5534
5536
5538
5544
5546
5548
5549
5550
5551
5553
5556
5557
5558
5559
5560
5561
5563
5564
5565
5566
5567
5568
5570
5571
5572
5573
5574
5576
5577
5579
5580
5581
5582
5583
5584
5585
5587
5588
5590
5591
5592
5593
5594
5595
5596
5597
5598
5600
5601
5602
5603
5604
5605
5606
5608
5611
5617
5618
5620
5621
5622
5623
5624
5625
5626
5628
5629
5630
5631
5635
5637
5638
5640
5641
5643
5644
5645
5646
5647
5648
5649
5651
5652
5653
5654
5655
5656
5658
5660
5661
5662
5664
5667
5668
5670
5671
5674
5675
5676
5678
5680
5681
5684
5685
5686
5687
5688
5689
5690
5691
5697
5698
5700
5701
5702
5703
5705
5706
5708
5709
5710
5712
5713
5715
5718
5719
5720
5721
5722
5724
5725
5726
5729
5730
5731
5734
5736
5738
5742
5743
5745
5747
5748
5749
5751
5754
5755
5756
5758
5759
5760
5762
5763
5764
5765
5766
5767
5768
5770
5772
5773
5774
5776
5778
5779
5780
5782
5784
5789
5790
5791
5792
5793
5794
5795
5796
5797
5801
5803
5804
5805
5806
5812
5813
5814
5815
5816
5817
5818
5825
5826
5827
5829
5831
5832
5833
5834
5836
5837
5838
5840
5841
5842
5843
5844
5845
5846
5848
5850
5851
5852
5855
5856
5857
5858
5859
5860
5861
5862
5864
5865
5866
5867
5868
5869
5870
5871
5872
5873
5875
5876
5880
5882
5883
5884
5888
5890
5891
5892
5893
5897
5901
5902
5903
5904
5905
5906
5908
5911
5912
5914
5915
5916
5917
5918
5920
5922
5923
5924
5926
5927
5928
5929
5930
5931
5934
5936
5938
5939
5942
5944
5945
5946
5947
5948
5949
5950
5952
5953
5954
5956
5957
5959
5960
5961
5966
5967
5968
5971
5972
5973
5974
5975
5977
5981
5984
5985
5987
5988
5989
5990
5992
5994
5996
5997
5999
6000
6003
6005
6006
6007
6008
6011
6012
6013
6015
6018
6019
6021
6023
6027
6028
6031
6033
6034
6035
6036
6037
6038
6039
6040
6041
6042
6044
6046
6047
6049
6050
6052
6053
6054
6055
6056
6057
6058
6060
6061
6063
6064
6065
6067
6068
6069
6072
6074
6076
6079
6081
6082
6084
6085
6087
6088
6089
6090
6091
6092
6093
6094
6095
6096
6097
6098
6099
6103
6104
6106
6107
6109
6110
6111
6112
6113
6114
6117
6121
6122
6124
6125
6126
6131
6134
6137
6138
6139
6140
6141
6142
6143
6144
6145
6146
6148
6149
6150
6152
6153
6155
6156
6157
6158
6159
6161
6162
6163
6164
6166
6170
6171
6172
6173
6174
6179
6180
6182
6184
6185
6186
6191
6192
6196
6199
6200
6202
6204
6205
6206
6208
6209
6210
6212
6213
6214
6216
6218
6219
6220
6221
6222
6223
6224
6225
6227
6229
6231
6232
6233
6234
6235
6236
6237
6241
6242
6246
6248
6249
6250
6251
6252
6253
6254
6255
6261
6262
6267
6268
6270
6272
6273
6274
6275
6276
6277
6278
6279
6281
6282
6283
6284
6285
6286
6289
6290
6291
6293
6295
6297
6298
6299
6300
6301
6304
6306
6309
6310
6314
6317
6321
6322
6325
6329
6331
6334
6336
6337
6339
6340
6341
6343
6344
6345
6346
6348
6350
6351
6352
6353
6354
6357
6359
6360
6361
6363
6364
6365
6366
6367
6368
6369
6370
6371
6372
6373
6374
6375
6376
6377
6378
6379
6381
6382
6383
6384
6385
6386
6388
6389
6390
6391
6392
6393
6395
6396
6399
6401
6405
6407
6410
6411
6412
6413
6414
6415
6416
6418
6419
6420
6421
6422
6424
6425
6427
6429
6430
6431
6432
6433
6434
6435
6436
6439
6444
6446
6447
6450
6453
6455
6457
6458
6461
6462
6463
6464
6466
6467
6468
6469
6472
6479
6480
6482
6485
6486
6488
6489
6491
6492
6493
6495
6496
6497
6500
6502
6507
6508
6509
6511
6513
6514
6515
6517
6518
6519
6520
6522
6523
6525
6528
6531
6532
6533
6535
6536
6537
6539
6541
6544
6545
6546
6548
6549
6550
6552
6553
6555
6556
6560
6561
6564
6565
6566
6574
6576
6578
6580
6584
6585
6586
6587
6589
6590
6592
6593
6594
6596
6597
6599
6600
6601
6602
6607
6609
6610
6612
6613
6615
6617
6621
6622
6624
6625
6626
6628
6629
6630
6631
6633
6635
6637
6642
6646
6649
6650
6651
6653
6654
6655
6656
6657
6658
6659
6660
6661
6662
6665
6667
6668
6669
6672
6674
6675
6679
6682
6683
6684
6686
6687
6689
6690
6691
6694
6695
6696
6698
6700
6701
6702
6703
6704
6705
6711
6712
6713
6716
6717
6718
6719
6720
6721
6722
6723
6724
6728
6729
6730
6731
6735
6736
6739
6741
6743
6746
6747
6750
6751
6755
6757
6760
6761
6762
6763
6765
6767
6768
6769
6772
6778
6779
6780
6781
6784
6786
6787
6788
6789
6790
6791
6792
6794
6795
6796
6797
6799
6800
6801
6807
6808
6809
6810
6811
6812
6813
6814
6815
6816
6818
6821
6822
6823
6825
6826
6827
6833
6834
6836
6837
6840
6841
6844
6846
6848
6850
6857
6859
6863
6865
6866
6868
6869
6870
6871
6874
6877
6879
6880
6883
6884
6885
6886
6888
6889
6890
6891
6892
6893
6894
6897
6900
6902
6903
6904
6906
6907
6910
6911
6913
6914
6915
6916
6918
6921
6922
6924
6925
6926
6927
6928
6929
6934
6935
6936
6938
6943
6944
6948
6953
6954
6956
6957
6958
6960
6962
6964
6965
6966
6970
6972
6973
6974
6977
6978
6981
6982
6988
6990
6991
6992
6993
6995
6999
7000
7002
7004
7005
7006
7008
7009
7010
7011
7013
7017
7018
7020
7023
7024
7029
7035
7036
7037
7038
7039
7040
7041
7042
7044
7045
7046
7049
7050
7052
7055
7056
7058
7061
7062
7063
7064
7065
7066
7067
7068
7070
7073
7074
7075
7077
7079
7081
7082
7083
7086
7089
7093
7094
7097
7099
7100
7101
7102
7103
7104
7108
7109
7110
7111
7115
7116
7117
7123
7125
7126
7128
7129
7130
7131
7132
7133
7134
7135
7136
7140
7141
7142
7143
7148
7151
7152
7153
7154
7155
7159
7162
7165
7167
7168
7169
7171
7174
7175
7176
7177
7178
7179
7180
7182
7183
7184
7188
7189
7191
7192
7194
7198
7199
7202
7203
7204
7207
7208
7209
7210
7211
7213
7215
7216
7220
7221
7222
7223
7224
7225
7226
7230
7232
7233
7234
7235
7236
7238
7239
7241
7242
7243
7244
7245
7246
7247
7248
7249
7250
7251
7252
7254
7256
7257
7259
7260
7261
7264
7268
7270
7271
7272
7273
7274
7275
7276
7279
7280
7281
7282
7284
7285
7286
7290
7291
7292
7293
7295
7296
7297
7298
7302
7303
7310
7311
7312
7314
7315
7317
7319
7320
7321
7322
7323
7325
7328
7331
7333
7337
7340
7341
7342
7344
7345
7347
7349
7351
7352
7353
7357
7358
7359
7360
7362
7363
7365
7366
7370
7375
7377
7378
7379
7381
7382
7384
7385
7386
7390
7391
7393
7394
7397
7398
7402
7403
7404
7405
7406
7409
7413
7415
7416
7418
7419
7420
7422
7423
7425
7426
7427
7428
7434
7439
7441
7442
7447
7449
7450
7451
7455
7458
7459
7460
7461
7462
7463
7464
7465
7468
7470
7471
7472
7473
7475
7477
7478
7479
7480
7482
7483
7486
7487
7488
7489
7490
7491
7492
7496
7498
7499
7501
7504
7505
7507
7508
7509
7510
7512
7513
7516
7517
7521
7525
7526
7527
7529
7532
7533
7534
7535
7538
7539
7542
7543
7544
7545
7547
7550
7551
7552
7553
7554
7557
7558
7559
7561
7562
7563
7565
7567
7569
7570
7571
7572
7573
7574
7575
7576
7577
7578
7580
7583
7584
7586
7588
7589
7591
7592
7593
7595
7596
7598
7599
7601
7605
7607
7608
7609
7610
7611
7612
7614
7615
7618
7619
7620
7622
7626
7627
7628
7629
7630
7631
7633
7634
7635
7636
7637
7638
7640
7641
7643
7645
7648
7649
7650
7654
7657
7661
7662
7664
7665
7666
7668
7670
7671
7672
7674
7676
7677
7680
7682
7683
7684
7687
7688
7690
7691
7693
7694
7695
7696
7699
7700
7701
7702
7703
7704
7706
7707
7708
7710
7712
7713
7714
7715
7716
7717
7719
7720
7721
7722
7724
7725
7726
7727
7729
7730
7734
7735
7736
7739
7740
7741
7742
7744
7745
7746
7747
7748
7749
7750
7751
7754
7756
7757
7758
7759
7760
7761
7762
7765
7766
7767
7768
7770
7772
7773
7774
7775
7776
7777
7779
7780
7781
7783
7784
7785
7786
7787
7789
7791
7792
7793
7794
7795
7797
7800
7801
7803
7804
7806
7807
7810
7811
7812
7815
7816
7817
7818
7819
7820
7822
7823
7825
7826
7827
7828
7829
7830
7831
7832
7833
7834
7835
7837
7839
7840
7841
7842
7846
7847
7848
7849
7851
7852
7854
7855
7856
7857
7858
7861
7862
7863
7865
7867
7868
7870
7871
7873
7874
7876
7877
7878
7880
7881
7882
7883
7884
7886
7887
7888
7889
7890
7891
7892
7893
7894
7895
7896
7897
7898
7899
7901
7902
7903
7904
7905
7906
7907
7908
7909
7910
7913
7914
7915
7917
7918
7919
7920
7921
7923
7924
7925
7926
7928
7931
7932
7933
7934
7935
7936
7937
7940
7942
7943
7944
7946
7947
7948
7949
7950
7951
7953
7954
7955
7956
7957
7958
7961
7962
7963
7964
7965
7967
7969
7970
7971
7972
7976
7977
7979
7980
7981
7982
7984
7987
7989
7992
7993
7994
7998
7999
8001
8003
8006
8008
8009
8011
8012
8013
8014
8015
8016
8017
8021
8026
8036
8038
8039
8040
8041
8042
8043
8045
8047
8049
8051
8053
8054
8056
8057
8058
8059
8060
8062
8064
8065
8066
8068
8069
8071
8072
8073
8074
8075
8077
8078
8079
8080
8081
8084
8086
8087
8088
8089
8090
8091
8092
8093
8100
8102
8104
8105
8106
8108
8113
8116
8118
8119
8120
8125
8126
8129
8130
8131
8132
8133
8137
8138
8141
8143
8144
8145
8148
8149
8150
8152
8153
8156
8157
8158
8159
8161
8164
8165
8166
8167
8168
8169
8170
8171
8174
8175
8177
8179
8180
8183
8185
8188
8192
8194
8195
8196
8200
8203
8204
8205
8206
8208
8209
8211
8212
8213
8215
8218
8219
8221
8222
8223
8224
8227
8228
8229
8230
8232
8233
8234
8236
8237
8238
8239
8243
8245
8246
8248
8249
8251
8252
8253
8254
8257
8259
8260
8261
8262
8264
8265
8268
8270
8273
8274
8276
8279
8280
8281
8282
8286
8287
8289
8291
8292
8298
8304
8308
8309
8312
8314
8315
8317
8318
8319
8320
8322
8323
8325
8326
8327
8330
8331
8334
8335
8336
8337
8338
8339
8342
8343
8345
8346
8347
8348
8349
8350
8353
8354
8356
8357
8358
8361
8363
8364
8365
8368
8369
8370
8371
8372
8373
8374
8375
8376
8383
8386
8387
8388
8390
8392
8394
8395
8396
8400
8401
8403
8405
8407
8408
8409
8412
8416
8418
8421
8422
8423
8424
8425
8428
8430
8431
8432
8434
8436
8437
8440
8443
8444
8446
8449
8450
8455
8458
8461
8462
8465
8466
8468
8469
8471
8472
8473
8475
8477
8478
8480
8481
8482
8484
8486
8487
8488
8491
8492
8493
8500
8502
8507
8508
8511
8513
8514
8522
8527
8529
8530
8531
8532
8533
8535
8537
8541
8542
8544
8546
8547
8552
8557
8561
8562
8566
8567
8568
8569
8572
8573
8576
8577
8578
8579
8580
8583
8584
8586
8587
8588
8589
8590
8591
8594
8596
8599
8600
8603
8605
8607
8608
8610
8611
8612
8613
8614
8615
8616
8621
8622
8629
8633
8635
8638
8645
8647
8648
8650
8652
8655
8658
8662
8666
8667
8670
8673
8676
8677
8680
8683
8684
8691
8699
8702
8705
8706
8716
8719
8723
8726
8732
8733
8736
8737
8740
8741
8742
8745
8746
8752
8753
8755
8760
8763
8764
8771
8772
8773
8774
8775
8779
8781
8784
8785
8786
8787
8788
8789
8790
8791
8792
8796
8797
8798
8799
8800
8802
8803
8804
8805
8806
8808
8809
8811
8816
8818
8821
8822
8823
8824
8825
8826
8827
8828
8829
8830
8831
8833
8834
8835
8836
8837
8842
8843
8844
8847
8849
8853
8854
8856
8860
8862
8863
8864
8865
8866
8868
8869
8870
8871
8873
8874
8877
8880
8884
8889
8890
8892
8894
8896
8897
8898
8902
8904
8905
8906
8908
8910
8913
8914
8916
8917
8919
8920
8921
8922
8923
8927
8928
8929
8930
8932
8934
8936
8938
8939
8940
8942
8943
8944
8947
8949
8953
8955
8958
8960
8961
8965
8967
8968
8970
8971
8973
8974
8977
8978
8979
8981
8982
8983
8984
8985
8986
8988
8990
8991
8992
8995
8998
8999
9002
9005
9008
9011
9013
9014
9015
9018
9019
9021
9028
9029
9031
9033
9036
9037
9040
9044
9047
9049
9052
9053
9054
9056
9058
9059
9060
9061
9062
9063
9065
9066
9072
9073
9078
9079
9080
9081
9083
9085
9086
9089
9090
9092
9093
9094
9095
9096
9097
9099
9101
9102
9106
9108
9109
9110
9111
9112
9113
9115
9117
9118
9123
9124
9127
9128
9133
9135
9137
9138
9139
9140
9141
9142
9143
9144
9148
9149
9150
9153
9157
9159
9163
9169
9170
9172
9174
9175
9177
9178
9179
9181
9182
9183
9184
9185
9188
9191
9193
9194
9195
9198
9199
9204
9206
9207
9208
9209
9210
9211
9212
9213
9214
9215
9216
9217
9218
9219
9220
9222
9228
9229
9232
9233
9234
9235
9236
9238
9239
9240
9242
9244
9245
9248
9249
9250
9251
9252
9253
9260
9262
9263
9264
9265
9266
9267
9268
9269
9270
9271
9272
9273
9274
9275
9276
9277
9278
9280
9281
9282
9283
9284
9285
9287
9288
9289
9290
9291
9292
9293
9294
9295
9297
9298
9299
9300
9302
9305
9309
9310
9312
9314
9315
9316
9318
9320
9325
9326
9327
9328
9330
9334
9335
9336
9337
9338
9350
9351
9352
9357
9359
9360
9361
9366
9367
9371
9373
9374
9378
9380
9383
9384
9385
9386
9387
9388
9389
9390
9391
9393
9395
9398
9401
9403
9404
9412
9414
9415
9416
9417
9418
9420
9421
9422
9423
9424
9426
9428
9429
9435
9438
9441
9442
9444
9445
9446
9447
9452
9453
9455
9459
9460
9461
9462
9463
9466
9467
9468
9476
9477
9478
9481
9484
9485
9487
9488
9489
9490
9491
9493
9496
9497
9498
9499
9501
9502
9505
9507
9508
9510
9511
9513
9515
9517
9519
9520
9521
9523
9524
9525
9526
9527
9528
9529
9530
9531
9532
9533
9535
9536
9537
9539
9540
9541
9543
9544
9548
9549
9550
9551
9552
9553
9554
9555
9556
9557
9560
9561
9562
9563
9565
9567
9568
9569
9571
9574
9575
9579
9582
9584
9585
9587
9588
9589
9590
9591
9593
9594
9595
9598
9603
9607
9609
9610
9611
9613
9614
9615
9619
9620
9623
9625
9626
9627
9628
9629
9630
9631
9632
9635
9636
9637
9638
9640
9642
9644
9649
9651
9653
9654
9655
9656
9661
9662
9663
9665
9666
9668
9669
9670
9671
9672
9677
9679
9681
9684
9685
9686
9687
9689
9690
9691
9693
9694
9695
9699
9709
9711
9713
9714
9715
9716
9717
9718
9719
9721
9722
9724
9725
9727
9728
9731
9735
9737
9738
9740
9742
9747
9749
9750
9751
9752
9756
9759
9761
9764
9765
9766
9767
9768
9769
9771
9776
9781
9788
9789
9790
9791
9794
9797
9798
9802
9808
9810
9812
9813
9815
9816
9818
9819
9820
9821
9823
9824
9826
9827
9829
9830
9833
9835
9839
9840
9841
9845
9847
9848
9849
9850
9851
9855
9857
9860
9862
9868
9871
9872
9873
9874
9876
9878
9881
9883
9884
9886
9893
9896
9897
9898
9899
9902
9903
9904
9906
9908
9909
9911
9912
9916
9919
9920
9922
9931
9935
9938
9939
9941
9942
9943
9944
9946
9947
9948
9951
9952
9953
9955
9957
9959
9961
9963
9964
9967
9969
9970
9975
9976
9980
9981
9982
9985
9987
9990
9991
9993
9994
9995
10001
10003
10008
10009
10011
10012
10013
10017
10019
10020
10022
10023
10024
10025
10029
10030
10032
10034
10035
10036
10037
10038
10040
10044
10046
10048
10052
10056
10058
10061
10063
10064
10065
10068
10070
10074
10075
10079
10080
10084
10085
10086
10088
10091
10094
10095
10096
10098
10099
10102
10104
10105
10106
10113
10114
10115
10120
10122
10125
10127
10130
10131
10132
10139
10141
10145
10146
10151
10152
10154
10155
10156
10157
10158
10159
10161
10163
10164
10169
10170
10173
10175
10179
10180
10181
10184
10185
10186
10187
10188
10189
10190
10192
10193
10195
10197
10201
10203
10205
10208
10209
10210
10211
10212
10218
10224
10225
10227
10229
10230
10233
10234
10235
10237
10240
10244
10245
10247
10249
10254
10256
10257
10262
10263
10264
10265
10268
10269
10271
10272
10275
10276
10277
10279
10282
10290
10291
10295
10298
10302
10303
10304
10306
10307
10312
10314
10317
10323
10331
10334
10336
10339
10342
10343
10344
10347
10348
10349
10351
10356
10357
10358
10359
10361
10365
10367
10368
10370
10371
10376
10377
10384
10385
10388
10390
10391
10399
10401
10403
10404
10409
10410
10411
10413
10419
10425
10432
10434
10435
10436
10437
10439
10445
10447
10449
10450
10455
10459
10460
10461
10462
10468
10473
10474
10476
10477
10479
10480
10482
10485
10486
10490
10494
10495
10496
10497
10499
10501
10502
10505
10509
10513
10516
10517
10523
10526
10527
10528
10529
10530
10532
10538
10539
10543
10548
10551
10555
10558
10559
10560
10562
10565
10567
10571
10572
10573
10576
10578
10583
10584
10585
10591
10593
10595
10599
10600
10605
10608
10609
10622
10625
10627
10631
10633
10635
10639
10640
10647
10650
10651
10654
10655
10656
10664
10667
10668
10672
10674
10675
10684
10686
10689
10692
10695
10700
10702
10704
10708
10709
10710
10715
10722
10723
10728
10729
10730
10731
10733
10738
10739
10740
10741
10742
10743
10745
10749
10751
10752
10753
10757
10759
10761
10764
10767
10771
10772
10774
10775
10776
10777
10778
10779
10780
10781
10782
10783
10784
10785
10786
10788
10789
10790
10791
10792
10794
10795
10796
10797
10801
10804
10806
10807
10809
10810
10813
10814
10815
10821
10830
10833
10834
10836
10837
10838
10840
10845
10846
10847
10849
10850
10853
10860
10864
10867
10868
10870
10871
10872
10873
10874
10878
10879
10881
10889
10892
10893
10900
10903
10904
10908
10912
10914
10917
10918
10920
10924
10927
10936
10938
10941
10942
10943
10944
10945
10947
10949
10950
10952
10959
10962
10963
10964
10968
10971
10973
10977
10978
10979
10988
10994
10998
11001
11003
11004
11005
11008
11009
11013
11014
11016
11018
11019
11022
11026
11029
11032
11033
11036
11040
11041
11044
11045
11046
11047
11051
11059
11060
11062
11063
11064
11066
11068
11073
11082
11086
11087
11090
11093
11094
11098
11101
11106
11107
11108
11109
11115
11118
11123
11125
11126
11127
11128
11131
11132
11134
11137
11138
11139
11140
11141
11143
11144
11145
11146
11147
11149
11153
11154
11157
11159
11160
11163
11165
11166
11169
11171
11172
11181
11182
11189
11194
11195
11197
11203
11207
11209
11210
11211
11212
11218
11225
11227
11229
11238
11243
11244
11248
11250
11252
11255
11256
11270
11275
11276
11277
11284
11285
11287
11289
11293
11294
11295
11299
11305
11309
11313
11314
11316
11317
11320
11323
11328
11333
11342
11343
11344
11345
11347
11348
11351
11352
11353
11358
11359
11371
11372
11373
11375
11379
11383
11384
11386
11387
11388
11389
11392
11395
11397
11401
11402
11403
11404
11405
11406
11407
11410
11411
11413
11414
11417
11418
11421
11422
11426
11435
11439
11448
11453
11454
11455
11456
11458
11460
11462
11464
11466
11469
11473
11475
11476
11477
11482
11485
11488
11490
11496
11500
11507
11508
11509
11510
11511
11512
11513
11516
11517
11520
11527
11529
11533
11535
11538
11541
11542
11545
11546
11547
11549
11550
11552
11553
11554
11556
11557
11558
11562
11563
11564
11565
11568
11569
11570
11571
11572
11573
11574
11577
11578
11580
11581
11582
11585
11587
11590
11597
11603
11605
11606
11607
11609
11613
11614
11618
11619
11626
11628
11629
11631
11632
11633
11634
11635
11640
11642
11643
11644
11647
11649
11654
11655
11658
11660
11662
11663
11664
11670
11676
11679
11682
11683
11685
11691
11698
11702
11703
11707
11713
11714
11715
11716
11721
11723
11725
11726
11728
11729
11731
11732
11734
11736
11744
11745
11747
11750
11751
11754
11758
11762
11763
11769
11777
11780
11781
11784
11787
11797
11799
11809
11812
11813
11814
11826
11829
11830
11833
11837
11844
11847
11851
11855
11856
11860
11863
11866
11870
11871
11875
11876
11878
11881
11886
11890
11896
11899
11903
11904
11908
11910
11911
11917
11939
11940
11941
11942
11943
11955
11957
11959
11961
11963
11964
11968
11971
11976
11977
11978
11980
11983
11986
11987
11993
11994
11995
11999
12000
12003
12007
12008
12010
12011
12014
12021
12027
12035
12036
12038
12042
12045
12046
12047
12053
12055
12057
12060
12061
12062
12069
12070
12074
12078
12079
12080
12081
12085
12086
12087
12096
12100
12104
12105
12110
12111
12112
12117
12121
12122
12123
12124
12126
12127
12130
12132
12134
12135
12136
12138
12139
12140
12141
12142
12143
12146
12147
12148
12149
12150
12154
12156
12157
12159
12164
12166
12168
12169
12170
12171
12173
12175
12178
12179
12180
12182
12184
12186
12187
12189
12192
12194
12195
12196
12197
12199
12200
12203
12208
12209
12210
12211
12212
12213
12214
12218
12219
12224
12225
12227
12230
12231
12240
12243
12246
12247
12252
12253
12257
12263
12264
12275
12276
12277
12278
12279
12280
12281
12282
12288
12289
12293
12294
12295
12296
12297
12299
12302
12305
12315
12318
12319
12320
12321
12322
12323
12325
12327
12328
12331
12333
12341
12353
12354
12355
12356
12357
12358
12359
12373
12377
12385
12386
12387
12392
12401
12403
12404
12405
12406
12407
12413
12415
12416
12419
12428
12431
12434
12435
12436
12440
12442
12444
12445
12446
12470
12473
12478
12482
12491
12494
12497
12499
12505
12509
12510
12512
12513
12514
12515
12519
12521
12523
12525
12526
12532
12534
12537
12538
12539
12540
12542
12544
12546
12548
12550
12554
12555
12558
12559
12560
12561
12562
12563
12565
12566
12568
12569
12579
12582
12585
12587
12591
12594
12605
12606
12609
12621
12622
12624
12628
12630
12632
12634
12635
12638
12643
12645
12647
12648
12650
12658
12659
12660
12663
12667
12675
12676
12677
12680
12682
12683
12687
12694
12700
12701
12705
12707
12708
12710
12711
12713
12714
12715
12716
12718
12719
12721
12723
12725
12726
12729
12736
12737
12738
12739
12743
12744
12745
12749
12750
12756
12757
12758
12760
12761
12764
12765
12770
12775
12778
12781
12782
12786
12788
12793
12795
12796
12798
12799
12800
12804
12825
12826
12828
12833
12854
12855
12856
12857
12858
12859
12863
12870
12873
12876
12878
12879
12881
12885
12891
12892
12893
12897
12898
12901
12902
12906
12907
12908
12914
12915
12916
12917
12926
12930
12934
12935
12938
12943
12946
12948
12949
12950
12952
12954
12955
12956
12960
12961
12962
12965
12966
12973
12974
12976
12977
12983
12984
12990
12992
12994
12995
12998
13001
13012
13016
13017
13019
13024
13028
13035
13037
13041
13059
13061
13068
13069
13070
13076
13080
13081
13085
13088
13090
13094
13097
13098
13101
13103
13104
13106
13109
13110
13112
13113
13116
13119
13122
13126
13131
13133
13134
13137
13138
13141
13142
13143
13144
13145
13149
13150
13151
13152
13158
13160
13167
13168
13169
13170
13172
13176
13177
13180
13189
13190
13193
13194
13199
13200
13202
13203
13209
13212
13216
13217
13219
13221
13224
13226
13227
13230
13231
13240
13241
13245
13246
13248
13253
13254
13255
13258
13261
13262
13263
13265
13267
13275
13279
13281
13282
13284
13286
13289
13291
13295
13296
13297
13298
13299
13300
13301
13306
13311
13313
13314
13317
13318
13324
13325
13327
13330
13331
13334
13339
13341
13343
13352
13353
13354
13356
13358
13361
13369
13372
13373
13381
13382
13383
13393
13398
13399
13401
13405
13409
13415
13418
13419
13421
13423
13426
13427
13430
13431
13432
13434
13437
13438
13440
13441
13442
13447
13448
13455
13457
13458
13462
13464
13472
13481
13483
13484
13485
13488
13491
13493
13496
13500
13506
13511
13512
13514
13517
13518
13520
13523
13528
13529
13530
13535
13536
13538
13539
13544
13556
13558
13559
13562
13564
13567
13568
13573
13574
13575
13577
13578
13584
13588
13599
13602
13604
13605
13609
13611
13616
13617
13623
13628
13629
13632
13644
13647
13648
13650
13651
13652
13653
13654
13655
13656
13658
13659
13661
13663
13664
13670
13673
13674
13679
13680
13681
13684
13685
13687
13688
13689
13690
13691
13695
13701
13703
13705
13714
13716
13717
13718
13721
13724
13726
13731
13732
13735
13739
13742
13746
13747
13748
13750
13751
13754
13755
13757
13763
13770
13775
13776
13780
13789
13792
13793
13795
13804
13806
13811
13812
13829
13832
13833
13837
13840
13841
13848
13851
13854
13856
13858
13863
13864
13869
13870
13873
13874
13877
13880
13881
13885
13888
13891
13892
13893
13896
13897
13899
13904
13909
13912
13913
13917
13920
13922
13927
13930
13934
13937
13939
13940
13942
13943
13948
13952
13957
13959
13960
13964
13969
13970
13972
13974
13975
13978
13980
13981
13983
13985
13989
13990
13997
14000
14001
14007
14012
14014
14015
14016
14032
14033
14036
14039
14040
14042
14046
14055
14056
14061
14065
14070
14087
14088
14089
14096
14100
14101
14105
14108
14112
14114
14116
14117
14121
14123
14130
14132
14133
14143
14150
14157
14159
14161
14162
14165
14168
14170
14173
14174
14183
14192
14193
14200
14203
14206
14218
14223
14226
14239
14242
14244
14245
14248
14260
14261
14263
14264
14266
14272
14275
14281
14282
14288
14291
14297
14305
14306
14307
14309
14310
14312
14315
14322
14332
14337
14344
14349
14354
14355
14363
14367
14383
14386
14390
14391
14400
14404
14405
14407
14411
14413
14419
14422
14423
14427
14434
14437
14447
14452
14467
14469
14471
14474
14499
14512
14516
14526
14530
14535
14536
14538
14541
14550
14554
14557
14558
14559
14560
14561
14562
14563
14564
14566
14575
14581
14585
14589
14593
14594
14601
14607
14609
14614
14615
14619
14626
14638
14646
14647
14648
14650
14655
14658
14659
14662
14664
14665
14669
14670
14674
14675
14676
14686
14689
14694
14703
14704
14705
14708
14712
14714
14720
14722
14725
14726
14727
14728
14734
14736
14737
14741
14742
14743
14746
14747
14749
14750
14752
14753
14754
14756
14757
14760
14763
14764
14765
14766
14767
14769
14772
14773
14776
14777
14780
14782
14785
14786
14793
14794
14795
14796
14798
14799
14801
14802
14803
14804
14806
14808
14810
14812
14813
14814
14815
14819
14822
14829
14831
14833
14836
14838
14841
14843
14847
14848
14850
14851
14852
14853
14854
14855
14857
14858
14860
14864
14866
14871
14877
14878
14880
14881
14882
14884
14887
14888
14889
14890
14891
14893
14901
14902
14904
14905
14907
14908
14909
14910
14912
14915
14916
14918
14920
14921
14923
14925
14927
14929
14930
14932
14936
14939
14941
14945
14949
14952
14953
14954
14955
14956
14957
14960
14966
14968
14977
14980
14982
14983
14985
14986
14987
14989
14993
14995
15000
15001
15002
15007
15010
15011
15015
15016
15026
15028
15034
15040
15050
15051
15053
15054
15056
15061
15062
15065
15066
15067
15071
15072
15076
15082
15086
15087
15089
15097
15098
15101
15102
15107
15108
15110
15115
15117
15121
15127
15129
15130
15134
15135
15137
15140
15143
15146
15147
15149
15153
15154
15155
15158
15159
15162
15163
15167
15168
15169
15170
15171
15172
15179
15180
15186
15191
15195
15196
15202
15209
15210
15214
15216
15219
15221
15222
15223
15226
15229
15232
15233
15235
15241
15242
15243
15246
15249
15250
15252
15253
15258
15269
15271
15272
15273
15275
15277
15278
15282
15290
15294
15296
15300
15307
15310
15319
15320
15321
15330
15340
15341
15344
15347
15348
15349
15353
15360
15362
15366
15367
15373
15379
15382
15384
15388
15389
15392
15393
15400
15401
15403
15405
15406
15409
15410
15419
15421
15422
15423
15424
15427
15429
15434
15435
15436
15444
15445
15447
15461
15463
15464
15468
15471
15478
15500
15503
15507
15509
15514
15517
15519
15524
15525
15527
15533
15534
15539
15540
15549
15552
15556
15557
15559
15563
15564
15572
15573
15577
15578
15581
15582
15591
15595
15596
15597
15599
15600
15620
15626
15627
15629
15631
15634
15639
15643
15645
15650
15654
15655
15657
15663
15666
15668
15677
15681
15689
15700
15702
15709
15710
15714
15717
15718
15720
15722
15724
15726
15730
15732
15737
15738
15739
15742
15745
15754
15759
15764
15775
15777
15780
15782
15783
15821
15825
15826
15834
15839
15847
15850
15859
15862
15864
15870
15872
15877
15881
15882
15889
15895
15898
15899
15901
15904
15912
15914
15924
15925
15927
15928
15932
15936
15939
15943
15948
15961
15962
15970
15971
15979
15981
15983
15991
15999
16000
16010
16018
16019
16025
16030
16034
16035
16041
16042
16043
16053
16056
16062
16063
16071
16075
16077
16089
16098
16099
16102
16108
16112
16117
16118
16131
16152
16153
16154
16160
16162
16164
16167
16173
16181
16185
16189
16195
16196
16201
16206
16207
16215
16219
16220
16225
16227
16228
16240
16241
16242
16258
16262
16269
16276
16279
16281
16296
16300
16316
16324
16332
16340
16346
16349
16350
16353
16355
16356
16357
16358
16362
16363
16372
16373
16375
16377
16392
16393
16394
16397
16403
16405
16407
16408
16412
16415
16419
16421
16422
16423
16427
16429
16430
16431
16433
16434
16439
16440
16443
16449
16453
16454
16456
16464
16469
16472
16478
16483
16488
16489
16490
16491
16494
16495
16496
16498
16499
16500
16504
16506
16516
16520
16521
16523
16524
16528
16529
16530
16549
16551
16552
16554
16555
16560
16567
16568
16570
16572
16575
16576
16583
16586
16591
16597
16601
16602
16604
16605
16607
16609
16611
16615
16623
16624
16625
16626
16639
16643
16645
16646
16649
16659
16662
16666
16671
16701
16705
16706
16713
16719
16726
16733
16751
16753
16755
16756
16758
16763
16765
16768
16771
16775
16779
16784
16785
16792
16800
16805
16807
16809
16812
16831
16874
16916
16918
16949
16950
16952
17038
17084
17096
17097
17104
17116
17122
17123
17125
17134
17136
17144
17152
17153
17155
17159
17169
17173
17183
17196
17213
17221
17250
17251
17252
17254
17255
17256
17257
17258
17259
17260
17261
17262
17265
17266
17267
17268
17269
17271
17272
17273
17275
17278
17279
17280
17283
17285
17286
17287
17288
17289
17290
17291
17292
17293
17295
17296
17297
17298
17299
17300
17301
17302
17303
17304
17305
17306
17307
17309
17310
17311
17313
17320
17321
17323
17328
17334
17338
17340
17343
17352
17356
17357
17366
17384
17387
17392
17398
17405
17406
17412
17419
17421
17423
17425
17429
17430
17439
17451
17454
17455
17458
17464
17471
17472
17487
17490
17497
17506
17513
17514
17515
17518
17536
17548
17558
17564
17566
17568
17570
17572
17573
17574
17575
17576
17581
17596
17598
17614
17629
17630
17631
17633
17661
17668
17681
17691
17720
17738
17740
17745
17747
17749
17769
17771
17777
17779
17780
17787
17795
17800
17801
17803
17806
17812
17820
17821
17822
17824
17826
17831
17838
17841
17849
17852
17857
17858
17862
17875
17877
17878
17887
17890
17893
17895
17897
17905
17926
17928
17929
17931
17934
17936
17937
17942
17945
17952
17953
17956
17965
17967
17968
17974
17988
18017
18020
18048
18052
18055
18056
18057
18060
18061
18062
18063
18065
18066
18068
18069
18071
18077
18078
18079
18082
18083
18084
18087
18088
18091
18094
18095
18096
18098
18099
18100
18101
18102
18103
18104
18105
18106
18107
18108
18109
18110
18111
18112
18113
18114
18115
18116
18117
18118
18119
18120
18121
18122
18123
18124
18125
18126
18127
18128
18129
18130
18131
18132
18133
18135
18136
18137
18138
18139
18140
18141
18142
18143
18144
18145
18146
18148
18149
18151
18156
18161
18162
18163
18166
18167
18168
18169
18170
18171
18173
18174
18175
18176
18177
18178
18179
18180
18181
18182
18183
18184
18185
18186
18187
18194
18196
18198
18203
18204
18205
18206
18208
18209
18210
18211
18213
18214
18215
18216
18218
18219
18220
18221
18222
18223
18224
18225
18226
18227
18228
18229
18230
18232
18233
18235
18238
18239
18240
18241
18242
18243
18247
18253
18258
18260
18261
18262
18263
18266
18268
18275
18282
18283
18284
18285
18286
18293
18298
18301
18302
18303
18306
18309
18310
18311
18312
18319
18320
18326
18332
18334
18338
18339
18343
18345
18346
18349
18350
18351
18361
18364
18365
18366
18368
18372
18374
18378
18379
18381
18383
18385
18388
18391
18393
18400
18401
18404
18410
18412
18413
18433
18444
18451
18452
18454
18460
18463
18469
18471
18472
18477
18483
18485
18487
18489
18491
18493
18495
18497
18504
18515
18516
18518
18520
18521
18524
18526
18530
18534
18536
18537
18542
18543
18546
18555
18556
18557
18558
18580
18582
18583
18586
18595
18601
18602
18604
18605
18607
18608
18612
18621
18623
18626
18628
18629
18630
18644
18646
18647
18650
18652
18660
18665
18670
18673
18678
18681
18685
18690
18692
18700
18702
18703
18707
18712
18719
18720
18722
18725
18728
18730
18734
18737
18743
18750
18753
18755
18758
18761
18765
18767
18771
18772
18779
18780
18785
18794
18796
18811
18812
18816
18821
18823
18832
18841
18851
18862
18863
18864
18867
18868
18871
18872
18877
18878
18885
18886
18890
18892
18896
18899
18900
18901
18904
18905
18914
18925
18927
18933
18935
18938
18956
18965
18968
18971
18979
18980
18985
18986
18988
18989
19002
19007
19010
19011
19012
19014
19023
19041
19044
19047
19058
19068
19088
19089
19101
19116
19122
19131
19133
19134
19136
19140
19167
19179
19180
19182
19199
19207
19218
19226
19229
19258
19282
19301
19313
19347
19354
19375
19377
19385
19400
19428
19436
19441
19445
19446
19470
19517
19526
19554
19563
19565
19575
19587
19588
19594
19640
19644
19665
19671
19673
19674
19681
19732
19757
19761
19811
19842
19883
19928
19930
