8
10
11
17
29
35
42
60
86
91
93
97
99
108
129
133
143
155
163
182
190
197
206
211
215
234
248
262
264
276
283
288
297
298
301
303
304
322
338
343
345
349
356
357
371
376
379
393
399
413
431
448
455
459
469
481
483
487
504
505
539
554
555
591
601
604
620
640
645
673
693
694
724
736
739
782
789
795
805
850
855
875
889
906
908
921
928
936
943
955
1024
1028
1030
1043
1062
1069
1076
1077
1085
1098
1106
1124
1134
1156
1158
1159
1162
1179
1231
1250
1323
1352
1362
1372
1399
1410
1427
1463
1479
1495
1527
1540
1544
1556
1596
1599
1678
1739
1745
1766
1770
1792
1803
1808
1810
1811
1850
1853
1859
1902
1904
1977
1985
2041
2109
2114
2124
2130
2141
2176
2210
2246
2248
2315
2321
2354
2355
2436
2446
2477
2487
2491
2498
2521
2531
2557
2568
2582
2587
2596
2616
2642
2656
2660
2669
2671
2677
2703
2709
2717
2737
2761
2763
2774
2790
2792
2808
2814
2833
2852
2857
2862
2863
2885
2893
2906
2954
2970
2976
2992
3001
3016
3046
3075
3088
3099
3100
3111
3113
3127
3128
3142
3156
3161
3176
3183
3192
3232
3248
3257
3271
3278
3288
3340
3373
3380
3385
3437
3453
3465
3480
3495
3507
3509
3522
3526
3539
3550
3552
3560
3570
3583
3585
3604
3618
3632
3651
3655
3673
3695
3702
3729
3766
3767
3815
3824
3857
3862
3898
3922
3923
3931
3941
3944
3963
3979
3995
4009
4020
4118
4153
4170
4179
4190
4212
4220
4223
4229
4249
4316
4340
4341
4348
4390
4413
4490
4492
4544
4595
4635
4676
4691
4693
4716
4799
4813
4815
4835
4919
4943
4957
4994
5011
5068
5073
5075
5087
5110
5112
5116
5121
5152
5160
5168
5172
5193
5220
5247
5252
5268
5272
5275
5309
5324
5327
5330
5352
5356
5361
5369
5377
5387
5523
5546
5549
5571
5581
5631
5640
5666
5702
5706
5721
5726
5740
5765
5776
5817
5829
5835
5837
5888
5918
5949
5999
6016
6027
6050
6059
6066
6067
6089
6093
6142
6161
6186
6222
6254
6267
6284
6297
6314
6335
6353
6368
6371
6382
6393
6437
6455
6469
6537
6583
6589
6625
6628
6638
6650
6662
6703
6713
6720
6730
6762
6791
6800
6807
6808
6810
6813
6814
6834
6918
6948
6977
6992
7004
7038
7063
7079
7089
7118
7127
7140
7203
7298
7320
7323
7382
7409
7428
7446
7460
7492
7496
7515
7551
7559
7562
7570
7571
7585
7620
7638
7688
7738
7746
7761
7770
7804
7805
7817
7827
7830
7856
7869
7891
7895
7905
7935
7956
7958
7984
8014
8041
8074
8105
8115
8150
8176
8318
8323
8343
8418
8437
8461
8488
8569
8612
8702
8732
8733
8792
8837
8853
8858
8863
8865
8906
8917
8992
9008
9026
9066
9111
9124
9174
9195
9229
9236
9242
9268
9271
9281
9288
9337
9338
9345
9388
9403
9412
9420
9536
9563
9571
9695
9721
9722
9748
9766
9788
9794
9802
9810
9831
9877
9911
10038
10126
10132
10155
10163
10192
10354
10358
10359
10382
10428
10482
10539
10560
10636
10703
10800
10825
10893
11032
11047
11134
11139
11157
11181
11321
11351
11359
11405
11414
11445
11573
11670
11685
11782
12101
12127
12138
12194
12197
12211
12339
12385
12393
12428
12448
12470
12657
12714
12776
12868
12873
12963
13034
13168
13203
13224
13255
13265
13276
13300
13313
13343
13400
13545
13560
13584
13623
13652
13688
13689
13690
13735
13813
13927
14123
14173
14447
14638
14659
14669
14731
14754
14822
14874
15030
15067
15082
15097
15160
15200
15217
15340
15373
15376
15500
15559
15627
15709
15737
15847
15848
15881
15932
15975
15981
16041
16046
16227
16247
16516
16604
16808
16949
17303
17392
17638
17969
18051
18105
18106
18123
18126
18140
18142
18237
18312
18338
18351
18413
18555
18565
18609
18618
18628
18978
19106
19147
