0
2
3
4
7
8
9
10
11
14
15
16
17
19
22
23
24
25
26
29
30
31
33
34
35
36
39
41
42
47
48
49
52
53
54
55
56
57
58
59
60
61
62
63
67
68
69
70
71
72
73
74
75
77
79
81
82
83
84
85
86
87
88
89
90
91
92
93
94
95
97
98
99
101
103
107
108
109
110
111
112
113
114
115
116
117
118
119
120
122
123
124
125
126
127
128
129
130
131
132
134
136
137
138
140
141
142
143
144
146
147
148
149
151
152
153
155
156
157
158
159
162
163
164
165
166
167
168
169
170
171
172
173
174
175
176
177
178
180
181
182
183
187
188
189
190
191
192
193
196
197
198
200
204
205
206
207
208
209
210
211
212
213
214
215
216
217
218
219
222
224
226
228
229
230
234
235
236
237
239
240
243
244
246
247
248
250
253
254
255
257
258
259
260
262
263
264
265
270
271
272
273
274
275
276
278
279
280
283
284
285
287
288
290
293
295
296
297
298
299
300
301
302
303
304
306
307
308
310
312
313
314
315
317
318
321
322
323
325
326
328
330
331
333
336
338
340
342
343
344
345
346
347
349
350
352
354
356
358
359
360
361
362
363
366
367
368
369
370
371
372
373
374
375
376
377
378
379
381
383
384
385
387
388
389
393
394
395
396
401
402
407
408
409
410
414
416
417
418
419
420
421
422
423
424
425
426
427
428
429
431
432
433
434
435
437
438
439
440
441
442
444
445
446
448
449
450
451
453
454
455
456
457
458
459
460
463
464
465
467
469
470
471
473
474
475
477
479
480
481
482
483
484
490
492
493
494
495
497
500
501
503
504
505
506
508
513
514
517
518
519
520
521
523
525
526
527
529
532
533
534
535
537
538
539
540
541
542
543
544
546
548
549
551
552
553
554
555
556
557
558
562
563
564
565
566
567
569
570
571
573
575
576
579
580
582
583
585
587
588
590
591
593
594
596
597
598
599
600
601
602
603
604
605
607
608
609
610
611
612
613
614
615
616
620
621
622
625
626
627
628
629
631
632
633
634
635
636
638
640
641
642
644
645
646
648
649
650
651
652
655
656
658
660
661
663
664
665
666
668
670
672
673
676
677
678
679
680
681
683
684
685
687
688
689
690
692
693
695
696
698
699
700
701
702
704
707
708
709
710
711
714
715
717
718
719
720
721
723
725
726
727
733
734
735
736
737
739
740
741
743
744
745
746
748
750
751
752
753
754
755
756
757
758
759
760
762
763
765
768
773
774
775
779
780
781
782
783
785
786
787
788
789
790
791
792
794
795
796
798
799
800
801
802
804
805
806
808
809
810
811
815
817
818
819
820
822
824
825
826
827
829
830
832
834
835
836
837
838
839
843
844
845
846
847
849
850
851
852
853
854
855
857
859
860
862
863
864
865
867
868
869
870
872
873
875
876
877
878
879
880
883
884
886
887
888
889
892
894
895
896
897
898
899
900
901
902
903
904
905
906
907
908
909
911
912
916
917
918
920
921
922
924
928
929
930
932
934
935
936
938
940
941
943
944
946
947
948
949
950
951
952
953
954
955
956
958
959
960
961
963
965
967
968
969
973
974
978
980
982
983
984
987
988
990
991
992
993
994
995
996
998
999
1000
1009
1011
1012
1013
1014
1016
1017
1018
1019
1024
1025
1027
1029
1030
1031
1033
1034
1039
1040
1041
1043
1045
1046
1050
1051
1053
1055
1056
1062
1066
1067
1069
1070
1071
1072
1073
1074
1075
1076
1077
1079
1082
1083
1084
1085
1086
1088
1089
1091
1097
1098
1099
1103
1104
1105
1106
1107
1108
1109
1110
1118
1119
1122
1123
1124
1125
1126
1129
1131
1132
1133
1135
1138
1139
1141
1143
1144
1145
1146
1147
1148
1149
1150
1153
1154
1156
1157
1158
1159
1161
1162
1165
1166
1167
1169
1172
1179
1180
1181
1184
1189
1190
1199
1200
1201
1204
1206
1207
1209
1210
1212
1213
1214
1215
1217
1219
1220
1223
1225
1226
1227
1229
1231
1232
1234
1235
1237
1240
1242
1243
1244
1248
1249
1250
1251
1253
1254
1257
1258
1259
1260
1262
1268
1269
1271
1272
1273
1274
1275
1276
1277
1279
1283
1286
1288
1290
1292
1293
1295
1296
1297
1304
1305
1308
1309
1312
1313
1314
1315
1316
1321
1322
1323
1324
1326
1327
1328
1331
1332
1333
1334
1338
1339
1342
1343
1345
1346
1347
1348
1350
1351
1353
1356
1358
1359
1362
1363
1364
1365
1369
1370
1372
1373
1375
1378
1379
1380
1381
1383
1385
1386
1387
1389
1390
1392
1393
1398
1399
1400
1402
1403
1404
1406
1408
1410
1411
1415
1416
1419
1422
1425
1427
1430
1431
1432
1433
1435
1436
1437
1439
1442
1443
1444
1446
1447
1450
1451
1455
1457
1458
1463
1465
1466
1470
1472
1473
1474
1475
1479
1480
1483
1485
1487
1488
1490
1492
1493
1495
1497
1498
1502
1503
1504
1506
1508
1509
1510
1513
1514
1516
1522
1524
1526
1527
1528
1529
1536
1541
1543
1545
1547
1548
1549
1551
1552
1555
1556
1558
1561
1562
1563
1566
1567
1570
1571
1572
1573
1574
1576
1579
1580
1581
1583
1584
1587
1589
1590
1592
1595
1596
1598
1599
1600
1603
1606
1610
1613
1616
1618
1619
1620
1622
1623
1624
1625
1627
1628
1629
1630
1632
1633
1636
1637
1639
1641
1644
1645
1646
1647
1648
1651
1654
1655
1658
1659
1664
1665
1667
1668
1669
1670
1673
1674
1677
1679
1680
1681
1682
1683
1688
1690
1692
1695
1697
1698
1699
1703
1705
1708
1710
1711
1712
1713
1714
1715
1716
1719
1720
1722
1726
1727
1731
1732
1733
1736
1739
1744
1745
1746
1747
1748
1749
1750
1756
1758
1759
1760
1761
1762
1766
1767
1769
1770
1771
1772
1773
1774
1775
1777
1778
1788
1789
1790
1792
1794
1795
1797
1798
1801
1802
1805
1808
1809
1810
1811
1819
1820
1821
1822
1828
1830
1832
1835
1837
1838
1840
1841
1843
1844
1847
1848
1850
1852
1856
1857
1860
1862
1864
1867
1869
1875
1876
1880
1881
1884
1885
1889
1894
1895
1896
1897
1900
1901
1902
1903
1904
1905
1906
1907
1909
1910
1911
1913
1918
1919
1920
1922
1925
1931
1934
1935
1937
1938
1939
1940
1941
1943
1945
1947
1948
1950
1951
1952
1956
1958
1959
1961
1962
1966
1967
1968
1969
1972
1973
1974
1976
1977
1979
1982
1983
1985
1986
1988
1989
1990
1994
1996
1999
2000
2003
2004
2005
2006
2008
2009
2012
2013
2015
2017
2019
2025
2027
2031
2032
2033
2034
2036
2037
2038
2039
2041
2044
2046
2047
2050
2051
2052
2053
2055
2057
2059
2060
2062
2064
2066
2067
2068
2070
2073
2075
2076
2080
2081
2085
2086
2088
2089
2090
2092
2093
2097
2098
2099
2100
2103
2104
2107
2108
2109
2110
2111
2114
2115
2121
2123
2124
2127
2128
2129
2130
2131
2132
2133
2134
2135
2140
2143
2144
2150
2151
2154
2157
2158
2159
2160
2161
2162
2164
2165
2167
2168
2169
2172
2174
2175
2176
2177
2178
2183
2188
2189
2190
2192
2193
2194
2195
2197
2199
2201
2202
2204
2205
2207
2208
2211
2212
2214
2215
2218
2219
2223
2225
2227
2229
2232
2235
2238
2239
2240
2241
2246
2247
2248
2249
2251
2254
2255
2256
2257
2259
2260
2262
2264
2266
2268
2269
2272
2273
2276
2277
2278
2281
2283
2289
2293
2294
2296
2299
2300
2301
2308
2310
2311
2317
2318
2321
2322
2323
2324
2327
2328
2329
2330
2333
2336
2337
2338
2341
2344
2349
2354
2355
2358
2359
2360
2363
2364
2365
2366
2367
2368
2369
2370
2376
2377
2378
2379
2385
2386
2388
2390
2393
2394
2397
2401
2403
2407
2408
2415
2417
2418
2419
2422
2423
2424
2425
2426
2427
2429
2430
2432
2434
2435
2436
2441
2444
2446
2447
2448
2450
2452
2453
2454
2455
2460
2463
2469
2472
2477
2486
2487
2489
2491
2492
2493
2494
2495
2498
2499
2501
2506
2508
2509
2510
2511
2513
2514
2515
2516
2517
2518
2520
2521
2523
2526
2528
2529
2530
2531
2532
2536
2537
2539
2543
2544
2545
2548
2549
2550
2551
2552
2556
2557
2559
2560
2561
2562
2563
2565
2566
2567
2568
2569
2571
2573
2574
2575
2581
2582
2583
2584
2587
2588
2590
2592
2593
2594
2595
2597
2598
2599
2600
2601
2602
2603
2604
2605
2606
2607
2608
2609
2610
2611
2612
2613
2614
2615
2616
2617
2622
2623
2624
2625
2626
2628
2629
2633
2634
2635
2636
2640
2641
2643
2644
2645
2646
2647
2648
2649
2650
2651
2653
2656
2657
2658
2659
2660
2661
2662
2663
2664
2665
2666
2667
2669
2670
2671
2674
2676
2678
2680
2681
2682
2683
2684
2685
2687
2688
2689
2690
2691
2692
2694
2696
2698
2699
2700
2702
2704
2705
2706
2709
2711
2713
2714
2715
2716
2717
2718
2719
2720
2721
2722
2723
2724
2725
2727
2728
2729
2732
2733
2734
2735
2736
2738
2739
2742
2746
2747
2750
2753
2754
2755
2757
2759
2760
2761
2762
2763
2765
2766
2770
2771
2772
2774
2775
2777
2778
2779
2780
2781
2782
2784
2785
2786
2787
2789
2790
2792
2793
2794
2795
2798
2799
2801
2804
2805
2807
2809
2810
2813
2814
2815
2816
2817
2821
2822
2823
2824
2825
2826
2827
2828
2830
2832
2833
2834
2835
2836
2837
2838
2839
2840
2842
2843
2845
2846
2848
2850
2851
2852
2854
2857
2858
2859
2860
2861
2862
2864
2865
2866
2867
2868
2869
2870
2871
2873
2874
2875
2876
2877
2878
2879
2880
2882
2885
2886
2888
2890
2891
2893
2895
2896
2897
2898
2900
2901
2902
2903
2904
2906
2907
2908
2912
2914
2916
2918
2919
2920
2921
2924
2926
2928
2929
2931
2932
2933
2934
2936
2937
2939
2941
2942
2943
2944
2945
2947
2948
2949
2950
2951
2952
2953
2954
2956
2958
2959
2964
2965
2967
2970
2971
2973
2974
2975
2976
2977
2978
2980
2983
2987
2988
2989
2991
2992
2994
2996
2997
2999
3001
3002
3003
3006
3007
3008
3009
3010
3011
3013
3016
3020
3021
3022
3028
3029
3030
3031
3033
3035
3037
3039
3046
3049
3050
3051
3053
3056
3057
3058
3059
3060
3061
3064
3065
3068
3069
3070
3071
3072
3073
3076
3077
3078
3079
3080
3082
3083
3084
3086
3088
3090
3091
3092
3093
3094
3095
3096
3097
3099
3100
3102
3103
3105
3106
3107
3108
3109
3111
3113
3114
3115
3116
3118
3119
3123
3124
3126
3127
3128
3130
3131
3132
3133
3134
3135
3139
3140
3141
3143
3144
3145
3148
3150
3151
3152
3153
3155
3156
3157
3158
3159
3160
3161
3162
3163
3165
3166
3168
3169
3170
3171
3172
3173
3174
3175
3176
3177
3180
3183
3184
3185
3186
3187
3188
3189
3192
3193
3194
3196
3199
3200
3203
3205
3206
3207
3208
3209
3211
3213
3214
3215
3216
3217
3223
3225
3227
3228
3230
3231
3232
3233
3234
3235
3237
3238
3239
3242
3243
3244
3248
3250
3251
3253
3254
3256
3257
3258
3259
3261
3262
3263
3264
3265
3266
3267
3268
3269
3270
3271
3277
3278
3279
3282
3285
3286
3287
3288
3289
3290
3291
3292
3295
3296
3298
3301
3302
3306
3307
3308
3309
3310
3311
3312
3313
3314
3315
3317
3318
3319
3322
3323
3324
3326
3328
3329
3330
3331
3332
3335
3336
3337
3340
3341
3342
3343
3344
3345
3346
3347
3348
3350
3351
3354
3356
3357
3359
3361
3362
3363
3365
3367
3368
3369
3370
3371
3372
3373
3375
3376
3377
3379
3380
3383
3385
3386
3387
3389
3390
3395
3396
3397
3398
3399
3400
3402
3403
3404
3405
3406
3407
3410
3411
3412
3413
3414
3415
3416
3417
3418
3419
3420
3421
3422
3423
3424
3426
3428
3429
3430
3431
3432
3433
3434
3435
3436
3437
3439
3441
3442
3443
3447
3450
3452
3453
3455
3456
3457
3458
3459
3461
3462
3463
3465
3466
3467
3469
3470
3472
3473
3474
3475
3477
3478
3479
3480
3481
3482
3483
3485
3486
3487
3489
3491
3492
3493
3495
3496
3497
3500
3502
3503
3504
3505
3506
3507
3508
3509
3510
3511
3513
3515
3518
3519
3520
3521
3522
3523
3524
3525
3526
3527
3529
3530
3532
3533
3535
3536
3538
3539
3540
3541
3542
3543
3544
3545
3547
3548
3550
3551
3552
3553
3556
3558
3559
3560
3561
3562
3563
3565
3566
3567
3568
3570
3571
3573
3574
3576
3578
3579
3580
3581
3582
3583
3584
3590
3591
3592
3594
3595
3596
3597
3598
3599
3600
3601
3602
3603
3604
3605
3606
3607
3608
3609
3610
3611
3612
3613
3614
3615
3616
3617
3618
3619
3620
3621
3623
3624
3625
3626
3627
3630
3632
3633
3634
3635
3637
3638
3642
3643
3644
3646
3647
3648
3649
3650
3651
3652
3654
3655
3658
3660
3662
3664
3665
3666
3667
3668
3669
3671
3672
3673
3674
3676
3679
3680
3682
3683
3687
3689
3690
3691
3693
3695
3697
3698
3699
3700
3701
3702
3703
3704
3705
3706
3707
3708
3709
3710
3711
3713
3714
3715
3716
3719
3720
3721
3722
3723
3727
3728
3729
3731
3732
3733
3734
3735
3737
3738
3741
3742
3746
3748
3749
3751
3753
3755
3756
3757
3758
3760
3761
3763
3764
3766
3767
3768
3769
3771
3772
3774
3776
3777
3778
3780
3782
3783
3785
3786
3789
3790
3791
3795
3799
3800
3801
3802
3803
3804
3806
3807
3808
3809
3811
3812
3813
3814
3815
3816
3817
3818
3819
3820
3821
3822
3823
3824
3826
3828
3831
3833
3834
3837
3838
3840
3841
3842
3844
3845
3847
3848
3849
3851
3852
3854
3855
3856
3857
3858
3860
3861
3863
3864
3865
3866
3867
3868
3869
3870
3871
3872
3873
3874
3879
3880
3881
3882
3884
3886
3887
3889
3891
3894
3895
3896
3898
3899
3900
3902
3906
3907
3909
3911
3912
3913
3915
3919
3921
3922
3923
3924
3926
3927
3929
3930
3931
3932
3933
3934
3938
3941
3943
3944
3945
3947
3948
3949
3952
3953
3954
3957
3958
3959
3960
3961
3962
3963
3965
3968
3969
3972
3974
3979
3980
3981
3982
3983
3984
3989
3993
3994
3997
3998
4000
4001
4002
4003
4004
4005
4006
4008
4009
4010
4012
4013
4016
4017
4018
4020
4022
4023
4024
4027
4032
4033
4036
4038
4039
4041
4042
4043
4044
4045
4046
4048
4049
4050
4051
4053
4054
4055
4058
4059
4062
4064
4067
4070
4071
4073
4074
4077
4079
4081
4082
4084
4085
4087
4089
4090
4096
4098
4101
4103
4104
4106
4107
4108
4109
4110
4111
4112
4113
4118
4119
4120
4122
4124
4125
4129
4131
4132
4134
4135
4136
4137
4138
4139
4143
4145
4146
4147
4148
4149
4152
4153
4154
4155
4156
4159
4160
4163
4164
4165
4168
4169
4171
4172
4173
4175
4176
4179
4180
4181
4182
4183
4185
4186
4188
4189
4190
4191
4192
4193
4194
4197
4200
4201
4206
4207
4208
4211
4212
4215
4216
4217
4218
4219
4220
4221
4222
4224
4226
4228
4229
4230
4231
4232
4233
4234
4235
4236
4237
4238
4242
4243
4244
4245
4248
4250
4251
4252
4253
4255
4256
4258
4259
4264
4265
4266
4268
4269
4270
4274
4275
4276
4277
4278
4281
4283
4284
4291
4292
4294
4298
4300
4301
4302
4303
4308
4309
4311
4313
4315
4316
4319
4323
4324
4330
4331
4334
4336
4337
4339
4345
4347
4353
4354
4357
4358
4359
4360
4362
4364
4368
4369
4373
4375
4377
4378
4379
4382
4383
4385
4388
4389
4390
4391
4392
4395
4396
4397
4398
4400
4402
4405
4406
4408
4410
4415
4418
4420
4423
4424
4425
4426
4427
4430
4434
4436
4438
4439
4441
4442
4443
4444
4445
4448
4452
4453
4454
4455
4462
4466
4467
4468
4469
4471
4473
4474
4479
4483
4484
4486
4487
4490
4491
4493
4495
4496
4497
4502
4506
4510
4511
4515
4518
4519
4524
4528
4531
4534
4536
4543
4545
4546
4549
4551
4554
4555
4556
4557
4558
4559
4560
4561
4562
4563
4565
4567
4569
4571
4572
4574
4576
4578
4579
4581
4582
4585
4587
4588
4591
4593
4595
4596
4597
4600
4602
4603
4604
4605
4607
4610
4612
4614
4615
4618
4619
4622
4626
4630
4631
4632
4634
4635
4636
4637
4640
4642
4644
4646
4648
4649
4652
4655
4658
4659
4660
4661
4662
4666
4668
4669
4670
4674
4675
4676
4677
4678
4679
4680
4683
4685
4686
4688
4691
4693
4694
4695
4696
4697
4699
4700
4701
4702
4703
4704
4705
4707
4708
4710
4711
4712
4713
4714
4715
4716
4719
4723
4725
4726
4727
4728
4729
4730
4734
4735
4736
4743
4744
4753
4755
4756
4757
4759
4760
4761
4763
4764
4765
4766
4768
4769
4770
4771
4776
4779
4780
4787
4788
4790
4794
4795
4797
4800
4802
4803
4804
4805
4806
4810
4811
4812
4815
4816
4817
4819
4820
4821
4826
4827
4828
4830
4831
4833
4834
4835
4837
4839
4840
4845
4846
4849
4850
4851
4853
4859
4861
4863
4864
4865
4867
4868
4869
4872
4873
4874
4875
4876
4878
4879
4881
4882
4883
4886
4887
4888
4889
4891
4892
4894
4896
4898
4900
4906
4907
4908
4909
4910
4912
4913
4914
4915
4917
4918
4919
4920
4923
4924
4927
4928
4929
4930
4931
4933
4936
4937
4941
4943
4944
4946
4952
4953
4955
4957
4959
4960
4961
4962
4963
4964
4967
4968
4969
4972
4973
4976
4979
4981
4984
4987
4988
4990
4992
4993
4994
4996
4997
4998
5004
5006
5011
5013
5015
5018
5022
5025
5026
5030
5034
5035
5036
5038
5040
5041
5042
5045
5047
5048
5050
5051
5052
5056
5060
5061
5063
5064
5066
5072
5075
5076
5078
5079
5081
5082
5084
5087
5089
5093
5097
5101
5102
5105
5109
5110
5111
5113
5114
5116
5119
5121
5123
5124
5125
5131
5132
5133
5135
5137
5140
5141
5142
5144
5146
5148
5149
5151
5153
5157
5158
5160
5161
5167
5169
5170
5172
5176
5179
5184
5186
5187
5188
5190
5192
5193
5195
5197
5199
5204
5205
5210
5221
5222
5227
5228
5231
5233
5234
5235
5243
5244
5245
5247
5248
5250
5251
5252
5254
5258
5261
5262
5263
5264
5265
5268
5270
5272
5273
5275
5277
5279
5282
5285
5286
5287
5288
5289
5292
5294
5297
5299
5300
5303
5307
5309
5310
5311
5312
5316
5317
5326
5327
5329
5330
5331
5335
5340
5347
5351
5352
5356
5358
5360
5361
5363
5364
5365
5366
5367
5369
5370
5373
5374
5375
5376
5379
5380
5382
5385
5387
5388
5390
5391
5392
5395
5398
5399
5400
5403
5405
5408
5409
5412
5418
5419
5422
5425
5428
5430
5432
5433
5437
5438
5439
5442
5444
5449
5450
5456
5457
5458
5460
5461
5464
5465
5466
5470
5471
5472
5473
5475
5476
5477
5478
5479
5481
5484
5491
5493
5494
5496
5497
5498
5499
5500
5504
5505
5511
5512
5513
5515
5516
5517
5521
5523
5526
5528
5530
5531
5532
5535
5536
5538
5540
5544
5546
5548
5549
5550
5551
5553
5555
5556
5559
5560
5561
5562
5563
5564
5565
5566
5567
5571
5572
5573
5574
5575
5579
5580
5581
5582
5583
5584
5585
5586
5590
5591
5592
5593
5597
5598
5599
5601
5602
5603
5605
5606
5608
5609
5611
5614
5615
5617
5619
5621
5623
5624
5625
5630
5631
5633
5635
5638
5639
5640
5642
5643
5645
5646
5648
5649
5651
5652
5653
5654
5655
5658
5660
5661
5664
5666
5669
5674
5675
5676
5679
5680
5681
5683
5684
5686
5688
5689
5690
5692
5694
5699
5700
5701
5702
5705
5706
5708
5709
5710
5712
5714
5715
5718
5719
5720
5721
5724
5726
5729
5730
5731
5734
5736
5737
5738
5739
5742
5743
5747
5749
5751
5754
5755
5759
5760
5761
5763
5764
5765
5766
5767
5768
5773
5774
5776
5778
5779
5782
5783
5784
5789
5791
5792
5793
5794
5795
5796
5797
5798
5800
5803
5804
5805
5806
5807
5810
5811
5814
5816
5817
5820
5829
5830
5833
5834
5835
5836
5837
5840
5842
5843
5844
5845
5847
5848
5850
5851
5852
5854
5855
5856
5858
5860
5861
5867
5868
5869
5871
5872
5875
5876
5878
5880
5882
5883
5884
5888
5890
5891
5894
5897
5898
5901
5903
5906
5911
5912
5913
5916
5917
5918
5920
5921
5922
5923
5926
5927
5929
5931
5932
5933
5936
5939
5940
5942
5943
5945
5946
5947
5948
5949
5950
5952
5953
5954
5955
5956
5957
5958
5959
5960
5961
5962
5966
5967
5969
5971
5973
5974
5976
5982
5985
5987
5988
5990
5991
5993
5994
5995
5996
5997
6000
6003
6005
6006
6007
6011
6013
6015
6020
6022
6023
6026
6027
6031
6032
6033
6034
6036
6037
6038
6039
6040
6043
6044
6045
6046
6048
6050
6052
6053
6054
6056
6057
6058
6059
6061
6063
6064
6067
6070
6073
6074
6076
6077
6079
6080
6081
6083
6085
6086
6089
6090
6091
6092
6093
6094
6095
6096
6097
6099
6100
6103
6104
6106
6108
6109
6110
6111
6113
6114
6117
6121
6122
6125
6126
6132
6133
6134
6135
6137
6138
6139
6140
6142
6143
6144
6145
6146
6149
6150
6154
6156
6157
6159
6161
6162
6164
6166
6170
6173
6175
6179
6181
6182
6183
6184
6185
6186
6191
6193
6196
6199
6200
6202
6204
6205
6206
6209
6211
6212
6213
6214
6215
6217
6218
6219
6220
6223
6224
6227
6230
6232
6234
6235
6239
6241
6242
6245
6247
6250
6253
6254
6255
6259
6261
6267
6270
6271
6272
6273
6274
6276
6277
6282
6283
6285
6286
6290
6291
6293
6294
6295
6297
6298
6300
6302
6303
6304
6306
6309
6310
6311
6312
6314
6315
6316
6317
6321
6322
6324
6325
6329
6330
6331
6334
6336
6337
6339
6340
6341
6344
6345
6347
6348
6349
6350
6351
6352
6353
6354
6355
6358
6359
6360
6361
6362
6364
6365
6366
6370
6371
6372
6373
6375
6379
6381
6383
6389
6390
6391
6392
6393
6394
6396
6399
6400
6401
6403
6405
6406
6410
6411
6413
6414
6415
6416
6418
6419
6420
6422
6423
6424
6425
6427
6429
6430
6433
6436
6441
6444
6446
6447
6448
6450
6451
6452
6453
6455
6457
6458
6461
6462
6463
6466
6467
6468
6469
6472
6474
6475
6479
6480
6485
6486
6487
6488
6489
6491
6492
6495
6496
6500
6502
6507
6508
6514
6517
6518
6520
6522
6523
6529
6532
6533
6535
6539
6540
6541
6542
6543
6548
6549
6550
6553
6556
6558
6561
6564
6571
6576
6577
6578
6579
6580
6582
6584
6585
6586
6588
6589
6592
6593
6594
6596
6600
6601
6602
6607
6608
6609
6610
6612
6613
6615
6616
6619
6621
6623
6624
6626
6628
6629
6631
6632
6634
6635
6636
6639
6640
6642
6646
6649
6651
6652
6653
6655
6656
6660
6661
6665
6666
6667
6668
6669
6671
6672
6673
6674
6675
6676
6679
6680
6683
6685
6687
6689
6690
6694
6695
6696
6698
6700
6701
6702
6703
6704
6705
6713
6718
6719
6720
6722
6723
6725
6727
6728
6730
6732
6735
6736
6737
6738
6741
6742
6744
6747
6748
6749
6751
6756
6757
6761
6762
6765
6767
6769
6772
6773
6784
6786
6787
6790
6791
6792
6796
6798
6799
6800
6801
6802
6804
6805
6807
6810
6812
6813
6814
6818
6822
6823
6825
6827
6830
6833
6836
6837
6840
6842
6844
6847
6851
6854
6856
6859
6863
6865
6866
6869
6870
6871
6872
6874
6876
6878
6879
6881
6883
6884
6886
6889
6890
6892
6894
6895
6896
6902
6903
6906
6907
6910
6911
6912
6913
6914
6915
6916
6918
6922
6924
6926
6929
6934
6935
6936
6939
6941
6944
6950
6953
6955
6956
6957
6962
6963
6964
6965
6966
6967
6968
6969
6970
6972
6973
6974
6976
6977
6979
6981
6988
6990
6992
6994
6995
6999
7004
7005
7009
7010
7012
7015
7020
7025
7027
7029
7034
7035
7036
7037
7038
7040
7041
7046
7049
7050
7052
7053
7056
7058
7060
7061
7064
7065
7067
7068
7069
7074
7078
7079
7083
7086
7087
7088
7089
7093
7098
7104
7108
7109
7110
7117
7122
7124
7125
7126
7129
7130
7131
7132
7133
7134
7136
7141
7142
7143
7144
7147
7148
7152
7154
7155
7159
7164
7165
7167
7173
7174
7175
7176
7177
7178
7179
7180
7182
7183
7184
7186
7188
7189
7191
7193
7194
7199
7203
7205
7208
7209
7211
7212
7216
7220
7221
7222
7223
7225
7226
7230
7231
7232
7233
7235
7236
7238
7239
7240
7241
7242
7243
7244
7245
7246
7247
7250
7256
7257
7259
7260
7261
7264
7267
7268
7272
7273
7274
7279
7280
7282
7284
7285
7289
7290
7292
7293
7294
7296
7298
7302
7303
7304
7306
7314
7319
7320
7322
7323
7324
7325
7326
7328
7333
7338
7340
7341
7342
7344
7345
7346
7347
7349
7352
7353
7358
7359
7360
7362
7364
7366
7376
7377
7378
7379
7381
7382
7383
7386
7387
7388
7390
7395
7397
7398
7403
7404
7405
7406
7409
7410
7413
7414
7416
7419
7420
7428
7429
7430
7438
7439
7441
7442
7444
7446
7447
7449
7450
7451
7452
7455
7458
7461
7463
7465
7466
7468
7472
7473
7475
7476
7477
7478
7479
7480
7485
7490
7492
7493
7494
7499
7501
7503
7505
7507
7508
7512
7513
7514
7516
7517
7524
7525
7526
7530
7531
7532
7533
7535
7537
7538
7539
7540
7542
7544
7545
7547
7550
7551
7552
7555
7557
7558
7559
7562
7565
7567
7569
7570
7571
7572
7573
7575
7576
7578
7580
7585
7587
7588
7591
7592
7593
7594
7595
7597
7601
7602
7604
7605
7608
7610
7611
7614
7615
7617
7618
7619
7620
7621
7624
7626
7627
7629
7630
7633
7634
7635
7636
7637
7638
7639
7641
7642
7644
7645
7646
7649
7654
7657
7661
7662
7664
7665
7666
7668
7669
7670
7671
7673
7676
7680
7683
7686
7687
7691
7692
7694
7695
7699
7700
7702
7703
7704
7706
7707
7708
7713
7716
7722
7723
7724
7725
7727
7729
7730
7736
7739
7740
7741
7746
7747
7748
7749
7751
7755
7756
7757
7758
7759
7760
7761
7762
7765
7766
7767
7768
7769
7770
7771
7773
7774
7775
7777
7779
7780
7781
7784
7785
7787
7788
7790
7793
7795
7797
7798
7800
7803
7804
7806
7807
7809
7810
7811
7816
7817
7818
7822
7824
7826
7827
7828
7829
7830
7831
7832
7834
7836
7837
7839
7844
7846
7847
7849
7852
7853
7856
7857
7858
7861
7862
7863
7865
7867
7868
7870
7871
7874
7877
7878
7880
7881
7882
7886
7887
7889
7891
7894
7898
7905
7906
7907
7908
7910
7913
7914
7915
7916
7917
7918
7921
7922
7923
7924
7925
7927
7928
7930
7934
7943
7944
7947
7948
7950
7951
7954
7955
7956
7957
7958
7959
7960
7961
7964
7968
7970
7971
7972
7980
7981
7982
7983
7984
7987
7993
7994
7997
8001
8003
8005
8006
8008
8009
8011
8012
8017
8022
8024
8026
8030
8035
8039
8041
8042
8043
8044
8047
8049
8051
8054
8056
8059
8061
8062
8064
8065
8066
8068
8070
8071
8072
8074
8076
8077
8078
8079
8080
8081
8083
8084
8087
8088
8089
8093
8099
8100
8102
8104
8107
8113
8118
8120
8124
8125
8129
8130
8131
8133
8134
8138
8141
8143
8144
8145
8146
8147
8149
8150
8153
8155
8157
8160
8161
8164
8168
8170
8171
8174
8175
8180
8181
8183
8187
8189
8192
8194
8195
8196
8197
8198
8200
8201
8209
8211
8213
8215
8216
8223
8224
8227
8228
8229
8230
8232
8233
8234
8235
8236
8239
8242
8243
8245
8246
8248
8249
8250
8251
8252
8253
8256
8257
8259
8261
8265
8270
8276
8277
8279
8281
8282
8287
8291
8292
8297
8306
8312
8313
8314
8315
8317
8318
8320
8322
8324
8327
8330
8333
8335
8342
8343
8345
8346
8347
8348
8349
8350
8354
8358
8359
8362
8364
8366
8367
8368
8370
8371
8372
8374
8375
8376
8378
8382
8383
8386
8392
8394
8396
8400
8401
8403
8405
8408
8412
8415
8416
8417
8418
8421
8423
8424
8426
8428
8430
8434
8435
8437
8440
8443
8444
8448
8449
8450
8455
8457
8458
8460
8461
8463
8464
8465
8466
8467
8468
8469
8471
8472
8475
8476
8477
8481
8485
8486
8487
8488
8489
8491
8498
8501
8505
8506
8507
8508
8509
8511
8512
8514
8516
8520
8525
8527
8533
8536
8541
8557
8567
8568
8571
8572
8577
8578
8579
8583
8584
8587
8588
8590
8594
8596
8598
8599
8600
8601
8603
8605
8606
8607
8608
8609
8611
8612
8614
8616
8618
8619
8622
8629
8635
8642
8643
8645
8648
8651
8652
8655
8660
8662
8667
8670
8676
8677
8680
8684
8686
8687
8694
8699
8700
8702
8705
8711
8714
8716
8719
8732
8733
8735
8737
8740
8741
8742
8745
8746
8752
8753
8755
8756
8758
8760
8764
8768
8769
8770
8773
8775
8785
8786
8789
8790
8791
8792
8796
8798
8799
8801
8802
8803
8805
8808
8809
8811
8816
8818
8820
8822
8823
8824
8825
8826
8827
8828
8829
8830
8834
8835
8836
8837
8841
8843
8847
8849
8852
8853
8854
8855
8856
8857
8859
8860
8862
8863
8864
8865
8866
8867
8868
8869
8870
8871
8873
8874
8875
8877
8878
8879
8888
8889
8894
8896
8899
8901
8904
8905
8913
8914
8915
8917
8920
8922
8923
8927
8928
8932
8935
8936
8938
8939
8944
8945
8948
8949
8954
8955
8964
8965
8968
8970
8973
8974
8977
8979
8980
8981
8984
8986
8989
8992
8994
8995
8998
8999
9000
9006
9007
9008
9013
9014
9016
9020
9024
9025
9026
9033
9035
9037
9039
9040
9044
9046
9047
9048
9049
9052
9054
9058
9061
9062
9066
9069
9071
9072
9073
9074
9075
9076
9078
9079
9081
9083
9084
9085
9086
9089
9090
9092
9093
9095
9096
9097
9099
9101
9102
9104
9106
9108
9109
9110
9111
9123
9128
9130
9131
9135
9137
9138
9140
9141
9143
9148
9149
9150
9152
9154
9155
9157
9158
9163
9166
9167
9170
9174
9175
9177
9178
9179
9180
9182
9184
9185
9189
9191
9192
9194
9195
9198
9199
9204
9206
9207
9208
9209
9211
9212
9213
9214
9215
9216
9217
9218
9219
9220
9222
9223
9227
9228
9230
9231
9232
9238
9239
9240
9242
9248
9249
9250
9252
9253
9257
9258
9261
9263
9264
9265
9266
9267
9268
9269
9270
9273
9274
9275
9276
9278
9281
9282
9283
9284
9286
9287
9289
9295
9297
9298
9299
9300
9303
9304
9305
9308
9309
9310
9311
9315
9316
9325
9326
9327
9330
9334
9335
9336
9337
9338
9343
9344
9345
9346
9349
9350
9351
9352
9357
9360
9361
9365
9366
9368
9371
9373
9377
9378
9380
9382
9383
9384
9385
9391
9393
9397
9401
9403
9404
9412
9416
9417
9420
9423
9424
9425
9426
9435
9438
9440
9441
9443
9444
9445
9446
9447
9448
9450
9451
9453
9455
9457
9459
9460
9461
9465
9468
9469
9472
9474
9476
9477
9478
9485
9488
9490
9491
9494
9498
9499
9500
9501
9503
9504
9507
9508
9510
9511
9513
9517
9519
9520
9521
9525
9527
9528
9529
9530
9532
9533
9535
9540
9542
9543
9544
9547
9548
9549
9550
9556
9557
9561
9563
9564
9565
9566
9567
9568
9569
9570
9571
9572
9579
9581
9582
9583
9586
9589
9590
9592
9594
9595
9598
9600
9603
9606
9607
9609
9612
9615
9617
9619
9621
9622
9623
9625
9628
9629
9630
9639
9640
9645
9652
9653
9655
9661
9662
9665
9666
9667
9669
9670
9671
9672
9679
9681
9682
9685
9686
9687
9693
9694
9695
9696
9699
9706
9715
9717
9719
9721
9722
9726
9727
9728
9733
9740
9747
9749
9751
9752
9753
9757
9759
9764
9765
9766
9767
9768
9770
9771
9776
9777
9778
9781
9790
9791
9797
9798
9800
9802
9804
9807
9810
9812
9815
9816
9821
9822
9823
9827
9828
9831
9832
9833
9835
9837
9840
9841
9842
9845
9846
9847
9848
9850
9860
9861
9866
9868
9870
9873
9876
9878
9879
9881
9884
9886
9888
9894
9896
9898
9899
9902
9903
9904
9907
9909
9911
9913
9918
9921
9935
9941
9942
9944
9945
9947
9951
9952
9953
9954
9962
9964
9968
9970
9975
9976
9981
9982
9986
9990
9994
9995
10001
10003
10009
10010
10013
10018
10020
10021
10023
10024
10029
10032
10033
10034
10038
10039
10044
10050
10052
10056
10061
10062
10063
10065
10066
10071
10073
10075
10076
10085
10088
10091
10099
10100
10102
10106
10109
10110
10113
10114
10125
10127
10131
10132
10139
10143
10144
10148
10149
10151
10154
10155
10159
10161
10163
10164
10166
10170
10171
10172
10173
10178
10179
10180
10181
10184
10185
10186
10187
10188
10189
10190
10201
10202
10209
10212
10214
10218
10224
10225
10227
10230
10232
10233
10235
10236
10237
10241
10243
10245
10249
10252
10256
10258
10266
10268
10271
10275
10287
10289
10293
10295
10298
10305
10307
10308
10309
10316
10317
10323
10324
10332
10334
10335
10336
10342
10347
10348
10349
10351
10357
10358
10359
10365
10371
10374
10378
10380
10381
10385
10387
10388
10390
10394
10395
10400
10404
10412
10413
10426
10428
10433
10434
10436
10437
10443
10445
10449
10450
10455
10467
10474
10479
10480
10482
10483
10485
10486
10494
10495
10499
10501
10509
10511
10513
10514
10519
10521
10523
10528
10529
10538
10542
10543
10545
10548
10550
10553
10556
10558
10560
10562
10572
10576
10579
10582
10583
10585
10587
10588
10591
10592
10595
10599
10600
10605
10609
10613
10617
10622
10627
10639
10640
10646
10648
10653
10665
10670
10672
10674
10677
10681
10685
10691
10692
10695
10699
10702
10707
10718
10720
10722
10728
10730
10731
10733
10734
10738
10743
10749
10753
10757
10759
10761
10771
10772
10775
10776
10777
10778
10782
10784
10785
10786
10788
10789
10791
10792
10796
10798
10799
10801
10803
10804
10806
10808
10814
10815
10827
10833
10837
10839
10846
10847
10854
10860
10866
10868
10869
10870
10871
10872
10881
10889
10892
10893
10896
10897
10900
10901
10908
10912
10913
10914
10918
10920
10927
10936
10937
10938
10939
10941
10942
10944
10945
10947
10948
10950
10955
10958
10959
10962
10964
10969
10971
10972
10973
10979
10988
10990
10992
10994
11001
11005
11008
11009
11012
11016
11021
11031
11034
11036
11040
11044
11045
11046
11051
11064
11069
11075
11081
11082
11087
11089
11090
11094
11096
11107
11115
11125
11126
11127
11130
11131
11134
11140
11141
11144
11145
11151
11153
11157
11159
11160
11163
11166
11168
11169
11170
11181
11182
11195
11197
11203
11209
11211
11212
11215
11218
11222
11224
11227
11236
11237
11238
11240
11243
11244
11246
11251
11270
11275
11276
11277
11285
11287
11293
11299
11305
11307
11315
11316
11317
11319
11320
11321
11323
11325
11326
11329
11344
11348
11351
11352
11353
11356
11358
11359
11365
11367
11369
11371
11379
11380
11386
11387
11392
11395
11400
11401
11402
11403
11404
11405
11406
11407
11411
11413
11414
11417
11418
11426
11435
11439
11440
11444
11449
11450
11453
11454
11457
11460
11463
11464
11469
11476
11477
11480
11482
11485
11492
11496
11500
11502
11503
11512
11513
11514
11515
11517
11520
11526
11527
11530
11533
11534
11535
11538
11541
11542
11545
11546
11548
11553
11554
11555
11556
11557
11561
11562
11566
11568
11570
11571
11574
11577
11578
11580
11583
11585
11591
11593
11596
11597
11605
11607
11619
11627
11630
11634
11639
11640
11644
11647
11667
11670
11675
11679
11685
11689
11690
11692
11701
11702
11710
11713
11714
11715
11716
11723
11731
11738
11747
11750
11751
11765
11766
11780
11785
11790
11794
11795
11800
11804
11814
11821
11827
11829
11837
11845
11847
11850
11860
11866
11870
11876
11890
11897
11901
11908
11911
11914
11915
11918
11919
11921
11923
11928
11940
11941
11947
11948
11951
11960
11963
11964
11978
11980
11995
11996
12003
12011
12012
12014
12021
12028
12033
12036
12037
12042
12043
12047
12055
12060
12061
12062
12064
12066
12070
12080
12083
12086
12087
12091
12100
12104
12111
12112
12117
12121
12123
12126
12128
12130
12133
12135
12136
12137
12138
12139
12141
12142
12144
12145
12146
12148
12149
12150
12151
12152
12155
12157
12158
12164
12167
12169
12172
12173
12178
12179
12181
12183
12184
12185
12187
12189
12191
12193
12194
12195
12199
12205
12207
12210
12212
12213
12215
12218
12221
12223
12224
12225
12227
12230
12231
12232
12234
12235
12242
12243
12246
12247
12251
12252
12253
12260
12263
12264
12268
12269
12275
12277
12281
12287
12288
12297
12302
12311
12316
12318
12319
12321
12325
12337
12341
12346
12349
12352
12353
12354
12355
12356
12358
12363
12374
12377
12382
12385
12386
12392
12399
12405
12406
12415
12419
12428
12434
12436
12438
12442
12445
12448
12467
12482
12499
12501
12513
12514
12515
12518
12520
12522
12523
12525
12531
12532
12533
12534
12538
12539
12542
12547
12548
12554
12555
12562
12563
12568
12569
12573
12579
12580
12585
12587
12594
12595
12606
12614
12618
12621
12638
12650
12653
12657
12658
12659
12669
12670
12674
12676
12677
12680
12682
12694
12701
12705
12706
12709
12711
12716
12718
12725
12726
12737
12738
12740
12741
12767
12774
12782
12786
12798
12799
12800
12828
12832
12833
12858
12860
12870
12876
12879
12889
12893
12898
12905
12906
12914
12915
12919
12921
12922
12926
12927
12930
12933
12934
12936
12947
12950
12954
12958
12960
12961
12962
12963
12965
12967
12968
12969
12971
12976
12977
12982
12983
12990
12995
13006
13019
13021
13024
13028
13034
13039
13041
13048
13061
13064
13065
13068
13070
13090
13092
13097
13101
13113
13125
13131
13133
13134
13137
13138
13144
13152
13160
13163
13168
13169
13181
13189
13190
13200
13203
13205
13212
13216
13220
13224
13227
13231
13236
13237
13241
13242
13245
13246
13248
13254
13255
13258
13260
13263
13265
13267
13273
13274
13278
13281
13282
13288
13290
13291
13295
13297
13300
13302
13306
13311
13313
13314
13317
13327
13328
13334
13337
13338
13339
13341
13343
13347
13354
13358
13360
13362
13363
13364
13372
13379
13382
13389
13397
13400
13403
13409
13413
13415
13419
13421
13426
13427
13430
13431
13432
13435
13438
13440
13444
13455
13462
13471
13482
13483
13484
13485
13495
13496
13503
13506
13507
13511
13512
13514
13517
13518
13520
13523
13528
13529
13533
13539
13556
13557
13559
13560
13562
13567
13568
13571
13572
13574
13575
13578
13581
13583
13584
13586
13587
13590
13591
13599
13600
13602
13605
13611
13616
13617
13623
13630
13632
13633
13647
13649
13656
13658
13660
13661
13663
13673
13674
13679
13684
13685
13686
13687
13689
13690
13691
13692
13693
13695
13701
13706
13708
13712
13713
13714
13718
13721
13735
13741
13746
13748
13753
13754
13756
13760
13763
13764
13765
13767
13769
13770
13771
13776
13780
13781
13792
13795
13796
13800
13805
13807
13810
13812
13813
13820
13832
13835
13837
13842
13848
13854
13857
13858
13859
13865
13869
13877
13881
13889
13890
13891
13900
13903
13904
13906
13915
13917
13920
13927
13929
13938
13942
13945
13948
13951
13954
13964
13972
13975
13977
13980
13981
13984
13986
13992
13997
14000
14001
14011
14014
14016
14019
14025
14029
14032
14033
14042
14047
14059
14069
14070
14088
14089
14092
14094
14098
14100
14103
14105
14117
14123
14124
14131
14133
14137
14153
14155
14157
14160
14168
14170
14173
14174
14192
14193
14196
14200
14204
14205
14216
14219
14222
14239
14245
14261
14267
14275
14280
14281
14288
14294
14304
14312
14329
14333
14335
14337
14340
14347
14349
14362
14364
14367
14370
14373
14374
14377
14379
14383
14386
14404
14405
14410
14419
14440
14447
14449
14451
14454
14469
14471
14472
14474
14505
14528
14529
14530
14535
14539
14540
14552
14557
14560
14564
14566
14570
14577
14582
14585
14590
14594
14609
14610
14613
14614
14615
14619
14621
14622
14626
14646
14648
14652
14653
14658
14659
14663
14664
14665
14669
14671
14672
14675
14677
14679
14691
14697
14701
14705
14714
14718
14720
14721
14734
14735
14736
14742
14745
14746
14747
14752
14753
14754
14756
14766
14776
14779
14792
14793
14796
14797
14798
14799
14802
14803
14808
14812
14819
14823
14826
14830
14832
14834
14841
14843
14844
14852
14858
14860
14866
14868
14878
14880
14882
14885
14889
14893
14901
14903
14904
14914
14916
14918
14924
14925
14927
14928
14932
14934
14936
14942
14950
14953
14960
14963
14964
14966
14968
14971
14980
14982
14983
14988
14993
14996
15000
15001
15003
15006
15009
15010
15014
15024
15029
15033
15034
15035
15040
15045
15051
15056
15057
15059
15062
15065
15066
15067
15072
15076
15086
15087
15088
15097
15107
15108
15115
15117
15119
15121
15122
15124
15125
15131
15135
15137
15153
15154
15163
15164
15167
15177
15180
15183
15184
15191
15206
15208
15210
15211
15213
15214
15220
15226
15227
15229
15234
15243
15249
15263
15273
15278
15282
15284
15286
15289
15294
15296
15298
15303
15304
15319
15321
15327
15337
15340
15346
15347
15349
15350
15360
15361
15364
15365
15368
15371
15373
15377
15378
15382
15384
15385
15388
15393
15409
15417
15418
15420
15421
15423
15435
15436
15444
15451
15463
15473
15478
15485
15492
15500
15503
15507
15510
15515
15518
15525
15526
15533
15537
15539
15552
15556
15557
15559
15570
15579
15588
15593
15595
15596
15597
15605
15610
15619
15621
15627
15642
15645
15650
15652
15655
15661
15663
15668
15677
15689
15691
15693
15714
15717
15726
15739
15742
15746
15756
15762
15764
15765
15782
15783
15810
15825
15839
15845
15847
15850
15860
15864
15881
15888
15914
15916
15922
15929
15931
15932
15935
15936
15942
15947
15948
15966
15975
15979
15981
15983
15984
15993
16012
16019
16026
16033
16035
16041
16047
16056
16057
16062
16064
16087
16089
16096
16098
16112
16116
16131
16148
16152
16153
16162
16167
16171
16172
16180
16194
16199
16206
16212
16227
16228
16238
16241
16243
16252
16259
16266
16269
16274
16277
16281
16298
16300
16301
16312
16316
16343
16346
16356
16360
16362
16370
16372
16377
16384
16387
16393
16397
16399
16405
16407
16408
16413
16421
16423
16429
16430
16435
16436
16437
16439
16440
16455
16458
16466
16481
16482
16485
16488
16489
16494
16500
16504
16510
16514
16515
16523
16524
16530
16536
16539
16546
16548
16556
16564
16568
16570
16572
16575
16583
16585
16590
16596
16601
16605
16607
16609
16619
16622
16625
16628
16636
16638
16645
16692
16695
16700
16710
16734
16751
16753
16758
16763
16768
16771
16772
16775
16785
16790
16792
16800
16807
16808
16812
16818
16821
16829
16830
16831
16832
16865
16892
16949
16960
17004
17096
17097
17105
17111
17116
17118
17122
17134
17141
17144
17155
17178
17192
17213
17250
17253
17254
17256
17257
17258
17260
17261
17262
17265
17267
17268
17269
17271
17272
17273
17274
17275
17276
17278
17280
17281
17282
17283
17284
17285
17287
17288
17290
17292
17294
17295
17297
17298
17300
17302
17304
17308
17310
17313
17316
17320
17324
17345
17356
17362
17410
17425
17430
17440
17454
17472
17479
17480
17487
17493
17496
17497
17505
17514
17515
17518
17526
17539
17546
17556
17558
17559
17565
17566
17575
17576
17632
17633
17636
17639
17654
17661
17678
17697
17751
17769
17783
17792
17795
17798
17802
17806
17813
17820
17821
17822
17824
17826
17841
17853
17857
17861
17870
17881
17883
17887
17890
17916
17928
17929
17931
17934
17970
17988
18017
18042
18052
18053
18056
18057
18060
18062
18063
18064
18065
18066
18068
18071
18078
18081
18082
18088
18089
18093
18095
18098
18102
18104
18105
18106
18107
18108
18109
18110
18112
18113
18114
18115
18116
18117
18118
18119
18120
18122
18123
18124
18125
18126
18127
18128
18129
18130
18131
18132
18133
18135
18136
18137
18138
18139
18140
18141
18143
18144
18145
18146
18150
18152
18156
18164
18167
18168
18170
18173
18174
18175
18176
18177
18178
18179
18180
18181
18182
18183
18184
18185
18187
18196
18199
18201
18203
18205
18206
18210
18211
18212
18213
18214
18215
18216
18217
18219
18220
18221
18222
18223
18224
18225
18226
18227
18228
18229
18230
18232
18239
18240
18241
18242
18256
18259
18260
18261
18262
18263
18266
18270
18271
18275
18282
18288
18295
18298
18303
18305
18306
18307
18315
18316
18318
18321
18322
18323
18328
18342
18345
18346
18349
18350
18351
18353
18354
18355
18358
18366
18369
18373
18381
18386
18388
18389
18391
18394
18395
18400
18401
18433
18443
18444
18448
18449
18462
18477
18482
18485
18488
18493
18503
18504
18514
18515
18519
18520
18539
18540
18556
18563
18564
18575
18582
18601
18602
18618
18625
18649
18656
18661
18668
18671
18678
18682
18686
18697
18701
18704
18708
18722
18727
18735
18741
18743
18750
18757
18758
18762
18767
18768
18771
18774
18779
18783
18788
18799
18800
18803
18817
18819
18828
18829
18831
18832
18836
18842
18854
18855
18864
18867
18878
18887
18890
18914
18918
18933
18943
18949
18967
18969
18982
18985
18988
18990
18994
18996
18999
19006
19009
19010
19011
19013
19035
19036
19042
19095
19100
19110
19116
19147
19152
19165
19169
19186
19188
19210
19222
19225
19227
19267
19338
19349
19398
19409
19415
19441
19551
19552
19566
19598
19604
19638
19659
19718
19747
19765
19778
19854
19881
19902
19915
