7
17
22
23
26
35
36
39
47
48
54
57
60
62
77
86
87
88
91
100
101
108
114
115
116
117
119
123
126
130
136
137
152
155
162
170
178
179
181
182
183
187
189
193
200
201
204
207
210
217
230
231
235
237
239
247
248
256
262
264
270
271
272
278
287
288
295
300
303
304
313
320
322
325
344
346
347
351
352
379
387
389
393
394
402
417
426
427
428
431
432
436
438
441
442
445
450
451
463
474
480
481
482
508
510
513
525
526
527
541
552
553
555
563
569
573
587
591
601
611
612
616
628
634
638
640
651
652
654
661
663
665
670
672
673
685
692
707
708
709
710
721
724
725
727
732
734
739
741
744
750
754
755
759
768
774
782
783
796
805
808
809
815
824
826
827
836
850
857
859
860
875
877
878
894
895
897
898
912
918
921
936
944
973
1011
1029
1033
1034
1036
1062
1065
1068
1071
1077
1082
1091
1098
1105
1133
1144
1156
1158
1159
1162
1166
1167
1168
1179
1180
1186
1187
1210
1213
1214
1219
1237
1242
1269
1272
1286
1292
1305
1312
1327
1331
1368
1399
1402
1404
1406
1419
1451
1463
1464
1465
1472
1473
1474
1479
1495
1518
1526
1541
1563
1572
1579
1580
1598
1610
1616
1617
1622
1625
1668
1685
1705
1713
1729
1732
1760
1761
1764
1772
1773
1792
1795
1809
1811
1852
1856
1857
1870
1880
1884
1900
1905
1935
1939
1940
1945
1947
1957
1960
1982
2009
2027
2036
2041
2061
2068
2070
2076
2079
2109
2124
2136
2140
2167
2174
2197
2204
2219
2229
2238
2260
2281
2296
2322
2323
2330
2338
2354
2364
2366
2369
2372
2376
2403
2417
2434
2435
2443
2450
2489
2491
2492
2494
2498
2499
2517
2518
2523
2526
2527
2531
2539
2545
2548
2549
2581
2582
2588
2593
2608
2615
2622
2623
2624
2637
2640
2641
2644
2645
2646
2656
2657
2658
2659
2662
2666
2667
2669
2670
2671
2674
2676
2680
2682
2685
2686
2690
2692
2702
2717
2724
2725
2729
2732
2738
2747
2755
2766
2772
2774
2778
2791
2793
2823
2826
2832
2835
2840
2845
2848
2852
2856
2859
2868
2882
2885
2893
2897
2902
2903
2906
2924
2933
2950
2953
2970
2973
2978
2988
3008
3029
3033
3056
3058
3060
3069
3095
3097
3105
3108
3115
3116
3126
3132
3141
3145
3154
3156
3161
3163
3165
3168
3169
3186
3187
3188
3201
3205
3206
3207
3210
3217
3234
3237
3240
3250
3264
3265
3275
3296
3301
3311
3314
3315
3316
3317
3322
3324
3330
3331
3337
3350
3360
3361
3365
3369
3383
3384
3385
3388
3398
3401
3402
3403
3404
3411
3412
3416
3424
3426
3433
3434
3443
3450
3453
3454
3455
3457
3461
3462
3466
3468
3470
3477
3479
3480
3483
3487
3489
3509
3525
3544
3553
3557
3559
3560
3562
3565
3574
3578
3579
3582
3590
3591
3596
3598
3604
3607
3612
3623
3624
3626
3651
3679
3689
3709
3715
3721
3734
3737
3752
3753
3756
3757
3766
3767
3772
3773
3776
3795
3796
3806
3811
3813
3826
3827
3831
3850
3854
3859
3864
3865
3866
3867
3868
3869
3870
3885
3886
3887
3888
3889
3890
3891
3892
3893
3894
3910
3913
3919
3924
3961
3963
3968
3993
4005
4008
4036
4071
4082
4090
4118
4127
4131
4147
4150
4157
4159
4170
4184
4188
4196
4220
4283
4294
4298
4306
4311
4316
4340
4352
4358
4362
4368
4379
4384
4389
4390
4398
4401
4405
4430
4445
4455
4481
4486
4487
4491
4499
4502
4549
4566
4587
4636
4660
4670
4674
4685
4686
4699
4707
4719
4723
4734
4765
4766
4788
4794
4800
4830
4837
4842
4846
4867
4869
4873
4881
4883
4895
4900
4909
4910
4917
4918
4927
4930
4959
4968
4973
4994
4996
5033
5036
5038
5040
5065
5102
5105
5110
5153
5160
5169
5176
5196
5247
5254
5258
5268
5273
5282
5294
5316
5326
5330
5331
5359
5369
5382
5398
5428
5459
5466
5470
5471
5476
5477
5484
5493
5494
5515
5521
5525
5544
5549
5556
5560
5563
5566
5571
5589
5592
5604
5662
5675
5679
5706
5710
5726
5736
5742
5768
5798
5804
5817
5834
5840
5853
5867
5869
5875
5903
5911
5927
5977
6009
6037
6039
6064
6093
6116
6157
6162
6218
6247
6276
6331
6371
6389
6393
6401
6433
6461
6463
6535
6544
6545
6546
6587
6612
6616
6619
6629
6698
6703
6704
6711
6739
6801
6802
6818
6860
6871
6881
6935
6955
7005
7018
7030
7031
7046
7089
7127
7132
7154
7175
7176
7221
7222
7223
7224
7225
7226
7235
7238
7274
7275
7276
7290
7300
7379
7401
7410
7411
7428
7461
7478
7492
7499
7508
7532
7533
7562
7592
7641
7666
7677
7683
7694
7707
7713
7725
7760
7795
7816
7825
7834
7859
7865
7899
7905
7944
7946
7969
7971
8030
8041
8049
8051
8062
8064
8071
8074
8090
8108
8159
8161
8204
8215
8227
8242
8245
8283
8297
8314
8345
8350
8354
8371
8403
8437
8469
8472
8477
8500
8508
8597
8606
8635
8660
8676
8698
8732
8733
8736
8746
8752
8785
8789
8824
8834
8837
8847
8859
8917
8968
8973
9006
9049
9054
9058
9062
9066
9099
9106
9124
9128
9143
9148
9149
9150
9179
9182
9207
9208
9236
9286
9287
9305
9309
9315
9325
9326
9362
9381
9382
9422
9476
9496
9565
9594
9640
9694
9717
9805
9810
9847
9942
9948
9967
9987
10007
10027
10031
10063
10066
10091
10125
10132
10181
10231
10292
10333
10344
10555
10562
10627
10731
10745
10749
10751
10781
10784
10785
10789
10790
10806
10840
10879
10880
10917
10962
10971
10974
10976
10982
11001
11023
11034
11050
11062
11127
11153
11154
11211
11251
11392
11421
11464
11500
11685
11762
11836
11957
11959
11964
12038
12067
12100
12111
12112
12139
12140
12146
12164
12211
12232
12234
12247
12325
12351
12428
12483
12501
12510
12594
12605
12701
12710
12738
12893
12897
13039
13059
13117
13131
13238
13244
13262
13267
13273
13298
13328
13332
13418
13455
13562
13597
13616
13655
13664
13673
13674
13692
13735
13741
13942
14001
14200
14559
14659
14745
14763
14868
15124
15213
15367
15556
15626
15657
16117
16118
16147
16162
16199
16201
16220
16325
16458
16628
17144
17249
17250
17251
17252
17253
17254
17255
17256
17257
17258
17259
17260
17261
17262
17263
17264
17265
17266
17267
17268
17269
17270
17271
17272
17273
17274
17275
17276
17278
17279
17280
17281
17282
17283
17284
17285
17286
17287
17288
17289
17290
17291
17292
17293
17294
17295
17296
17297
17298
17299
17300
17301
17302
17303
17304
17305
17306
17307
17308
17309
17310
17311
17352
17493
18043
18071
18167
18356
18357
18358
