8
24
26
28
29
39
50
54
60
62
67
68
71
74
77
82
101
103
112
119
121
130
152
167
170
181
182
188
200
215
237
287
293
295
307
310
312
313
345
368
369
379
415
427
431
438
445
450
451
504
505
536
553
554
579
595
637
648
663
670
680
696
736
743
777
780
782
806
815
826
837
850
877
884
896
957
958
973
980
984
1056
1062
1068
1113
1123
1124
1129
1179
1181
1200
1209
1210
1223
1271
1276
1331
1347
1390
1419
1427
1487
1514
1545
1563
1596
1610
1644
1683
1722
1764
1902
1909
1990
2010
2015
2041
2046
2063
2070
2092
2124
2195
2270
2273
2344
2379
2394
2528
2535
2546
2582
2605
2610
2615
2619
2624
2625
2628
2643
2669
2677
2688
2725
2737
2754
2763
2772
2775
2777
2781
2830
2851
2852
2855
2860
2896
2899
2914
2915
2924
2969
2992
2999
3001
3016
3042
3073
3076
3098
3116
3124
3134
3144
3152
3153
3157
3158
3200
3223
3264
3287
3328
3432
3467
3483
3489
3511
3522
3525
3543
3544
3560
3590
3604
3624
3625
3641
3642
3644
3651
3655
3672
3674
3675
3689
3695
3698
3715
3722
3729
3764
3776
3791
3815
3828
3913
3921
3967
3999
4008
4009
4054
4088
4098
4103
4118
4120
4129
4131
4169
4188
4194
4215
4227
4232
4258
4303
4316
4321
4323
4357
4366
4383
4389
4424
4454
4511
4534
4542
4574
4596
4616
4637
4660
4682
4695
4699
4861
4927
4943
4973
4992
5170
5196
5256
5258
5261
5272
5273
5372
5450
5471
5480
5491
5500
5508
5515
5585
5616
5679
5700
5718
5719
5747
5768
5820
5848
5869
5917
5985
5994
6000
6011
6027
6039
6066
6093
6099
6121
6142
6162
6349
6353
6468
6488
6574
6584
6592
6612
6615
6799
6817
6825
6859
6863
6870
6938
6953
7038
7044
7049
7080
7081
7117
7152
7226
7259
7268
7334
7532
7545
7567
7576
7605
7634
7641
7680
7722
7735
7739
7779
7799
7833
7852
7858
7869
7877
7879
7913
7971
7976
8043
8049
8102
8131
8161
8183
8195
8220
8234
8242
8261
8280
8326
8357
8497
8500
8502
8544
8567
8646
8736
8917
8927
8947
9003
9034
9086
9093
9172
9192
9357
9390
9476
9492
9499
9524
9541
9558
9581
9601
9612
9626
9649
9663
9724
9798
9810
9832
9849
10034
10088
10129
10166
10201
10223
10252
10306
10576
10595
10607
10649
10743
10772
10917
10920
10923
10972
11040
11229
11300
11303
11390
11574
11740
11792
11970
12018
12020
12079
12080
12140
12230
12433
12470
12615
12643
13014
13019
13103
13108
13109
13263
13567
14266
14651
14664
14765
14776
14982
14988
15000
15596
15848
15976
17826
18094
18196
18299
19677
