1
8
9
16
17
23
28
29
31
39
51
54
55
58
60
62
67
68
70
71
77
82
87
92
99
101
102
103
104
106
111
112
114
115
119
120
123
124
125
126
127
128
130
134
138
145
146
147
152
156
159
167
171
172
181
182
183
185
194
198
203
204
206
207
210
211
215
217
219
222
224
226
227
228
229
230
253
264
265
270
271
275
277
278
284
286
287
288
295
297
300
303
304
305
307
313
319
320
322
336
342
344
345
347
349
351
352
360
368
371
401
403
409
423
426
427
428
430
431
432
436
438
441
444
445
449
454
457
466
471
475
483
484
494
501
504
505
506
513
532
537
538
541
546
552
553
554
555
557
563
569
571
572
576
585
596
601
602
610
615
628
631
632
634
637
653
654
659
660
663
666
680
683
688
692
701
706
719
721
724
726
733
734
736
737
739
741
745
746
749
750
755
759
760
768
770
771
772
780
782
795
796
798
805
806
807
810
815
818
819
820
822
837
843
844
845
846
850
868
869
870
873
880
883
887
888
889
891
894
895
897
898
918
920
921
925
929
931
934
936
941
950
953
963
967
973
980
982
990
996
1024
1025
1043
1051
1057
1061
1062
1070
1077
1088
1098
1102
1105
1113
1129
1142
1146
1155
1156
1174
1179
1180
1181
1184
1189
1201
1202
1206
1210
1223
1243
1244
1250
1253
1255
1265
1270
1279
1286
1287
1312
1327
1328
1331
1332
1350
1353
1362
1375
1389
1400
1410
1433
1435
1443
1455
1461
1463
1465
1469
1474
1479
1480
1482
1484
1485
1495
1505
1507
1514
1516
1527
1541
1560
1563
1566
1576
1578
1580
1581
1590
1592
1595
1596
1613
1622
1627
1633
1640
1644
1648
1655
1669
1670
1671
1677
1678
1683
1687
1692
1699
1709
1716
1719
1720
1723
1732
1748
1758
1760
1763
1788
1792
1795
1805
1822
1835
1852
1853
1868
1869
1875
1902
1903
1925
1929
1939
1947
1949
1956
1972
1977
1985
2008
2009
2010
2033
2043
2046
2048
2052
2057
2064
2070
2073
2074
2088
2090
2098
2099
2101
2124
2130
2136
2154
2168
2194
2196
2209
2225
2242
2248
2249
2260
2264
2269
2281
2282
2306
2309
2328
2336
2344
2364
2367
2369
2393
2407
2432
2434
2436
2437
2446
2450
2451
2457
2473
2489
2499
2511
2516
2517
2518
2521
2523
2529
2548
2558
2559
2564
2571
2581
2582
2583
2585
2588
2590
2593
2600
2604
2605
2608
2609
2613
2614
2615
2616
2623
2624
2625
2627
2628
2634
2644
2645
2651
2659
2662
2669
2671
2676
2677
2678
2681
2682
2691
2693
2696
2703
2707
2715
2717
2721
2722
2724
2731
2732
2733
2734
2746
2747
2760
2765
2781
2784
2787
2790
2792
2793
2796
2807
2813
2815
2823
2832
2838
2840
2843
2844
2846
2850
2851
2852
2854
2856
2863
2868
2871
2877
2878
2885
2893
2897
2916
2921
2940
2954
2957
2958
2960
2967
2970
2977
2987
2988
3003
3004
3009
3011
3013
3024
3033
3064
3077
3078
3083
3090
3094
3107
3116
3122
3139
3152
3153
3156
3169
3174
3184
3211
3214
3215
3216
3219
3223
3261
3265
3268
3270
3271
3281
3292
3293
3296
3304
3309
3322
3328
3330
3331
3354
3363
3375
3404
3413
3421
3426
3429
3436
3443
3446
3450
3451
3452
3453
3454
3456
3457
3458
3464
3466
3477
3479
3480
3483
3489
3504
3511
3524
3525
3526
3544
3549
3550
3552
3553
3560
3564
3568
3576
3578
3580
3581
3586
3590
3593
3594
3595
3596
3598
3601
3604
3605
3607
3609
3612
3614
3619
3620
3623
3624
3625
3626
3630
3632
3633
3648
3651
3652
3656
3658
3660
3664
3669
3677
3679
3683
3689
3692
3698
3699
3709
3713
3714
3717
3720
3731
3735
3737
3744
3746
3749
3751
3753
3760
3764
3766
3767
3772
3773
3777
3782
3789
3800
3813
3815
3825
3826
3827
3828
3829
3865
3896
3921
3927
3929
3930
3952
3953
3961
3965
3975
3983
3984
3994
3996
4005
4006
4008
4009
4020
4022
4023
4032
4033
4034
4036
4038
4057
4065
4082
4084
4098
4101
4110
4118
4125
4127
4136
4143
4147
4148
4153
4159
4160
4164
4165
4169
4172
4173
4175
4179
4180
4181
4182
4183
4184
4188
4191
4205
4211
4212
4215
4217
4234
4241
4255
4256
4265
4266
4279
4280
4291
4293
4298
4316
4336
4338
4340
4352
4365
4366
4379
4382
4383
4384
4385
4387
4388
4389
4390
4391
4405
4424
4426
4430
4434
4439
4444
4445
4473
4474
4483
4486
4487
4506
4511
4512
4535
4540
4543
4545
4546
4549
4566
4572
4585
4595
4600
4618
4625
4632
4646
4647
4664
4677
4678
4685
4699
4702
4726
4734
4745
4765
4766
4788
4809
4811
4816
4817
4821
4823
4827
4840
4846
4847
4861
4866
4868
4869
4876
4879
4882
4894
4898
4906
4907
4909
4917
4931
4946
4957
4973
4979
4984
4994
4998
5042
5051
5067
5070
5074
5081
5082
5086
5112
5116
5118
5121
5126
5145
5148
5157
5176
5177
5186
5193
5198
5205
5220
5222
5235
5244
5252
5273
5280
5282
5286
5292
5294
5306
5326
5334
5350
5364
5369
5382
5396
5399
5400
5419
5425
5438
5449
5466
5471
5490
5497
5504
5511
5514
5520
5521
5526
5535
5549
5550
5551
5557
5560
5565
5577
5585
5598
5599
5615
5618
5623
5631
5641
5673
5674
5675
5722
5730
5736
5737
5739
5745
5750
5755
5759
5772
5803
5804
5811
5815
5828
5847
5848
5869
5884
5888
5891
5911
5922
5949
5952
5953
5955
5966
5987
5989
5991
5998
5999
6019
6021
6027
6039
6053
6056
6057
6064
6077
6082
6083
6086
6087
6093
6104
6113
6120
6149
6150
6151
6157
6158
6159
6162
6219
6233
6251
6252
6264
6265
6279
6283
6289
6294
6297
6306
6321
6331
6333
6338
6348
6363
6366
6367
6371
6372
6390
6393
6447
6457
6460
6461
6463
6469
6479
6491
6496
6530
6531
6532
6569
6580
6591
6612
6633
6634
6641
6646
6658
6664
6683
6689
6704
6705
6713
6714
6715
6718
6725
6726
6728
6733
6740
6771
6778
6800
6801
6807
6813
6818
6836
6850
6856
6857
6863
6869
6893
6906
6935
6938
6939
6945
6985
6986
7002
7018
7049
7055
7056
7060
7065
7075
7095
7111
7112
7125
7126
7148
7152
7153
7155
7174
7176
7177
7178
7193
7220
7224
7246
7284
7324
7343
7360
7378
7382
7401
7406
7425
7427
7430
7432
7439
7444
7461
7470
7487
7496
7498
7506
7513
7532
7533
7540
7551
7552
7554
7562
7569
7571
7573
7574
7578
7583
7586
7592
7604
7606
7610
7611
7612
7616
7630
7633
7641
7664
7676
7680
7707
7709
7710
7725
7727
7740
7749
7761
7770
7775
7779
7807
7815
7819
7829
7839
7841
7846
7851
7854
7858
7863
7874
7877
7894
7906
7913
7930
7948
7964
7971
7980
7981
7993
8000
8047
8049
8054
8065
8070
8074
8080
8087
8107
8110
8131
8143
8146
8150
8192
8199
8204
8223
8242
8247
8268
8274
8276
8278
8291
8314
8316
8320
8338
8343
8345
8347
8352
8353
8355
8356
8357
8358
8359
8360
8361
8362
8363
8364
8365
8374
8388
8401
8407
8412
8431
8455
8468
8471
8472
8481
8488
8489
8559
8580
8599
8646
8732
8733
8736
8739
8745
8748
8760
8775
8787
8801
8849
8855
8871
8889
8895
8896
8897
8905
8917
8997
9007
9014
9021
9038
9044
9049
9054
9066
9079
9081
9083
9085
9089
9090
9091
9099
9105
9109
9137
9138
9143
9174
9179
9190
9202
9204
9263
9318
9366
9380
9385
9435
9438
9439
9445
9461
9476
9498
9501
9519
9521
9525
9549
9551
9567
9568
9569
9571
9576
9582
9592
9593
9595
9607
9613
9620
9622
9653
9684
9693
9694
9695
9698
9699
9702
9708
9720
9721
9757
9787
9805
9810
9817
9832
9835
9846
9847
9888
9902
9911
9920
9953
9960
9973
10019
10023
10031
10032
10048
10050
10089
10125
10195
10219
10234
10240
10241
10257
10290
10305
10334
10352
10406
10434
10438
10458
10482
10543
10585
10692
10728
10741
10754
10758
10762
10763
10777
10796
10833
10853
10865
10881
10920
10921
10936
10939
10941
10942
10950
10988
11008
11064
11072
11081
11086
11087
11092
11127
11144
11147
11218
11250
11299
11334
11367
11394
11395
11398
11404
11412
11426
11427
11454
11496
11500
11520
11526
11533
11536
11552
11566
11574
11590
11619
11641
11800
11817
11890
11896
11904
11927
11955
11961
11994
11998
12139
12140
12158
12203
12213
12230
12231
12234
12275
12385
12386
12434
12435
12459
12461
12470
12515
12518
12538
12544
12568
12571
12657
12664
12665
12666
12667
12668
12669
12670
12671
12672
12673
12674
12675
12676
12677
12678
12679
12680
12681
12682
12683
12684
12685
12686
12687
12688
12689
12690
12691
12692
12693
12694
12695
12696
12697
12698
12702
12726
12798
12810
12832
12970
13059
13117
13171
13267
13567
13667
13703
13735
13791
13796
13840
13899
14003
14304
14312
14342
14427
14529
14610
14653
14654
14662
14783
14784
14827
14939
14952
14974
14996
15014
15051
15066
15097
15272
15540
15548
15591
15593
15627
15639
15735
15777
15854
15949
16043
16062
16085
16405
16427
16492
16524
16754
17155
17425
17559
17661
17858
18052
18416
19036
19285
