9
29
62
93
98
115
125
146
167
170
179
182
200
237
280
287
288
374
384
402
423
428
555
633
636
694
734
736
739
792
793
795
817
903
918
932
953
1043
1066
1082
1133
1198
1312
1429
1463
1497
1692
1773
1792
1860
1929
1999
2021
2037
2046
2097
2107
2124
2229
2247
2337
2438
2463
2549
2559
2574
2582
2717
2747
2770
2792
2821
2912
2949
3037
3094
3188
3263
3325
3350
3461
3463
3525
3527
3534
3539
3556
3576
3582
3584
3596
3607
3742
3782
3814
3881
4013
4079
4153
4231
4269
4326
4396
4469
4479
4480
4528
4634
4677
4894
4955
5036
5082
5249
5277
5292
5438
5470
5529
5559
5560
5581
5667
5668
5680
5778
5836
5848
5858
5862
5897
5914
5928
6028
6037
6039
6044
6093
6117
6276
6381
6389
6427
6493
6531
6587
6612
6687
7036
7080
7223
7320
7426
7460
7478
7512
7553
7570
7588
7633
7641
7773
7777
7828
7856
7898
7915
7924
7964
8113
8141
8169
8341
8437
8449
8472
8485
8513
8533
8739
8792
8992
9040
9131
9180
9265
9312
9325
9405
9672
9909
9931
10080
10157
10159
10195
10721
11115
11151
11323
11533
12151
12189
12638
12665
12761
12994
13028
13432
13674
13733
13813
13836
14016
14619
14736
14794
15157
15298
15312
15737
15745
15893
15943
15960
16112
16971
17122
17251
17259
17425
18121
18240
18366
19035
19780
