0
2
4
7
8
9
12
15
16
17
23
26
27
29
31
36
38
39
41
42
51
54
56
57
60
63
65
67
68
69
70
71
72
74
76
77
78
82
87
88
89
93
98
99
101
102
108
109
110
116
119
121
123
124
125
126
128
129
130
131
133
135
136
137
146
148
149
151
152
155
157
158
162
168
170
174
175
178
179
181
182
183
185
186
187
193
195
199
200
201
204
205
206
207
212
215
216
217
219
221
222
226
228
229
230
237
239
240
242
244
247
256
258
262
266
268
271
277
278
281
282
284
287
290
292
295
296
298
301
303
304
305
307
327
334
336
339
340
344
351
353
356
359
362
363
366
369
370
371
372
373
376
379
384
386
387
388
389
391
393
394
401
402
403
409
410
415
417
418
421
423
424
425
426
427
428
431
432
436
437
438
439
441
442
445
446
449
450
453
454
456
457
458
459
460
463
468
470
471
472
473
479
480
481
482
483
494
495
497
501
508
509
510
511
512
513
514
521
533
535
538
539
540
542
543
549
550
551
552
553
554
555
556
567
568
570
573
576
579
581
583
585
589
590
592
593
594
595
596
600
601
604
607
609
611
612
613
617
620
622
624
625
628
632
635
636
638
639
641
642
645
648
651
652
653
658
660
662
663
665
666
670
672
673
680
684
685
688
692
693
694
695
697
701
709
713
717
718
720
721
724
725
727
729
734
735
736
737
739
740
741
743
744
751
754
755
756
757
759
760
762
768
772
778
782
783
787
788
794
795
796
797
798
799
801
803
804
805
806
809
811
817
818
823
824
825
830
832
836
841
847
848
849
852
857
858
859
863
864
867
868
869
870
872
874
875
881
882
884
886
887
888
889
891
892
895
897
898
900
901
902
904
906
912
913
918
919
920
933
934
935
938
943
944
945
946
947
949
950
955
956
957
958
961
967
969
972
973
977
978
982
984
986
987
992
1004
1005
1006
1013
1016
1020
1023
1024
1025
1027
1029
1030
1031
1034
1040
1041
1043
1044
1045
1050
1055
1056
1060
1062
1064
1065
1074
1089
1090
1094
1098
1099
1101
1104
1106
1109
1113
1123
1124
1129
1132
1133
1134
1137
1139
1143
1147
1153
1158
1159
1161
1162
1163
1165
1166
1167
1168
1172
1179
1180
1181
1189
1200
1215
1218
1219
1220
1227
1232
1235
1242
1245
1249
1251
1256
1258
1264
1265
1267
1269
1271
1275
1279
1280
1283
1286
1287
1290
1291
1297
1302
1307
1312
1314
1322
1323
1324
1325
1327
1331
1343
1344
1347
1348
1350
1354
1358
1362
1365
1372
1373
1375
1378
1380
1387
1398
1399
1400
1407
1409
1410
1418
1419
1426
1427
1429
1435
1443
1446
1447
1448
1455
1456
1459
1463
1464
1471
1473
1475
1479
1481
1487
1495
1497
1498
1503
1504
1510
1516
1521
1526
1528
1532
1541
1543
1544
1552
1560
1561
1564
1567
1572
1576
1579
1580
1581
1583
1585
1589
1590
1596
1600
1606
1610
1611
1620
1622
1623
1628
1633
1635
1637
1638
1640
1641
1643
1644
1647
1651
1655
1659
1663
1669
1670
1677
1678
1679
1683
1688
1690
1693
1695
1704
1706
1710
1712
1723
1726
1731
1736
1739
1742
1744
1746
1748
1750
1756
1758
1759
1760
1761
1763
1768
1769
1772
1773
1774
1788
1789
1791
1792
1795
1798
1805
1809
1811
1815
1819
1820
1826
1835
1836
1840
1850
1852
1853
1857
1867
1874
1877
1884
1887
1894
1895
1901
1902
1905
1913
1915
1917
1918
1920
1923
1925
1927
1929
1931
1937
1941
1943
1947
1948
1949
1950
1951
1956
1957
1960
1969
1971
1974
1979
1980
1982
1986
1994
1995
1999
2008
2009
2016
2019
2022
2027
2030
2032
2033
2034
2037
2041
2042
2047
2050
2052
2057
2064
2068
2070
2076
2077
2079
2081
2082
2088
2089
2092
2098
2101
2104
2109
2124
2128
2132
2141
2149
2150
2151
2152
2154
2157
2159
2167
2177
2183
2189
2192
2194
2197
2199
2202
2205
2209
2212
2215
2229
2237
2240
2246
2251
2253
2254
2255
2257
2259
2260
2265
2266
2268
2276
2281
2290
2292
2294
2296
2301
2311
2322
2323
2328
2330
2331
2334
2341
2344
2348
2354
2355
2359
2364
2365
2368
2369
2370
2371
2372
2377
2385
2386
2387
2388
2394
2396
2398
2408
2418
2422
2424
2430
2432
2434
2436
2438
2440
2446
2450
2460
2462
2463
2464
2468
2477
2489
2491
2493
2494
2495
2508
2509
2517
2518
2521
2524
2528
2529
2532
2537
2539
2543
2544
2546
2547
2549
2551
2552
2554
2556
2558
2559
2560
2561
2574
2581
2582
2583
2585
2587
2591
2592
2594
2595
2600
2601
2602
2603
2604
2605
2606
2608
2613
2615
2619
2621
2622
2623
2624
2625
2626
2627
2628
2634
2639
2644
2645
2646
2648
2649
2651
2652
2653
2656
2657
2660
2661
2662
2663
2664
2666
2667
2669
2671
2675
2676
2678
2679
2682
2683
2689
2690
2693
2694
2696
2698
2708
2711
2713
2714
2717
2718
2720
2722
2723
2724
2725
2727
2728
2729
2731
2732
2734
2735
2737
2738
2743
2744
2747
2748
2749
2750
2753
2754
2755
2756
2757
2758
2760
2763
2766
2769
2770
2771
2773
2774
2775
2777
2779
2780
2781
2782
2783
2784
2786
2787
2792
2795
2796
2797
2801
2807
2810
2811
2813
2816
2818
2819
2822
2824
2826
2827
2830
2832
2833
2835
2837
2840
2845
2847
2853
2855
2856
2857
2860
2864
2865
2868
2869
2873
2874
2875
2876
2877
2878
2879
2882
2885
2890
2897
2898
2899
2905
2910
2914
2915
2916
2918
2920
2933
2939
2940
2941
2945
2946
2947
2950
2953
2954
2958
2960
2961
2962
2963
2964
2965
2970
2971
2974
2977
2978
2983
2984
2988
2989
2992
2993
2994
2995
2997
2999
3003
3004
3007
3008
3009
3010
3011
3013
3022
3029
3030
3033
3034
3035
3037
3040
3046
3049
3051
3053
3057
3058
3059
3060
3061
3065
3067
3069
3075
3076
3078
3084
3086
3089
3090
3092
3094
3095
3097
3099
3100
3101
3110
3111
3115
3116
3121
3123
3126
3132
3133
3134
3135
3139
3142
3143
3144
3145
3146
3150
3151
3153
3154
3156
3157
3158
3160
3165
3166
3167
3170
3174
3183
3184
3185
3190
3191
3192
3197
3198
3202
3204
3206
3207
3209
3212
3214
3216
3217
3222
3223
3225
3227
3228
3235
3237
3242
3248
3253
3254
3256
3257
3258
3262
3264
3265
3270
3271
3274
3275
3276
3277
3281
3284
3285
3287
3289
3291
3292
3293
3296
3301
3305
3311
3312
3313
3314
3315
3318
3319
3321
3322
3324
3325
3331
3334
3340
3341
3344
3346
3348
3349
3356
3358
3360
3361
3363
3368
3369
3370
3371
3372
3375
3376
3379
3380
3382
3384
3385
3386
3389
3390
3391
3395
3396
3398
3401
3404
3408
3410
3413
3416
3418
3423
3426
3428
3434
3435
3436
3440
3442
3443
3452
3453
3454
3456
3457
3458
3459
3460
3461
3462
3463
3465
3466
3467
3468
3470
3473
3475
3476
3477
3478
3479
3480
3481
3482
3483
3487
3489
3493
3494
3498
3504
3509
3511
3512
3514
3515
3516
3517
3523
3525
3526
3527
3529
3532
3533
3534
3536
3545
3552
3553
3554
3560
3563
3564
3565
3568
3569
3571
3572
3573
3574
3578
3579
3580
3581
3582
3583
3584
3589
3591
3593
3595
3596
3597
3599
3601
3604
3606
3607
3608
3609
3612
3614
3616
3620
3623
3624
3628
3632
3633
3635
3638
3640
3641
3642
3646
3647
3651
3652
3656
3658
3660
3662
3663
3666
3667
3668
3672
3679
3680
3681
3682
3683
3688
3689
3690
3691
3694
3695
3696
3698
3699
3700
3702
3703
3704
3705
3706
3708
3709
3711
3715
3716
3717
3718
3720
3722
3723
3729
3734
3737
3740
3741
3742
3743
3745
3746
3747
3751
3752
3753
3755
3756
3757
3758
3759
3764
3766
3767
3769
3770
3771
3772
3779
3780
3782
3786
3791
3802
3803
3810
3811
3815
3819
3820
3821
3822
3823
3825
3831
3832
3835
3836
3841
3842
3843
3847
3848
3854
3856
3860
3864
3865
3866
3867
3868
3869
3870
3874
3880
3881
3882
3897
3898
3899
3900
3901
3902
3905
3906
3907
3912
3916
3921
3924
3925
3935
3936
3937
3952
3953
3954
3955
3961
3963
3965
3967
3968
3982
3984
3988
3999
4000
4006
4008
4010
4012
4017
4023
4024
4033
4034
4035
4036
4048
4049
4054
4055
4061
4064
4071
4073
4074
4076
4077
4080
4082
4084
4089
4095
4096
4107
4108
4111
4112
4117
4118
4122
4129
4131
4134
4139
4140
4141
4142
4143
4145
4146
4147
4148
4156
4157
4159
4160
4161
4164
4169
4172
4176
4178
4179
4180
4183
4184
4189
4191
4192
4194
4195
4200
4203
4206
4215
4217
4220
4222
4226
4228
4231
4232
4244
4250
4253
4255
4257
4264
4266
4267
4270
4271
4273
4283
4285
4293
4294
4312
4313
4316
4321
4323
4324
4325
4330
4334
4336
4340
4347
4350
4352
4353
4356
4359
4364
4365
4368
4370
4371
4374
4380
4381
4382
4383
4388
4389
4391
4393
4399
4405
4408
4410
4412
4419
4420
4430
4438
4441
4443
4444
4455
4457
4458
4467
4470
4474
4478
4479
4482
4485
4487
4489
4491
4496
4498
4509
4514
4517
4543
4545
4546
4550
4555
4567
4569
4575
4576
4593
4594
4595
4596
4597
4601
4603
4607
4611
4614
4615
4619
4622
4623
4625
4626
4634
4641
4646
4652
4660
4674
4675
4679
4685
4688
4689
4703
4709
4717
4720
4723
4726
4727
4742
4744
4745
4748
4754
4760
4766
4768
4769
4776
4779
4780
4781
4787
4788
4798
4801
4803
4804
4805
4811
4812
4813
4814
4815
4816
4831
4835
4838
4841
4843
4846
4847
4849
4850
4853
4857
4859
4869
4871
4872
4874
4876
4878
4881
4882
4886
4887
4889
4890
4898
4900
4906
4909
4912
4915
4917
4920
4927
4928
4931
4932
4935
4937
4940
4944
4951
4967
4972
4973
4979
4980
4981
4984
4987
4994
4996
5007
5011
5012
5014
5015
5016
5024
5029
5030
5036
5038
5040
5041
5043
5044
5046
5048
5060
5065
5069
5074
5075
5078
5083
5084
5102
5105
5106
5111
5114
5120
5121
5126
5130
5131
5133
5148
5149
5153
5158
5159
5160
5163
5164
5176
5188
5189
5190
5193
5220
5222
5223
5226
5227
5229
5230
5231
5233
5234
5236
5240
5247
5250
5252
5254
5258
5261
5268
5270
5272
5273
5280
5282
5285
5291
5293
5294
5295
5303
5309
5316
5319
5321
5323
5325
5326
5328
5330
5331
5333
5336
5352
5356
5359
5361
5365
5369
5376
5377
5379
5382
5390
5394
5399
5408
5409
5413
5417
5421
5428
5431
5432
5436
5447
5458
5463
5466
5470
5471
5472
5476
5478
5482
5485
5489
5491
5493
5494
5496
5497
5499
5502
5508
5511
5513
5519
5520
5521
5526
5528
5532
5547
5549
5550
5552
5553
5554
5560
5566
5571
5583
5588
5592
5593
5596
5603
5610
5611
5618
5621
5627
5633
5634
5639
5640
5645
5649
5655
5658
5662
5674
5675
5678
5688
5691
5692
5697
5700
5704
5706
5708
5712
5719
5721
5727
5731
5734
5738
5744
5745
5747
5750
5751
5760
5764
5768
5773
5774
5789
5790
5791
5792
5797
5799
5811
5813
5815
5825
5827
5833
5834
5836
5840
5850
5868
5880
5883
5884
5888
5889
5895
5896
5903
5911
5928
5930
5931
5934
5937
5943
5950
5954
5958
5960
5961
5962
5968
5972
5973
5979
5989
5992
6000
6006
6007
6009
6011
6015
6016
6017
6026
6037
6038
6039
6043
6048
6056
6066
6080
6081
6082
6089
6091
6093
6094
6098
6102
6120
6127
6140
6142
6143
6150
6157
6161
6162
6172
6181
6182
6183
6185
6186
6205
6211
6218
6220
6221
6223
6225
6242
6246
6254
6256
6267
6268
6272
6291
6294
6295
6297
6303
6308
6314
6329
6331
6332
6342
6352
6353
6358
6361
6363
6365
6371
6377
6389
6391
6392
6393
6397
6398
6410
6420
6421
6435
6444
6447
6458
6460
6461
6465
6466
6468
6479
6485
6493
6513
6523
6536
6537
6540
6542
6543
6548
6549
6553
6555
6556
6567
6574
6580
6581
6583
6584
6588
6589
6594
6597
6602
6604
6612
6621
6624
6626
6627
6629
6645
6652
6660
6676
6680
6684
6689
6690
6696
6698
6704
6705
6713
6718
6719
6720
6731
6734
6744
6747
6757
6773
6779
6784
6791
6792
6793
6796
6799
6800
6801
6805
6808
6811
6812
6813
6817
6818
6836
6839
6859
6865
6871
6880
6885
6913
6915
6918
6924
6927
6938
6944
6945
6960
6962
6965
6970
6977
6989
6998
7005
7012
7024
7030
7037
7038
7040
7047
7048
7049
7072
7074
7079
7080
7083
7085
7089
7093
7095
7116
7117
7125
7126
7127
7130
7131
7142
7148
7157
7158
7161
7166
7169
7176
7185
7188
7198
7199
7201
7203
7205
7209
7211
7223
7224
7231
7232
7233
7234
7237
7248
7253
7258
7273
7289
7291
7293
7298
7299
7301
7302
7306
7317
7318
7322
7323
7337
7340
7360
7362
7371
7375
7376
7379
7384
7402
7403
7406
7409
7418
7424
7439
7440
7444
7451
7457
7459
7461
7462
7463
7466
7470
7472
7473
7477
7480
7483
7486
7488
7490
7491
7498
7506
7507
7528
7531
7532
7533
7550
7558
7562
7564
7566
7571
7572
7576
7578
7579
7582
7592
7593
7594
7598
7610
7614
7618
7620
7621
7627
7629
7634
7635
7636
7637
7639
7641
7649
7654
7657
7661
7664
7666
7673
7674
7676
7680
7686
7695
7696
7700
7702
7704
7705
7706
7707
7710
7712
7713
7716
7718
7722
7724
7728
7730
7734
7739
7740
7745
7746
7749
7752
7756
7759
7760
7766
7769
7778
7779
7782
7787
7793
7794
7799
7804
7811
7818
7819
7820
7826
7830
7832
7835
7836
7837
7839
7841
7843
7845
7849
7853
7856
7858
7863
7868
7869
7870
7872
7873
7877
7878
7879
7887
7891
7892
7896
7898
7899
7900
7906
7907
7908
7909
7912
7916
7925
7932
7940
7944
7946
7948
7950
7952
7955
7956
7960
7961
7969
7972
7976
7980
7985
7993
8000
8002
8003
8005
8007
8012
8015
8033
8034
8035
8038
8039
8040
8047
8051
8052
8053
8054
8056
8057
8058
8060
8062
8063
8064
8067
8069
8070
8072
8073
8074
8077
8078
8080
8081
8083
8084
8087
8092
8093
8099
8100
8102
8113
8115
8116
8117
8118
8125
8126
8129
8135
8137
8143
8145
8146
8154
8157
8159
8161
8164
8168
8170
8174
8183
8192
8194
8198
8199
8206
8211
8215
8218
8222
8223
8229
8237
8239
8242
8245
8275
8276
8278
8279
8281
8283
8289
8302
8306
8307
8310
8312
8314
8317
8319
8350
8352
8354
8358
8359
8366
8367
8368
8369
8370
8371
8377
8379
8386
8390
8393
8394
8395
8397
8400
8401
8403
8405
8410
8412
8413
8417
8421
8429
8443
8448
8450
8451
8452
8455
8458
8466
8467
8468
8471
8472
8485
8491
8492
8493
8494
8497
8498
8499
8501
8508
8511
8513
8516
8518
8522
8528
8529
8532
8545
8550
8561
8564
8569
8571
8574
8576
8582
8583
8584
8598
8599
8603
8605
8606
8608
8611
8613
8615
8640
8652
8657
8667
8670
8679
8682
8687
8690
8702
8705
8711
8714
8733
8736
8737
8748
8769
8773
8783
8785
8786
8787
8789
8790
8796
8806
8808
8811
8814
8818
8824
8826
8827
8828
8834
8840
8841
8848
8856
8857
8858
8864
8865
8869
8871
8873
8876
8877
8884
8885
8905
8909
8917
8920
8921
8922
8923
8928
8930
8938
8945
8947
8951
8955
8961
8972
8973
8978
8980
8981
8988
8989
9002
9003
9008
9011
9012
9015
9018
9019
9021
9025
9031
9035
9039
9045
9049
9054
9056
9060
9061
9066
9069
9072
9076
9077
9079
9080
9081
9089
9104
9108
9109
9112
9120
9124
9125
9127
9128
9129
9137
9139
9143
9151
9154
9157
9158
9170
9172
9178
9188
9190
9191
9194
9196
9197
9199
9202
9207
9208
9225
9231
9233
9236
9240
9241
9246
9249
9253
9255
9257
9259
9272
9275
9282
9286
9298
9310
9312
9316
9317
9325
9326
9334
9335
9337
9338
9340
9348
9350
9352
9353
9374
9385
9399
9401
9417
9418
9423
9429
9442
9443
9447
9448
9450
9459
9461
9471
9473
9476
9477
9478
9479
9481
9487
9491
9496
9500
9501
9507
9510
9517
9519
9521
9526
9527
9529
9531
9541
9545
9548
9549
9552
9553
9558
9559
9567
9568
9570
9571
9572
9573
9574
9575
9576
9578
9579
9581
9585
9590
9597
9600
9606
9610
9616
9618
9625
9626
9627
9637
9645
9652
9656
9660
9662
9663
9665
9666
9667
9670
9672
9674
9679
9683
9685
9686
9694
9695
9699
9702
9703
9712
9713
9714
9715
9721
9730
9735
9748
9751
9757
9759
9766
9779
9794
9798
9804
9805
9808
9809
9810
9812
9815
9816
9817
9820
9824
9829
9832
9833
9834
9836
9839
9840
9844
9857
9861
9868
9870
9884
9888
9899
9900
9907
9922
9934
9940
9949
9953
9960
9970
9973
9980
9987
9988
9993
9994
9995
10010
10017
10023
10032
10033
10040
10044
10048
10052
10063
10068
10073
10074
10079
10085
10088
10091
10094
10118
10124
10131
10139
10144
10147
10151
10173
10180
10181
10188
10189
10190
10191
10195
10202
10204
10205
10208
10210
10227
10241
10242
10243
10244
10252
10257
10264
10270
10274
10276
10287
10293
10301
10307
10311
10316
10320
10326
10333
10337
10339
10342
10344
10345
10346
10349
10353
10354
10363
10382
10389
10390
10392
10398
10400
10413
10420
10428
10431
10443
10447
10468
10469
10470
10473
10483
10485
10491
10494
10495
10501
10503
10509
10514
10518
10523
10533
10537
10546
10548
10550
10561
10562
10567
10571
10575
10576
10588
10591
10593
10605
10607
10613
10615
10625
10627
10628
10630
10631
10639
10640
10641
10644
10649
10652
10654
10655
10658
10673
10675
10681
10682
10686
10688
10691
10693
10695
10698
10701
10710
10716
10724
10727
10730
10731
10734
10735
10737
10742
10754
10761
10764
10771
10773
10775
10780
10781
10784
10785
10786
10788
10792
10793
10798
10801
10808
10815
10823
10824
10827
10828
10829
10836
10838
10847
10853
10855
10856
10857
10860
10864
10868
10869
10873
10889
10892
10897
10898
10901
10909
10912
10914
10916
10917
10920
10940
10945
10947
10951
10958
10964
10965
10966
10969
10995
11014
11015
11017
11022
11025
11029
11035
11036
11041
11050
11061
11065
11066
11067
11086
11101
11102
11103
11111
11116
11120
11125
11126
11127
11134
11141
11143
11148
11153
11154
11182
11194
11208
11248
11249
11251
11256
11257
11267
11281
11284
11287
11299
11306
11307
11322
11331
11338
11339
11351
11371
11376
11377
11398
11399
11401
11409
11410
11418
11425
11426
11428
11430
11432
11450
11455
11469
11490
11494
11496
11497
11500
11502
11507
11508
11509
11512
11529
11540
11543
11549
11553
11558
11561
11565
11572
11573
11574
11587
11589
11601
11605
11610
11612
11621
11630
11632
11636
11678
11679
11690
11700
11704
11706
11730
11734
11742
11798
11799
11808
11837
11842
11851
11890
11906
11908
11911
11914
11923
11939
11951
11963
11994
12008
12048
12060
12069
12079
12084
12115
12118
12147
12153
12154
12161
12162
12164
12165
12170
12177
12181
12194
12196
12199
12209
12214
12219
12229
12231
12236
12241
12242
12243
12246
12247
12253
12254
12260
12271
12290
12291
12314
12316
12322
12332
12341
12344
12355
12356
12376
12384
12385
12390
12399
12413
12449
12490
12514
12517
12531
12538
12541
12542
12548
12578
12579
12585
12586
12591
12593
12600
12621
12624
12641
12649
12651
12653
12679
12702
12707
12727
12728
12730
12733
12736
12737
12748
12753
12806
12810
12817
12820
12839
12840
12843
12850
12855
12870
12873
12877
12894
12898
12910
12921
12954
12965
12977
12982
12986
12987
12992
12996
12998
12999
13001
13024
13026
13028
13057
13066
13074
13104
13108
13117
13119
13125
13129
13141
13143
13153
13158
13193
13227
13233
13239
13242
13265
13293
13308
13326
13331
13339
13351
13368
13390
13402
13431
13434
13450
13453
13455
13493
13500
13503
13512
13525
13527
13538
13545
13562
13564
13572
13576
13577
13578
13590
13596
13599
13600
13611
13612
13630
13658
13668
13701
13703
13706
13713
13717
13725
13741
13742
13783
13791
13796
13803
13821
13832
13850
13879
13891
13892
13897
13938
13941
13943
13984
14023
14079
14117
14138
14148
14151
14159
14182
14186
14203
14245
14260
14272
14281
14282
14284
14304
14315
14332
14337
14354
14396
14410
14413
14474
14483
14484
14494
14499
14501
14503
14522
14526
14527
14533
14538
14539
14541
14543
14566
14573
14581
14582
14587
14594
14596
14600
14610
14652
14664
14665
14671
14700
14705
14714
14717
14726
14727
14765
14766
14768
14776
14780
14803
14841
14854
14868
14872
14878
14883
14884
14893
14915
14916
14933
14942
14968
14973
14977
14983
14990
15000
15031
15045
15047
15051
15067
15082
15085
15124
15140
15141
15172
15187
15216
15218
15219
15239
15243
15262
15271
15276
15295
15303
15321
15322
15323
15329
15351
15369
15371
15377
15403
15415
15424
15427
15428
15443
15455
15462
15492
15530
15539
15558
15580
15610
15627
15657
15741
15742
15765
15777
15865
15885
15901
15903
15906
15913
15914
15915
15916
15917
15918
15919
15920
15921
15922
15939
15954
15966
16008
16012
16057
16115
16117
16118
16141
16147
16151
16185
16257
16259
16264
16333
16356
16386
16395
16410
16434
16446
16450
16482
16496
16504
16539
16562
16583
16590
16605
16612
16630
16633
16636
16733
16743
16795
16828
16840
16841
16842
16843
16844
16845
16846
16847
16848
16849
16850
16851
16852
16853
16854
16855
16856
16857
16858
16859
16860
16861
16862
16863
16864
16865
16866
16867
16868
16869
16870
16871
16872
16873
16874
16875
16876
16877
16878
16879
16880
16881
16882
16883
16884
16885
16886
16887
16888
16889
16890
16891
16892
16893
16894
16895
16896
16897
16898
16899
16900
16901
16902
16903
16904
16905
16906
16907
16908
16909
16910
16911
16912
16913
16914
16915
16916
16917
16918
16919
16920
16921
16922
16923
16924
16925
16926
16927
16928
16929
16930
16931
16932
16933
16934
16935
16936
16937
16938
16939
16940
16941
16942
16943
16944
16945
16946
16947
16948
16949
16950
16951
16952
16953
16954
16955
16956
16957
16958
16959
16960
16961
16962
16963
16964
16965
16966
16967
16968
16969
16970
16971
16972
16973
16974
16975
16976
16977
16978
16979
16980
16981
16982
16983
16984
16985
16986
16987
16988
16989
16990
16991
16992
16993
16994
16995
16996
16997
16998
16999
17000
17001
17002
17003
17004
17005
17006
17007
17008
17009
17010
17011
17012
17013
17014
17015
17016
17017
17018
17019
17020
17021
17022
17023
17024
17025
17026
17027
17028
17029
17030
17031
17032
17033
17034
17035
17036
17037
17038
17039
17040
17041
17042
17043
17044
17045
17046
17047
17048
17049
17050
17051
17052
17053
17054
17055
17056
17057
17058
17059
17060
17061
17062
17063
17064
17065
17066
17067
17068
17069
17070
17071
17072
17073
17074
17075
17076
17077
17078
17079
17080
17081
17082
17083
17084
17085
17144
17256
17257
17267
17272
17275
17276
17278
17282
17285
17286
17300
17306
17307
17321
17454
17472
17787
17820
17858
18013
18156
18410
18482
18526
18563
18592
