0
3
4
8
10
23
24
28
29
35
39
48
54
55
58
59
60
61
68
71
72
78
88
90
91
98
99
103
107
108
130
131
134
137
141
146
148
149
159
170
172
181
188
200
201
203
204
206
207
212
213
217
218
229
247
257
258
270
274
279
287
288
289
297
309
310
313
322
333
344
349
356
357
359
363
366
371
377
378
383
395
403
417
424
426
427
428
431
433
438
439
441
442
450
454
463
464
473
474
476
477
481
482
492
506
513
522
527
530
535
543
550
551
553
565
566
567
587
590
601
616
619
631
632
634
651
652
658
664
672
673
681
684
689
692
695
719
728
734
735
736
737
739
743
746
750
753
765
768
770
773
777
782
787
795
796
798
800
805
806
836
841
850
857
874
878
884
896
903
904
911
918
919
921
926
927
940
943
946
956
963
973
978
980
996
997
999
1002
1003
1013
1029
1030
1036
1041
1056
1062
1063
1069
1077
1078
1079
1084
1092
1097
1098
1103
1104
1135
1145
1150
1161
1167
1172
1190
1191
1209
1210
1213
1214
1215
1227
1229
1231
1233
1236
1250
1251
1255
1258
1281
1306
1312
1318
1323
1331
1334
1348
1353
1354
1373
1399
1402
1404
1425
1427
1431
1447
1463
1465
1469
1474
1479
1483
1485
1490
1492
1502
1503
1507
1508
1541
1545
1562
1580
1581
1584
1585
1589
1596
1610
1628
1644
1655
1670
1683
1695
1712
1719
1722
1746
1748
1761
1762
1772
1773
1774
1780
1792
1795
1797
1809
1811
1852
1853
1856
1859
1867
1894
1909
1917
1918
1923
1925
1929
1942
1947
1950
1957
1962
1965
1969
1970
1989
2010
2016
2019
2021
2025
2027
2038
2041
2048
2052
2076
2088
2089
2092
2102
2125
2146
2157
2165
2168
2170
2190
2192
2197
2213
2219
2229
2232
2238
2240
2261
2307
2317
2341
2364
2368
2381
2393
2399
2402
2403
2407
2430
2432
2450
2452
2455
2457
2463
2500
2508
2511
2514
2521
2527
2536
2539
2551
2557
2578
2582
2584
2588
2593
2602
2617
2622
2629
2644
2647
2657
2658
2660
2662
2670
2671
2675
2678
2682
2684
2688
2692
2698
2717
2722
2724
2727
2729
2732
2746
2747
2752
2759
2766
2792
2793
2798
2807
2809
2813
2817
2826
2832
2840
2843
2848
2853
2856
2868
2879
2885
2902
2910
2912
2935
2947
2954
2956
2962
2965
2971
2976
2978
2984
2985
2994
3007
3012
3029
3061
3084
3095
3099
3100
3106
3109
3119
3126
3127
3139
3153
3155
3156
3157
3160
3161
3165
3170
3171
3177
3201
3214
3216
3227
3232
3234
3239
3242
3250
3258
3261
3269
3270
3275
3276
3291
3296
3314
3315
3323
3325
3327
3328
3331
3334
3343
3346
3357
3361
3367
3370
3371
3378
3384
3385
3402
3405
3410
3415
3423
3424
3435
3437
3439
3447
3455
3459
3461
3462
3465
3466
3467
3473
3476
3478
3482
3484
3487
3489
3495
3497
3506
3510
3520
3521
3530
3553
3559
3562
3564
3565
3567
3568
3573
3576
3578
3579
3580
3581
3582
3595
3598
3600
3601
3604
3606
3610
3621
3632
3633
3651
3658
3667
3679
3687
3695
3703
3704
3706
3715
3718
3719
3722
3727
3738
3749
3764
3766
3776
3777
3780
3785
3790
3808
3812
3821
3826
3829
3840
3850
3851
3864
3867
3868
3870
3873
3879
3897
3898
3911
3923
3930
3937
3938
3946
3947
3954
3959
3960
3961
3967
3968
3969
3972
3985
3987
4000
4005
4012
4033
4065
4070
4083
4101
4112
4122
4136
4153
4165
4178
4182
4188
4206
4212
4216
4217
4238
4239
4240
4249
4253
4255
4256
4264
4269
4276
4298
4303
4311
4316
4322
4323
4337
4353
4358
4359
4368
4381
4384
4390
4420
4421
4426
4451
4455
4470
4480
4487
4490
4491
4492
4496
4506
4516
4519
4522
4523
4525
4542
4546
4555
4561
4587
4594
4597
4600
4605
4613
4614
4618
4625
4634
4638
4652
4663
4679
4686
4694
4696
4698
4708
4710
4712
4714
4724
4757
4763
4792
4802
4812
4817
4828
4835
4840
4845
4851
4869
4873
4881
4907
4914
4920
4925
4927
4955
4963
4967
4979
4993
4997
5006
5010
5034
5052
5064
5092
5097
5102
5103
5114
5116
5120
5142
5144
5152
5160
5176
5193
5195
5264
5310
5325
5331
5334
5335
5345
5348
5356
5368
5369
5382
5388
5403
5423
5430
5432
5440
5442
5471
5477
5479
5482
5487
5497
5500
5504
5505
5508
5514
5516
5517
5519
5530
5534
5536
5545
5549
5551
5560
5566
5567
5581
5591
5592
5630
5638
5652
5656
5662
5686
5702
5706
5709
5710
5722
5726
5729
5730
5734
5742
5747
5749
5755
5760
5763
5773
5774
5778
5793
5794
5803
5805
5817
5827
5851
5858
5866
5867
5869
5897
5920
5922
5951
5966
5987
5999
6018
6028
6031
6037
6038
6039
6040
6058
6063
6087
6092
6093
6104
6114
6117
6121
6122
6142
6143
6146
6153
6158
6162
6166
6208
6232
6235
6241
6248
6255
6262
6299
6334
6337
6341
6350
6366
6373
6383
6388
6416
6418
6424
6430
6432
6450
6461
6462
6479
6511
6531
6550
6574
6580
6587
6600
6615
6626
6655
6665
6669
6687
6700
6705
6762
6768
6772
6779
6800
6801
6811
6812
6814
6815
6871
6879
6886
6891
6894
6897
6900
6906
6907
6915
6925
6934
6935
6956
6964
6990
6991
6993
7029
7037
7042
7046
7055
7068
7073
7075
7109
7111
7135
7140
7155
7169
7175
7183
7203
7208
7209
7239
7248
7303
7319
7323
7340
7349
7357
7362
7365
7366
7379
7382
7402
7409
7413
7428
7439
7458
7473
7477
7492
7509
7517
7547
7557
7562
7570
7572
7573
7580
7586
7588
7599
7618
7634
7641
7643
7649
7654
7657
7661
7671
7676
7682
7694
7703
7704
7707
7736
7756
7770
7794
7797
7806
7812
7834
7854
7858
7861
7896
7901
7903
7904
7915
7917
7923
7925
7931
7935
7940
7944
7956
7964
7971
7980
7984
7989
7993
8008
8041
8047
8049
8051
8056
8064
8074
8077
8081
8084
8102
8143
8150
8161
8170
8175
8188
8209
8227
8228
8236
8239
8249
8252
8268
8325
8326
8330
8335
8343
8345
8354
8373
8418
8444
8455
8471
8472
8532
8533
8535
8562
8568
8572
8579
8583
8594
8610
8614
8635
8648
8655
8667
8677
8684
8716
8733
8736
8737
8764
8773
8791
8792
8797
8818
8827
8830
8834
8837
8863
8864
8865
8873
8894
8906
8914
8917
8942
8944
8970
8971
8973
9008
9018
9044
9047
9052
9062
9066
9085
9096
9101
9102
9109
9110
9115
9123
9143
9144
9149
9178
9195
9212
9217
9228
9245
9252
9265
9268
9315
9326
9330
9352
9383
9390
9393
9412
9418
9430
9468
9476
9488
9490
9510
9519
9521
9535
9553
9565
9571
9615
9629
9636
9642
9666
9672
9677
9684
9690
9693
9718
9738
9740
9751
9776
9802
9835
9839
9847
9849
9860
9909
9944
9953
9955
10022
10032
10063
10181
10184
10188
10189
10203
10233
10268
10307
10344
10367
10399
10404
10434
10450
10494
10505
10558
10565
10675
10686
10699
10715
10728
10745
10761
10771
10782
10784
10786
10792
10809
10813
10814
10836
10873
10941
10979
10994
11044
11090
11094
11127
11141
11145
11157
11171
11181
11194
11195
11212
11317
11392
11404
11413
11418
11439
11454
11512
11558
11613
11618
11640
11642
11643
11682
11729
11797
11799
11833
11863
11890
11917
12080
12100
12112
12122
12123
12134
12138
12175
12213
12227
12230
12246
12297
12318
12353
12355
12359
12403
12419
12434
12470
12510
12523
12532
12539
12548
12550
12554
12559
12626
12645
12682
12687
12714
12870
12876
12879
12898
12908
12914
12992
12998
13001
13016
13085
13101
13106
13113
13143
13144
13150
13176
13202
13246
13264
13267
13281
13327
13334
13415
13419
13447
13455
13462
13485
13562
13584
13605
13654
13673
13687
13690
13701
13742
13811
13848
13858
13863
13889
13969
13978
14000
14029
14087
14105
14108
14114
14117
14121
14245
14337
14386
14427
14512
14535
14559
14614
14626
14658
14662
14664
14665
14712
14720
14741
14757
14773
14803
14945
14986
15051
15053
15089
15116
15117
15153
15180
15214
15229
15243
15275
15300
15330
15347
15382
15429
15468
15507
15557
15563
15591
15626
15714
15737
15754
15870
15912
15914
15925
16357
16372
16429
16454
16491
16506
16524
16567
16604
16733
16754
16771
17122
17153
17159
17196
17254
17255
17259
17283
17292
17323
17343
17384
17425
17497
17513
17614
17629
17668
17787
17821
17849
17934
17953
18062
18066
18069
18110
18112
18114
18115
18118
18119
18121
18125
18130
18136
18139
18140
18143
18162
18163
18173
18174
18176
18186
18205
18208
18215
18219
18220
18261
18263
18293
18302
18309
18312
18349
18365
18444
18460
18487
18534
18650
18660
18678
18702
18737
18743
19012
19023
19089
19175
19182
19229
19594
19644
19674
