0
1
3
6
7
8
9
10
12
15
16
17
18
20
21
22
23
24
26
27
28
29
30
31
36
39
40
41
42
47
48
50
51
52
54
55
57
58
59
60
61
62
63
64
65
67
68
69
70
71
72
74
75
76
77
78
79
82
83
84
85
86
87
88
89
90
91
92
93
94
95
97
98
99
101
103
106
107
108
109
110
111
112
113
115
116
118
119
120
121
122
123
124
125
126
127
128
130
131
136
137
138
140
141
142
143
146
147
148
149
152
153
154
155
157
159
162
163
165
166
167
168
170
171
172
177
179
180
181
182
183
186
188
191
194
195
198
200
201
202
203
204
205
206
207
208
209
210
211
212
213
215
216
217
219
222
224
226
227
228
229
230
236
237
239
240
242
243
244
246
247
248
253
255
258
259
260
261
262
263
264
268
270
271
273
278
279
280
281
282
283
285
287
288
289
290
295
296
297
298
299
300
302
303
304
305
306
307
308
310
311
312
313
315
317
320
321
322
323
326
331
334
336
339
344
346
347
348
349
350
351
352
354
355
356
358
360
363
366
369
370
371
373
374
376
378
379
380
387
388
389
390
393
394
398
399
403
407
408
409
410
411
412
417
418
419
420
421
423
424
425
426
427
428
431
432
433
436
437
438
439
440
441
442
445
446
448
450
451
454
457
460
463
464
466
469
470
471
473
474
475
477
479
480
481
482
483
488
491
492
494
497
499
500
501
503
504
505
513
514
516
522
523
524
530
532
533
534
536
538
539
540
541
542
543
544
550
551
552
553
554
555
558
559
561
567
569
571
573
574
576
581
582
585
587
588
589
590
591
592
594
596
597
598
599
601
604
605
607
609
610
612
613
615
616
617
618
622
625
626
628
631
632
633
634
635
636
637
639
644
645
646
650
651
652
656
658
662
663
664
665
668
670
671
672
673
674
675
680
681
683
684
685
686
687
689
690
693
696
700
701
702
703
704
705
706
708
709
710
718
719
720
721
722
724
727
728
730
731
734
735
736
737
738
739
741
743
744
746
749
750
751
752
753
754
755
757
758
759
760
763
765
768
769
770
772
774
775
777
778
779
780
781
782
783
788
789
790
792
795
796
798
804
805
806
807
808
810
811
813
815
819
822
824
825
826
829
830
832
833
834
835
837
838
839
842
843
844
845
846
848
849
850
851
853
854
855
856
857
858
859
860
862
863
864
865
867
868
869
870
871
872
873
875
878
879
880
883
884
885
888
889
890
891
892
894
895
897
898
908
909
911
912
913
917
918
919
920
921
927
928
929
931
936
938
943
944
947
951
954
955
963
965
968
969
971
973
976
978
981
982
983
984
988
992
996
998
1003
1008
1009
1015
1016
1018
1019
1020
1022
1024
1025
1029
1030
1033
1038
1041
1042
1043
1051
1052
1055
1056
1062
1063
1064
1066
1067
1069
1073
1074
1075
1076
1077
1082
1083
1084
1085
1086
1088
1091
1092
1095
1104
1105
1106
1108
1112
1113
1114
1117
1120
1122
1129
1133
1137
1138
1143
1144
1146
1149
1156
1158
1159
1161
1162
1167
1169
1171
1179
1180
1181
1184
1187
1190
1196
1199
1200
1201
1202
1209
1210
1212
1213
1218
1219
1220
1223
1227
1231
1234
1237
1238
1240
1242
1244
1245
1249
1250
1251
1254
1260
1265
1267
1268
1269
1271
1272
1275
1279
1280
1286
1293
1303
1305
1312
1314
1315
1321
1322
1323
1327
1328
1331
1332
1338
1339
1341
1348
1349
1350
1354
1358
1369
1374
1378
1387
1390
1399
1400
1402
1404
1406
1407
1410
1411
1415
1418
1419
1424
1427
1430
1435
1436
1443
1445
1446
1463
1464
1465
1469
1470
1471
1472
1473
1474
1479
1480
1485
1495
1498
1500
1508
1509
1513
1514
1516
1521
1526
1532
1543
1544
1548
1551
1552
1560
1563
1571
1572
1576
1577
1579
1580
1585
1587
1589
1590
1596
1598
1599
1600
1610
1616
1619
1622
1623
1625
1627
1628
1629
1636
1640
1641
1642
1644
1646
1647
1651
1655
1659
1661
1662
1667
1670
1673
1674
1677
1678
1679
1680
1683
1688
1706
1710
1713
1716
1723
1728
1729
1731
1732
1733
1736
1739
1742
1744
1746
1748
1749
1750
1757
1758
1760
1761
1762
1764
1769
1770
1771
1772
1774
1778
1782
1788
1789
1790
1792
1795
1798
1799
1802
1804
1805
1806
1808
1809
1810
1811
1819
1820
1822
1826
1832
1835
1836
1841
1850
1852
1853
1859
1864
1868
1870
1877
1880
1882
1886
1887
1894
1895
1900
1901
1902
1903
1909
1918
1920
1923
1925
1929
1932
1935
1937
1939
1944
1947
1950
1952
1953
1957
1959
1961
1969
1970
1971
1972
1977
1979
1982
1991
1996
1999
2003
2004
2009
2013
2015
2016
2019
2027
2028
2029
2030
2032
2033
2034
2036
2037
2041
2046
2049
2052
2053
2057
2059
2064
2068
2070
2073
2074
2076
2078
2083
2088
2090
2092
2096
2098
2101
2102
2103
2105
2109
2110
2124
2129
2130
2132
2134
2136
2138
2141
2149
2150
2154
2157
2162
2167
2168
2194
2197
2199
2208
2209
2219
2222
2223
2227
2229
2232
2238
2240
2242
2246
2248
2256
2268
2273
2282
2284
2288
2293
2296
2301
2303
2308
2315
2327
2333
2335
2337
2344
2354
2359
2364
2365
2366
2367
2369
2372
2378
2385
2386
2393
2394
2403
2407
2412
2417
2422
2429
2432
2434
2436
2443
2444
2446
2448
2450
2455
2456
2460
2463
2464
2473
2486
2487
2488
2489
2491
2492
2493
2494
2495
2498
2499
2502
2504
2507
2508
2511
2513
2516
2517
2518
2519
2520
2521
2523
2525
2526
2528
2529
2531
2535
2536
2538
2539
2541
2543
2546
2548
2549
2551
2552
2553
2556
2558
2559
2561
2563
2565
2566
2567
2568
2571
2572
2573
2574
2575
2576
2579
2581
2582
2583
2586
2587
2590
2592
2593
2594
2595
2604
2605
2608
2610
2611
2614
2615
2617
2619
2621
2622
2623
2624
2625
2627
2628
2633
2634
2640
2641
2643
2644
2645
2646
2647
2648
2649
2650
2651
2652
2653
2656
2659
2660
2661
2662
2663
2664
2666
2669
2671
2672
2673
2674
2676
2677
2678
2679
2680
2681
2682
2683
2685
2688
2690
2691
2692
2694
2702
2708
2709
2710
2711
2713
2714
2715
2717
2721
2722
2723
2725
2730
2732
2733
2737
2744
2745
2746
2747
2749
2750
2754
2755
2758
2759
2762
2763
2765
2766
2769
2771
2772
2774
2775
2778
2780
2781
2784
2786
2787
2788
2790
2792
2793
2802
2807
2808
2809
2810
2811
2813
2816
2817
2820
2821
2822
2824
2825
2826
2827
2828
2830
2832
2836
2838
2840
2845
2848
2850
2852
2853
2854
2857
2859
2863
2864
2865
2868
2871
2877
2878
2884
2885
2886
2893
2894
2895
2896
2897
2898
2899
2901
2902
2903
2906
2907
2912
2913
2915
2918
2919
2920
2924
2933
2936
2937
2941
2942
2943
2945
2948
2950
2951
2952
2953
2954
2955
2956
2960
2961
2962
2963
2965
2969
2970
2971
2973
2976
2977
2979
2981
2983
2987
2988
2989
2994
2997
2998
3000
3003
3007
3008
3010
3011
3013
3016
3029
3030
3033
3037
3040
3046
3049
3050
3053
3058
3059
3061
3064
3065
3069
3073
3076
3077
3083
3084
3086
3088
3091
3094
3095
3097
3098
3099
3100
3105
3107
3109
3115
3116
3117
3118
3121
3123
3124
3125
3126
3127
3130
3132
3133
3135
3140
3142
3144
3145
3150
3153
3156
3158
3160
3162
3164
3165
3169
3170
3171
3172
3174
3176
3179
3184
3185
3186
3188
3193
3196
3200
3205
3209
3210
3211
3214
3215
3217
3218
3227
3228
3230
3232
3233
3234
3237
3240
3242
3245
3248
3250
3254
3256
3257
3258
3261
3262
3263
3264
3265
3270
3271
3275
3277
3279
3281
3282
3287
3288
3289
3292
3293
3295
3296
3298
3299
3301
3306
3309
3311
3313
3315
3316
3319
3320
3322
3330
3331
3334
3336
3340
3343
3344
3346
3347
3348
3350
3354
3357
3359
3361
3362
3363
3367
3369
3370
3371
3372
3373
3376
3380
3383
3384
3385
3386
3401
3402
3404
3405
3407
3410
3412
3413
3415
3416
3423
3424
3426
3428
3429
3431
3432
3433
3434
3435
3439
3440
3441
3446
3450
3451
3452
3453
3454
3456
3457
3459
3460
3461
3462
3463
3465
3466
3467
3469
3470
3473
3474
3476
3477
3479
3480
3481
3483
3487
3489
3495
3504
3506
3507
3510
3512
3515
3517
3518
3519
3521
3522
3524
3525
3526
3527
3529
3532
3533
3534
3536
3539
3543
3544
3545
3546
3547
3549
3551
3552
3553
3556
3557
3559
3560
3565
3566
3567
3568
3571
3572
3573
3575
3576
3578
3579
3580
3581
3582
3583
3584
3589
3590
3591
3592
3593
3594
3595
3596
3597
3598
3599
3601
3602
3603
3604
3605
3606
3607
3608
3609
3610
3611
3612
3613
3614
3618
3619
3621
3622
3623
3624
3625
3626
3627
3628
3629
3630
3631
3632
3633
3634
3635
3639
3641
3642
3643
3644
3645
3646
3647
3648
3650
3651
3655
3658
3661
3662
3667
3668
3672
3679
3683
3685
3687
3688
3689
3690
3691
3692
3693
3697
3698
3699
3702
3703
3704
3705
3706
3707
3708
3709
3711
3712
3713
3714
3715
3716
3717
3718
3719
3720
3722
3729
3731
3734
3735
3737
3738
3740
3741
3742
3745
3746
3747
3749
3753
3756
3757
3758
3759
3760
3761
3762
3764
3766
3767
3769
3770
3771
3772
3776
3777
3778
3782
3783
3786
3789
3795
3796
3798
3799
3800
3801
3803
3806
3813
3817
3819
3820
3821
3822
3823
3826
3827
3829
3830
3831
3832
3833
3834
3836
3843
3845
3848
3852
3854
3860
3862
3863
3864
3865
3866
3867
3868
3869
3870
3874
3875
3880
3881
3882
3887
3897
3898
3899
3900
3901
3902
3910
3921
3922
3923
3924
3926
3927
3929
3930
3931
3932
3940
3943
3952
3953
3955
3956
3957
3958
3959
3961
3962
3963
3964
3965
3967
3968
3972
3983
3984
3993
3997
4000
4005
4008
4009
4010
4012
4013
4016
4017
4018
4020
4022
4023
4024
4027
4033
4034
4036
4039
4046
4048
4049
4053
4054
4055
4056
4059
4062
4065
4070
4071
4072
4073
4074
4077
4079
4082
4084
4085
4087
4089
4090
4095
4096
4098
4101
4103
4104
4105
4107
4108
4109
4111
4115
4116
4117
4118
4119
4120
4122
4125
4129
4131
4134
4137
4141
4142
4143
4147
4148
4153
4156
4157
4159
4168
4172
4173
4178
4179
4182
4184
4185
4186
4188
4189
4190
4191
4192
4194
4196
4197
4198
4200
4201
4205
4207
4215
4216
4220
4224
4225
4228
4229
4230
4237
4238
4240
4241
4242
4243
4249
4250
4251
4253
4256
4258
4264
4268
4269
4270
4271
4273
4274
4275
4276
4278
4280
4285
4293
4294
4295
4298
4300
4301
4302
4303
4308
4309
4310
4311
4313
4316
4319
4321
4322
4324
4328
4331
4332
4340
4343
4347
4349
4350
4351
4352
4353
4357
4358
4359
4362
4363
4364
4366
4370
4376
4379
4381
4382
4383
4384
4388
4389
4390
4391
4396
4398
4399
4405
4408
4412
4415
4422
4424
4428
4430
4434
4437
4441
4445
4451
4453
4454
4460
4462
4466
4467
4468
4469
4470
4473
4474
4475
4477
4478
4479
4480
4483
4486
4487
4491
4492
4494
4496
4497
4502
4506
4514
4518
4524
4528
4534
4539
4543
4545
4546
4548
4549
4555
4559
4560
4561
4562
4569
4572
4574
4575
4583
4587
4592
4593
4595
4596
4597
4601
4604
4615
4618
4625
4626
4632
4633
4634
4635
4637
4638
4639
4640
4642
4643
4644
4647
4649
4655
4657
4660
4673
4675
4677
4679
4684
4685
4690
4691
4692
4693
4694
4696
4699
4702
4704
4705
4706
4707
4708
4709
4712
4713
4717
4721
4726
4727
4734
4742
4747
4752
4755
4756
4758
4759
4763
4765
4766
4767
4769
4774
4776
4779
4780
4781
4787
4788
4790
4800
4801
4802
4803
4806
4809
4812
4813
4815
4816
4817
4825
4828
4830
4831
4833
4835
4837
4839
4840
4841
4843
4844
4846
4847
4851
4855
4857
4861
4864
4865
4866
4868
4869
4870
4871
4875
4876
4878
4879
4881
4883
4886
4887
4889
4894
4898
4900
4903
4909
4910
4911
4912
4913
4914
4915
4918
4919
4920
4926
4927
4928
4930
4931
4932
4940
4941
4943
4944
4945
4946
4953
4957
4961
4962
4967
4968
4969
4979
4981
4987
4988
4991
4993
4994
4996
4998
5001
5003
5007
5011
5013
5014
5030
5034
5035
5036
5040
5045
5048
5050
5051
5052
5056
5061
5063
5064
5065
5066
5067
5072
5075
5082
5084
5088
5097
5099
5102
5109
5110
5111
5112
5114
5116
5120
5125
5131
5134
5147
5151
5152
5153
5158
5160
5166
5167
5170
5175
5176
5179
5182
5184
5186
5188
5190
5193
5195
5199
5205
5230
5231
5233
5234
5241
5243
5247
5251
5252
5254
5258
5259
5261
5264
5266
5268
5272
5273
5282
5292
5298
5300
5304
5311
5317
5326
5330
5331
5335
5338
5342
5349
5352
5354
5356
5358
5360
5369
5373
5376
5378
5379
5382
5390
5393
5395
5396
5400
5401
5408
5413
5418
5425
5428
5429
5432
5433
5437
5438
5441
5442
5443
5449
5450
5454
5456
5459
5461
5464
5465
5466
5475
5476
5477
5479
5481
5482
5484
5488
5489
5491
5496
5497
5500
5503
5504
5505
5506
5508
5511
5513
5515
5519
5521
5524
5528
5531
5536
5540
5544
5545
5546
5549
5550
5551
5557
5560
5564
5566
5567
5572
5573
5583
5586
5589
5592
5594
5595
5596
5599
5604
5605
5606
5610
5611
5612
5616
5620
5625
5629
5630
5632
5634
5637
5642
5644
5645
5646
5651
5652
5653
5654
5658
5660
5661
5662
5664
5668
5671
5675
5676
5677
5679
5681
5686
5688
5697
5698
5699
5700
5706
5709
5710
5720
5723
5724
5725
5728
5730
5732
5734
5735
5736
5742
5743
5745
5746
5747
5749
5750
5755
5759
5760
5763
5767
5768
5771
5773
5778
5779
5784
5790
5791
5793
5798
5804
5810
5811
5817
5820
5827
5828
5833
5834
5836
5837
5840
5842
5850
5852
5855
5866
5867
5869
5872
5875
5876
5877
5880
5883
5884
5888
5897
5898
5902
5903
5912
5915
5918
5920
5922
5927
5928
5929
5930
5931
5946
5947
5948
5949
5956
5958
5959
5966
5968
5971
5972
5977
5985
5987
5993
5994
5996
6002
6004
6008
6009
6015
6018
6022
6023
6026
6031
6033
6035
6036
6037
6038
6039
6043
6044
6045
6049
6050
6057
6063
6064
6066
6067
6068
6069
6073
6076
6077
6078
6079
6080
6088
6089
6091
6092
6093
6094
6096
6102
6103
6104
6106
6113
6116
6121
6122
6126
6131
6133
6135
6137
6138
6139
6141
6143
6144
6150
6157
6158
6159
6160
6161
6162
6164
6169
6170
6171
6181
6184
6186
6193
6199
6201
6204
6206
6209
6210
6211
6212
6213
6214
6218
6219
6223
6225
6230
6232
6234
6241
6245
6246
6253
6254
6263
6264
6267
6272
6274
6276
6278
6283
6291
6294
6295
6297
6299
6302
6310
6314
6320
6321
6322
6329
6331
6336
6337
6342
6348
6349
6350
6351
6352
6353
6355
6356
6357
6361
6363
6365
6370
6371
6372
6373
6377
6381
6383
6388
6389
6391
6392
6393
6411
6413
6414
6415
6416
6418
6420
6421
6424
6425
6427
6432
6433
6435
6437
6441
6446
6447
6448
6452
6455
6457
6461
6463
6464
6466
6468
6479
6491
6492
6493
6494
6504
6517
6518
6519
6520
6522
6524
6531
6533
6539
6544
6545
6546
6548
6557
6560
6565
6575
6577
6578
6579
6580
6585
6586
6587
6589
6593
6596
6599
6604
6609
6612
6620
6621
6626
6628
6629
6644
6652
6660
6661
6665
6668
6672
6673
6675
6680
6687
6689
6690
6691
6694
6698
6705
6706
6711
6713
6715
6718
6719
6721
6725
6727
6728
6730
6731
6735
6741
6742
6744
6747
6752
6753
6755
6756
6757
6761
6762
6765
6767
6769
6772
6774
6781
6784
6786
6790
6793
6796
6799
6800
6801
6802
6807
6808
6813
6814
6817
6818
6825
6836
6839
6842
6844
6850
6851
6853
6859
6869
6870
6872
6881
6883
6884
6885
6886
6889
6891
6900
6902
6903
6906
6910
6914
6915
6922
6926
6927
6934
6935
6936
6938
6948
6955
6956
6964
6965
6966
6970
6977
6980
6982
6985
6986
6993
6999
7005
7006
7008
7010
7016
7018
7019
7027
7033
7037
7040
7045
7046
7049
7055
7058
7064
7065
7067
7068
7069
7081
7086
7089
7093
7100
7102
7108
7112
7118
7124
7130
7132
7134
7135
7136
7148
7152
7154
7155
7162
7164
7167
7172
7174
7175
7176
7177
7178
7179
7190
7194
7198
7201
7202
7208
7209
7210
7211
7215
7220
7224
7226
7227
7234
7238
7241
7242
7243
7244
7245
7247
7253
7254
7256
7257
7259
7264
7270
7281
7284
7290
7294
7297
7298
7300
7302
7322
7324
7326
7328
7332
7338
7343
7344
7345
7352
7353
7358
7362
7366
7368
7376
7377
7379
7382
7390
7397
7398
7401
7403
7404
7405
7409
7412
7415
7416
7423
7426
7430
7437
7442
7451
7453
7458
7461
7466
7468
7470
7472
7473
7475
7477
7480
7483
7488
7489
7503
7505
7508
7512
7513
7514
7517
7523
7532
7533
7534
7537
7542
7544
7545
7546
7547
7550
7551
7552
7554
7557
7562
7563
7567
7569
7570
7571
7572
7573
7574
7575
7576
7577
7578
7582
7588
7592
7593
7594
7595
7596
7602
7604
7605
7608
7610
7611
7614
7616
7620
7624
7625
7626
7627
7629
7630
7631
7633
7638
7639
7640
7641
7643
7650
7651
7652
7654
7657
7665
7666
7667
7675
7676
7686
7687
7691
7707
7715
7720
7722
7724
7725
7727
7728
7730
7732
7736
7739
7741
7742
7744
7745
7748
7749
7751
7752
7754
7758
7761
7762
7766
7769
7770
7781
7783
7785
7787
7790
7791
7794
7797
7799
7803
7804
7812
7814
7818
7822
7823
7826
7827
7832
7833
7835
7837
7839
7846
7852
7854
7856
7857
7869
7870
7874
7877
7880
7887
7888
7898
7903
7906
7915
7916
7917
7919
7921
7923
7925
7944
7946
7949
7950
7953
7955
7958
7962
7964
7970
7976
7980
7981
7982
7984
7989
7993
8003
8008
8009
8021
8025
8030
8039
8040
8041
8043
8044
8049
8053
8055
8059
8063
8064
8065
8066
8074
8075
8077
8078
8080
8086
8087
8090
8091
8092
8093
8102
8107
8118
8119
8127
8131
8135
8136
8138
8141
8143
8145
8146
8153
8161
8164
8170
8176
8183
8186
8192
8195
8199
8208
8213
8222
8223
8227
8228
8229
8233
8234
8236
8237
8238
8239
8241
8243
8244
8246
8249
8251
8252
8253
8254
8267
8269
8270
8271
8272
8273
8274
8275
8276
8277
8281
8282
8292
8297
8305
8307
8309
8312
8314
8317
8318
8320
8327
8330
8331
8333
8335
8338
8342
8343
8345
8346
8347
8348
8349
8354
8357
8366
8368
8370
8371
8373
8374
8376
8380
8387
8397
8400
8404
8410
8429
8432
8433
8435
8440
8441
8443
8450
8451
8453
8455
8461
8462
8471
8472
8473
8480
8483
8498
8499
8500
8501
8508
8510
8513
8514
8516
8520
8521
8522
8525
8529
8533
8544
8548
8549
8554
8567
8568
8572
8574
8577
8578
8580
8594
8596
8597
8599
8603
8606
8608
8612
8614
8622
8629
8635
8638
8643
8651
8660
8669
8676
8684
8705
8732
8733
8736
8744
8745
8754
8758
8760
8761
8764
8773
8775
8780
8785
8787
8789
8790
8792
8796
8803
8811
8814
8816
8818
8825
8827
8828
8829
8830
8835
8847
8849
8852
8856
8859
8863
8864
8868
8875
8882
8897
8902
8904
8905
8917
8923
8924
8926
8927
8930
8943
8945
8951
8965
8968
8970
8973
8977
8988
8989
8999
9003
9004
9006
9008
9009
9013
9015
9024
9030
9031
9039
9040
9049
9054
9059
9062
9064
9066
9067
9069
9072
9073
9076
9078
9079
9081
9086
9090
9096
9099
9109
9110
9118
9121
9135
9140
9142
9143
9144
9146
9148
9150
9157
9170
9173
9179
9191
9199
9207
9208
9223
9236
9257
9270
9271
9274
9287
9288
9290
9295
9312
9316
9317
9322
9325
9326
9338
9351
9352
9353
9361
9369
9379
9383
9384
9385
9392
9404
9412
9415
9417
9423
9441
9445
9446
9449
9459
9461
9469
9476
9477
9485
9494
9497
9499
9502
9503
9505
9521
9522
9525
9526
9529
9530
9531
9544
9547
9550
9554
9556
9562
9567
9571
9575
9588
9589
9606
9607
9622
9625
9628
9637
9639
9669
9670
9676
9693
9694
9695
9698
9699
9701
9709
9714
9717
9727
9728
9731
9732
9733
9734
9742
9753
9758
9759
9766
9768
9771
9776
9779
9788
9794
9798
9802
9804
9805
9808
9809
9810
9811
9812
9815
9816
9817
9826
9829
9831
9832
9847
9860
9884
9907
9909
9915
9920
9921
9922
9923
9944
9975
9976
9982
10009
10011
10023
10029
10032
10034
10038
10043
10044
10063
10064
10065
10066
10067
10075
10077
10091
10124
10127
10144
10151
10155
10158
10164
10180
10181
10185
10201
10202
10203
10204
10210
10218
10227
10230
10237
10241
10244
10258
10268
10272
10279
10283
10295
10317
10354
10357
10380
10390
10410
10413
10423
10424
10435
10462
10480
10485
10486
10499
10538
10555
10556
10562
10567
10570
10571
10591
10595
10605
10607
10618
10627
10638
10640
10664
10670
10672
10690
10699
10710
10715
10717
10728
10729
10731
10742
10743
10751
10755
10757
10762
10772
10773
10777
10782
10783
10784
10785
10797
10800
10803
10806
10807
10809
10814
10816
10824
10839
10846
10847
10869
10872
10881
10889
10912
10914
10916
10941
10942
10945
10949
10950
10961
10962
10964
10978
10982
11009
11010
11014
11021
11031
11032
11035
11036
11040
11044
11048
11050
11051
11058
11062
11064
11065
11068
11082
11090
11101
11123
11127
11130
11131
11144
11153
11157
11160
11172
11194
11206
11209
11210
11211
11212
11213
11214
11215
11218
11225
11266
11270
11277
11299
11305
11307
11313
11322
11338
11339
11369
11370
11383
11390
11394
11395
11400
11401
11402
11403
11404
11405
11406
11413
11414
11418
11422
11423
11425
11426
11439
11444
11456
11484
11485
11508
11511
11512
11524
11529
11545
11549
11553
11554
11574
11578
11590
11599
11605
11606
11619
11637
11640
11641
11644
11649
11672
11678
11679
11701
11726
11728
11729
11781
11785
11795
11813
11858
11863
11878
11890
11919
11922
11923
11939
11955
11957
11971
11978
11982
11986
11990
12000
12002
12021
12042
12043
12044
12057
12060
12080
12083
12100
12104
12134
12138
12139
12140
12141
12142
12143
12144
12148
12150
12155
12179
12182
12183
12194
12199
12210
12230
12231
12241
12242
12243
12247
12252
12263
12267
12281
12292
12305
12319
12321
12325
12334
12351
12358
12366
12372
12392
12395
12403
12418
12434
12435
12499
12525
12526
12532
12533
12568
12587
12591
12594
12615
12638
12648
12654
12658
12666
12674
12676
12677
12680
12681
12682
12692
12701
12702
12705
12707
12716
12726
12728
12733
12759
12778
12787
12792
12828
12876
12879
12887
12898
12905
12914
12917
12948
12950
12951
12952
12954
12960
12971
12976
12977
12978
12987
12994
13002
13011
13012
13019
13039
13061
13068
13113
13117
13144
13190
13224
13229
13239
13244
13267
13281
13291
13299
13300
13306
13309
13310
13314
13318
13337
13366
13372
13398
13415
13419
13427
13432
13491
13507
13513
13517
13562
13589
13601
13609
13615
13647
13651
13663
13665
13673
13674
13680
13684
13685
13687
13688
13689
13690
13691
13708
13718
13722
13735
13741
13745
13759
13762
13773
13777
13780
13789
13793
13804
13850
13870
13875
13899
13910
13942
13974
13997
14000
14036
14069
14105
14132
14133
14152
14173
14254
14261
14263
14275
14280
14293
14312
14313
14335
14364
14383
14427
14460
14468
14490
14556
14594
14610
14634
14646
14652
14653
14658
14664
14669
14670
14672
14676
14677
14678
14682
14683
14684
14686
14720
14725
14742
14744
14747
14752
14782
14786
14792
14793
14808
14815
14832
14841
14843
14845
14864
14866
14868
14901
14910
14924
14929
14945
14968
14993
15000
15066
15067
15072
15083
15084
15086
15097
15116
15117
15124
15135
15153
15180
15191
15200
15226
15236
15249
15257
15278
15296
15298
15319
15324
15340
15349
15350
15431
15434
15463
15479
15483
15514
15515
15517
15518
15527
15557
15564
15579
15600
15603
15632
15668
15671
15672
15673
15674
15675
15676
15677
15678
15679
15680
15681
15682
15683
15684
15714
15739
15764
15765
15782
15783
15847
15851
15881
15932
15939
15942
15948
15956
15971
15993
16035
16043
16046
16060
16062
16063
16078
16082
16085
16089
16108
16112
16117
16118
16154
16162
16193
16201
16227
16241
16276
16277
16344
16350
16384
16389
16408
16446
16454
16494
16504
16524
16534
16542
16546
16554
16570
16571
16586
16590
16605
16609
16635
16710
16758
16763
16792
16804
16814
16823
16829
16831
16874
16950
17089
17090
17091
17096
17122
17144
17155
17169
17249
17250
17251
17252
17253
17254
17255
17256
17257
17258
17259
17260
17261
17262
17263
17264
17265
17266
17267
17268
17269
17270
17271
17272
17273
17274
17275
17276
17278
17279
17280
17281
17282
17283
17284
17285
17286
17287
17288
17289
17290
17291
17292
17293
17294
17295
17296
17297
17298
17299
17300
17301
17302
17303
17304
17305
17306
17307
17308
17309
17310
17311
17366
17406
17425
17428
17430
17440
17468
17471
17490
17497
17515
17518
17539
17541
17559
17566
17568
17570
17628
17629
17630
17631
17632
17633
17640
17678
17747
17749
17800
17821
17852
17857
17858
17887
17897
17934
17988
18009
18055
18056
18057
18058
18060
18061
18062
18063
18064
18065
18066
18068
18071
18104
18105
18106
18107
18108
18109
18110
18111
18112
18113
18114
18115
18116
18117
18118
18119
18120
18121
18122
18123
18124
18125
18126
18127
18128
18129
18130
18131
18132
18133
18135
18136
18137
18138
18139
18140
18141
18142
18143
18144
18145
18146
18158
18165
18167
18168
18169
18170
18189
18196
18263
18275
18283
18293
18294
18295
18316
18321
18323
18328
18331
18332
18351
18366
18368
18379
18423
18450
18485
18486
18487
18490
18523
18524
18526
18533
18543
18545
18553
18972
18973
19006
19143
19225
19226
19227
19228
19229
19230
19267
19268
19269
19270
19271
19272
19296
