8
26
54
60
67
68
77
88
91
130
136
179
181
200
212
217
237
247
248
264
303
352
410
417
427
431
438
445
450
451
454
505
513
553
652
663
670
684
759
780
782
795
798
805
815
826
832
850
865
878
884
908
921
927
944
973
1029
1062
1077
1133
1213
1250
1331
1404
1469
1473
1474
1744
1788
1811
1880
1901
1953
1961
2009
2041
2057
2064
2070
2088
2124
2327
2508
2523
2528
2610
2624
2625
2644
2645
2660
2661
2662
2669
2676
2688
2690
2725
2763
2769
2793
2822
2832
2845
2863
2865
2868
2893
2902
2937
2950
2971
3010
3029
3058
3100
3116
3169
3234
3240
3250
3264
3315
3322
3354
3404
3413
3416
3454
3456
3480
3483
3489
3544
3590
3591
3624
3689
3709
3764
3766
3782
3786
3829
3843
3887
3899
3963
3968
4008
4020
4107
4118
4131
4147
4220
4242
4243
4340
4364
4389
4539
4583
4587
4765
4766
4787
4851
4900
4927
5040
5082
5111
5134
5254
5273
5326
5356
5369
5442
5521
5630
5662
5697
5768
5804
5869
5875
5903
5920
6039
6218
6353
6389
6463
6479
6612
6859
7046
7132
7532
7533
7620
7666
7707
7832
7870
7916
8049
8074
8161
8282
8314
8354
8400
8606
8669
8732
8828
8917
9006
9008
9049
9054
9144
9150
9179
9208
9316
9423
9476
9847
10032
10043
10063
10091
10144
10201
10571
11040
12138
12139
12230
12247
13562
13673
13674
13735
13741
14664
15939
16117
16118
16162
16201
17144
17249
17250
17251
17252
17253
17254
17255
17256
17257
17258
17259
17260
17261
17262
17263
17264
17265
17266
17267
17268
17269
17270
17271
17272
17273
17274
17275
17276
17278
17279
17280
17281
17282
17283
17284
17285
17286
17287
17288
17289
17290
17291
17292
17293
17294
17295
17296
17297
17298
17299
17300
17301
17302
17303
17304
17305
17306
17307
17308
17309
17310
17311
17425
17858
