9
17
36
39
54
56
67
71
74
77
84
97
101
115
119
123
124
126
128
130
131
143
147
157
177
183
194
206
208
209
211
217
224
233
237
244
247
264
279
280
286
297
303
313
322
337
347
351
357
375
379
387
403
419
423
426
427
431
432
474
477
483
513
519
527
540
546
553
555
558
609
610
618
619
652
670
672
673
708
726
730
739
754
768
778
780
789
795
796
801
806
815
826
837
850
870
872
878
884
887
888
889
898
908
912
921
929
944
950
960
971
976
980
984
1018
1057
1068
1083
1091
1106
1122
1133
1138
1146
1158
1162
1184
1194
1220
1227
1265
1269
1323
1338
1348
1400
1436
1446
1487
1559
1580
1589
1595
1596
1599
1622
1623
1633
1640
1679
1693
1736
1739
1746
1747
1778
1788
1810
1830
1835
1852
1853
1867
1868
1870
1894
1924
1947
1957
1972
1982
2004
2047
2052
2056
2067
2076
2099
2105
2168
2174
2193
2208
2238
2247
2264
2301
2318
2338
2344
2363
2379
2406
2407
2431
2453
2484
2489
2491
2492
2511
2517
2518
2539
2540
2547
2549
2561
2566
2571
2582
2590
2593
2622
2629
2634
2657
2663
2666
2669
2700
2715
2739
2747
2771
2787
2793
2811
2816
2829
2840
2844
2856
2869
2879
2885
2889
2901
2904
2916
2918
2922
2950
2953
2954
2965
3002
3006
3018
3020
3033
3046
3058
3084
3095
3100
3116
3128
3134
3156
3168
3199
3211
3214
3242
3248
3253
3286
3296
3309
3323
3330
3351
3357
3367
3383
3437
3450
3457
3462
3463
3472
3506
3520
3527
3538
3545
3549
3570
3577
3583
3611
3632
3633
3701
3705
3708
3709
3714
3715
3716
3720
3732
3758
3760
3763
3776
3777
3799
3802
3831
3857
3860
3865
3866
3874
3881
3887
3937
3989
4006
4020
4033
4042
4046
4052
4080
4082
4098
4108
4111
4113
4129
4143
4148
4153
4154
4179
4188
4197
4239
4250
4290
4308
4315
4317
4320
4334
4335
4347
4373
4430
4444
4458
4459
4465
4469
4481
4491
4495
4502
4530
4532
4545
4559
4635
4645
4650
4699
4703
4710
4734
4765
4766
4788
4804
4833
4834
4859
4886
4927
4941
4952
4955
4959
4974
4976
4993
4996
5005
5019
5036
5041
5052
5068
5076
5090
5093
5097
5124
5125
5136
5148
5162
5176
5204
5231
5263
5282
5305
5330
5361
5409
5454
5474
5489
5496
5544
5553
5560
5592
5606
5630
5636
5639
5657
5673
5702
5710
5720
5734
5746
5754
5755
5767
5773
5778
5817
5833
5834
5840
5850
5853
5891
5897
5906
5926
5989
6039
6044
6057
6067
6071
6074
6103
6139
6163
6185
6213
6243
6253
6274
6277
6291
6328
6356
6357
6371
6372
6389
6410
6412
6427
6481
6491
6513
6528
6548
6649
6651
6653
6667
6668
6675
6702
6718
6719
6735
6767
6812
6841
6868
6871
6894
6937
6965
7020
7040
7061
7093
7178
7208
7212
7231
7268
7303
7317
7444
7449
7460
7461
7463
7488
7538
7572
7588
7622
7707
7785
7797
7826
7852
7886
7893
7898
7944
7968
7981
7993
8075
8161
8169
8181
8203
8228
8281
8320
8366
8410
8418
8428
8448
8478
8499
8547
8567
8568
8603
8630
8640
8676
8773
8780
8785
8814
8816
8869
8877
8914
8917
8922
8946
9046
9049
9066
9085
9122
9177
9179
9198
9203
9250
9252
9271
9299
9315
9325
9352
9374
9396
9445
9453
9462
9476
9507
9523
9549
9550
9575
9600
9640
9649
9681
9702
9756
9759
9768
9789
9798
9828
10010
10044
10154
10187
10227
10235
10331
10479
10558
10562
10573
10751
10759
10779
10826
10889
10972
10995
11063
11153
11159
11165
11259
11377
11401
11413
11448
11535
11570
11632
11761
12009
12100
12121
12132
12137
12140
12141
12147
12158
12174
12190
12225
12252
12259
12263
12297
12299
12303
12405
12419
12445
12499
12505
12507
12548
12591
12650
12676
12800
12833
12876
12914
12946
13051
13141
13227
13263
13267
13286
13301
13315
13332
13421
13556
13662
13724
13770
13811
13854
13858
13884
13917
13929
14029
14047
14056
14133
14159
14337
14559
14646
14659
14729
14752
14812
14838
14873
14889
15340
15409
15463
15581
16062
16357
16464
16525
16536
16575
16758
16792
17081
17122
17155
17169
17288
17297
17307
17410
17446
17450
17497
17576
17748
17787
17820
17945
18056
18060
18080
18093
18107
18120
18124
18139
18156
18177
18187
18216
18217
18263
18339
18349
18350
18380
18542
18709
18785
