0
6
7
9
10
17
22
23
24
26
30
35
39
41
54
55
57
58
75
82
83
87
88
89
92
97
101
103
118
119
124
126
130
131
136
137
147
155
157
165
166
167
168
169
170
181
183
199
203
207
208
215
229
230
233
236
237
262
271
278
279
285
287
290
293
296
303
305
307
313
320
322
323
344
347
349
354
360
362
388
400
401
407
410
426
428
431
432
438
445
449
451
458
479
492
501
505
517
518
519
549
550
554
559
579
582
590
591
609
613
625
628
654
663
664
665
670
679
684
685
699
721
727
736
737
738
739
768
770
776
778
779
785
795
798
801
805
806
807
811
822
839
842
848
855
856
857
859
860
870
884
886
903
908
918
940
942
956
957
973
976
991
1030
1036
1043
1051
1056
1062
1122
1123
1124
1149
1156
1162
1166
1167
1181
1184
1209
1213
1219
1227
1260
1261
1314
1321
1323
1338
1404
1458
1487
1492
1500
1505
1506
1507
1563
1600
1601
1635
1646
1679
1696
1710
1746
1759
1774
1777
1788
1792
1795
1828
1830
1835
1841
1868
1881
1939
1947
1953
1969
1996
2038
2046
2054
2062
2079
2113
2138
2159
2196
2205
2211
2213
2220
2284
2333
2364
2372
2408
2412
2418
2446
2452
2453
2486
2511
2526
2528
2539
2549
2552
2558
2568
2581
2582
2587
2593
2608
2615
2622
2624
2629
2634
2644
2646
2647
2648
2649
2650
2660
2673
2683
2715
2739
2747
2754
2774
2777
2819
2822
2830
2875
2902
2914
2924
2945
2950
2980
2987
2989
2994
3029
3058
3083
3086
3091
3116
3150
3158
3185
3214
3217
3232
3242
3285
3287
3298
3361
3371
3432
3451
3453
3457
3466
3473
3474
3475
3476
3483
3489
3496
3506
3526
3529
3530
3549
3553
3556
3565
3570
3576
3577
3583
3584
3590
3591
3593
3594
3598
3604
3607
3608
3609
3610
3611
3612
3620
3623
3625
3626
3627
3635
3650
3655
3676
3683
3687
3699
3713
3721
3732
3733
3734
3746
3757
3766
3782
3783
3790
3799
3800
3801
3804
3808
3809
3829
3834
3860
3864
3865
3866
3867
3868
3869
3870
3907
3911
3920
3983
4005
4017
4019
4020
4024
4036
4067
4084
4086
4096
4103
4111
4118
4119
4120
4134
4141
4153
4155
4159
4184
4215
4217
4220
4221
4231
4240
4241
4242
4250
4256
4260
4276
4278
4293
4308
4313
4323
4330
4336
4359
4364
4382
4383
4384
4389
4390
4402
4403
4420
4437
4456
4471
4487
4490
4493
4495
4527
4543
4555
4568
4569
4582
4590
4596
4607
4632
4633
4635
4650
4663
4666
4677
4702
4703
4704
4710
4748
4757
4778
4794
4810
4812
4813
4816
4817
4830
4831
4843
4851
4869
4881
4882
4884
4886
4887
4898
4900
4905
4909
4918
4930
4953
4972
5040
5082
5097
5101
5116
5119
5123
5172
5229
5272
5282
5317
5320
5326
5352
5361
5382
5478
5486
5508
5550
5560
5580
5581
5583
5591
5592
5611
5615
5626
5631
5638
5639
5640
5656
5657
5662
5679
5680
5697
5712
5728
5734
5743
5754
5786
5804
5817
5840
5861
5875
5882
5903
5912
5917
5918
5926
5943
5950
5985
5989
5991
6000
6003
6038
6040
6041
6056
6121
6145
6146
6148
6159
6170
6172
6212
6241
6276
6298
6317
6383
6403
6441
6445
6463
6475
6488
6489
6491
6530
6559
6561
6576
6584
6588
6592
6594
6613
6621
6631
6649
6653
6654
6661
6662
6682
6683
6689
6710
6722
6767
6793
6810
6844
6903
6960
6965
6969
6970
6973
6981
6984
7017
7025
7037
7038
7040
7132
7203
7229
7231
7236
7268
7273
7290
7311
7314
7326
7358
7528
7602
7617
7620
7626
7699
7700
7739
7779
7787
7804
7808
7849
7874
7971
8131
8161
8169
8170
8198
8371
8372
8417
8424
8455
8472
8499
8502
8542
8577
8597
8603
8612
8640
8648
8652
8660
8705
8733
8773
8780
8792
8818
8864
8865
8866
8894
8914
8917
8924
8960
8965
9066
9069
9098
9131
9328
9354
9404
9444
9449
9453
9549
9656
9721
9724
9740
9776
9789
9802
9887
9953
10036
10088
10127
10154
10192
10245
10479
10699
10743
10804
10852
10889
10903
11181
11572
11642
11978
12100
12449
12523
12558
12591
12908
12954
13267
13320
13426
13496
13655
13656
14001
14187
14766
14858
14878
15097
15468
16029
16173
16422
17405
17820
17824
17877
18107
18156
18161
18162
18167
