3
4
5
6
7
9
16
17
21
23
24
28
29
39
48
51
53
54
58
67
72
73
77
79
83
85
86
87
88
89
97
98
100
101
103
107
108
112
119
123
124
130
131
136
137
140
141
142
147
148
152
155
157
162
163
170
179
180
188
191
195
200
201
203
204
207
214
215
221
222
229
230
233
236
237
242
243
247
251
254
258
260
264
265
278
279
285
287
295
296
302
303
307
313
314
322
339
344
347
349
351
352
356
369
370
371
376
379
394
399
402
403
408
409
410
421
422
425
428
431
436
438
439
445
446
452
459
479
480
481
487
489
503
508
513
519
529
543
552
553
554
559
563
579
583
590
592
596
598
603
604
609
616
621
622
628
645
652
658
663
664
665
678
680
682
683
685
690
693
697
698
700
720
721
724
734
737
739
742
743
744
752
754
759
763
770
782
788
794
795
797
799
804
805
821
830
837
839
855
857
858
865
867
870
877
878
883
892
909
912
918
919
920
921
931
934
944
950
952
968
970
973
986
998
1019
1024
1030
1035
1041
1043
1055
1056
1057
1074
1075
1105
1122
1129
1132
1156
1157
1158
1159
1167
1179
1181
1186
1187
1209
1213
1215
1220
1227
1250
1258
1264
1276
1286
1297
1312
1320
1338
1351
1372
1375
1386
1404
1439
1465
1471
1472
1474
1477
1495
1502
1514
1523
1530
1538
1540
1545
1546
1576
1580
1604
1616
1629
1633
1637
1644
1646
1705
1708
1733
1740
1742
1744
1746
1751
1756
1764
1774
1788
1792
1795
1835
1852
1859
1901
1902
1945
1947
1969
1977
2027
2030
2033
2034
2041
2044
2062
2076
2077
2082
2092
2096
2099
2105
2115
2129
2136
2143
2193
2196
2198
2220
2229
2238
2260
2288
2296
2303
2307
2316
2319
2327
2354
2367
2369
2378
2400
2408
2427
2432
2434
2446
2448
2450
2456
2466
2507
2525
2528
2531
2539
2544
2548
2559
2563
2565
2566
2567
2568
2569
2582
2583
2587
2590
2593
2595
2611
2620
2622
2623
2624
2625
2629
2636
2640
2641
2645
2647
2648
2651
2671
2683
2684
2702
2713
2717
2724
2732
2749
2750
2761
2763
2766
2775
2792
2794
2797
2802
2807
2818
2827
2836
2840
2843
2845
2862
2865
2868
2880
2885
2897
2900
2950
2953
2960
2970
2971
2988
2994
2996
3011
3016
3025
3031
3040
3046
3061
3065
3075
3077
3115
3116
3127
3140
3163
3208
3209
3210
3227
3233
3250
3264
3265
3269
3270
3271
3285
3291
3292
3308
3326
3331
3340
3346
3359
3361
3369
3376
3382
3386
3396
3414
3431
3447
3450
3455
3457
3459
3462
3463
3468
3473
3474
3477
3479
3483
3515
3525
3529
3530
3539
3545
3546
3547
3556
3557
3558
3560
3565
3566
3570
3574
3583
3585
3586
3590
3605
3607
3610
3611
3612
3614
3617
3622
3623
3624
3625
3626
3638
3646
3651
3654
3658
3661
3665
3675
3679
3683
3685
3688
3694
3702
3704
3707
3709
3715
3717
3722
3725
3730
3737
3739
3740
3751
3758
3760
3766
3774
3783
3800
3801
3807
3808
3809
3813
3815
3829
3831
3848
3851
3861
3873
3874
3880
3888
3897
3907
3908
3931
3949
3952
3953
3964
3968
3977
3983
3993
3994
4006
4010
4012
4013
4017
4023
4032
4033
4070
4073
4081
4082
4084
4090
4098
4101
4111
4119
4125
4133
4137
4140
4141
4148
4150
4153
4159
4179
4186
4194
4198
4205
4206
4215
4217
4220
4231
4240
4249
4251
4298
4302
4308
4314
4323
4358
4359
4364
4365
4371
4380
4388
4389
4405
4419
4425
4429
4437
4465
4466
4471
4477
4522
4523
4524
4531
4543
4551
4560
4569
4577
4595
4610
4613
4624
4628
4632
4636
4651
4655
4663
4670
4694
4724
4726
4747
4748
4758
4765
4788
4798
4800
4803
4810
4813
4814
4816
4817
4821
4828
4835
4837
4840
4843
4849
4851
4856
4865
4869
4875
4876
4880
4894
4898
4900
4903
4907
4927
4929
4940
4943
4997
5035
5036
5042
5045
5052
5069
5084
5146
5176
5186
5231
5282
5301
5307
5311
5330
5356
5358
5370
5372
5382
5392
5400
5408
5428
5432
5443
5514
5521
5540
5560
5561
5567
5592
5601
5603
5609
5625
5632
5634
5636
5642
5645
5668
5671
5692
5697
5723
5734
5755
5759
5767
5768
5773
5793
5797
5798
5800
5803
5816
5825
5826
5831
5834
5838
5852
5860
5871
5873
5874
5876
5884
5891
5901
5902
5907
5908
5912
5914
5920
5923
5928
5945
5946
5949
5952
5960
5966
5967
5970
5985
6021
6025
6036
6039
6043
6049
6053
6067
6068
6078
6085
6093
6099
6113
6121
6122
6142
6146
6159
6169
6170
6171
6199
6207
6225
6234
6257
6296
6303
6307
6322
6352
6353
6358
6372
6373
6392
6401
6404
6452
6461
6467
6474
6477
6491
6506
6516
6523
6560
6561
6562
6581
6593
6607
6610
6614
6615
6619
6625
6657
6662
6665
6688
6698
6711
6724
6727
6767
6788
6790
6800
6807
6812
6818
6868
6870
6881
6888
6893
6922
7010
7011
7031
7037
7041
7044
7063
7067
7093
7099
7208
7211
7217
7226
7229
7252
7253
7258
7289
7290
7304
7323
7338
7341
7360
7405
7413
7414
7433
7458
7471
7480
7482
7505
7520
7532
7547
7584
7605
7610
7617
7626
7635
7638
7640
7641
7643
7673
7676
7682
7686
7687
7713
7745
7747
7752
7783
7787
7800
7818
7821
7846
7856
7862
7899
7913
7919
7925
7969
8007
8022
8026
8063
8069
8074
8083
8087
8090
8131
8161
8166
8174
8176
8233
8266
8336
8345
8350
8400
8405
8434
8444
8448
8455
8461
8471
8472
8501
8505
8513
8519
8577
8578
8579
8586
8599
8615
8618
8622
8638
8640
8647
8693
8730
8732
8745
8787
8792
8794
8802
8818
8827
8840
8853
8856
8926
8934
8965
8973
8990
9005
9049
9066
9092
9095
9107
9112
9137
9143
9184
9199
9207
9254
9316
9325
9327
9338
9348
9349
9374
9378
9409
9423
9484
9528
9533
9606
9638
9652
9669
9684
9695
9813
9838
9859
9877
9909
9968
9977
9986
9987
9990
10020
10137
10177
10222
10236
10253
10281
10388
10550
10779
10803
10807
10815
10939
10945
10988
11005
11013
11114
11137
11383
11387
11388
11409
11438
11456
11469
11485
11526
11529
11542
11543
11546
11547
11548
11549
11587
11797
11806
11813
11977
12000
12138
12139
12140
12189
12275
12391
12406
12532
12551
12577
12653
12666
12709
12743
12744
12745
12746
12747
12748
12749
12750
12751
12752
12753
12754
12755
12756
12757
12758
12760
12764
12769
12770
12772
12773
12774
12775
12776
12782
12881
12941
13019
13190
13194
13275
13323
13515
13536
13544
13564
13617
13647
13938
13959
14205
14663
14742
14748
14749
14760
14780
14786
14802
14846
14858
14993
15092
15169
15175
15183
15209
15272
15296
15315
15316
15384
15386
15389
15400
15404
15549
15723
15765
16345
16346
16399
16511
16700
16771
16775
17314
17533
17796
17837
18196
18299
18312
18506
18507
19218
