8
29
123
141
185
205
217
237
275
288
307
321
360
426
428
438
454
482
504
519
521
552
596
673
697
736
745
780
782
790
805
806
850
857
873
895
952
1029
1169
1469
1495
1513
1568
1596
1598
1599
1679
1789
1833
1859
1940
2193
2194
2403
2412
2472
2492
2508
2587
2606
2662
2671
2823
2857
3029
3058
3163
3248
3271
3322
3466
3487
3582
3623
3632
3651
3729
3743
3921
3981
4012
4032
4118
4185
4441
4455
4569
4828
4873
4918
5065
5260
5460
5491
5513
5521
5531
5560
5599
5699
5835
5848
6023
6174
6213
6253
6363
6413
6415
6586
6629
6721
6765
6924
6938
7268
7462
7567
7640
7695
7708
7727
7739
7847
7958
7994
7998
8047
8161
8208
8287
8360
8590
8990
9178
9862
9888
10365
10434
10585
10728
10799
11535
12132
12180
12797
13019
13223
13224
13938
14207
14312
14383
14574
14765
15001
15180
15268
15367
15388
15503
15782
17276
17297
17821
18139
18275
18979
