0
1
6
7
8
10
17
22
23
24
26
27
30
33
36
39
41
42
50
54
56
58
60
61
62
63
64
65
66
68
70
71
73
74
76
77
78
79
81
82
85
87
88
89
91
92
93
94
99
101
108
113
116
119
122
123
124
125
126
128
131
132
134
138
140
146
147
148
152
155
156
157
162
167
170
174
175
177
178
181
182
183
187
188
189
193
201
204
206
212
215
217
221
230
233
237
239
240
247
248
257
258
262
271
273
278
279
280
285
293
294
295
297
301
311
313
317
319
322
325
330
344
345
346
349
350
351
352
360
363
364
369
377
378
381
386
387
393
394
401
403
404
405
408
409
410
418
420
424
425
426
427
428
431
433
436
438
439
442
448
451
460
463
464
471
474
476
480
482
483
485
490
504
505
510
513
514
516
521
527
534
538
541
543
545
548
551
553
555
558
563
573
576
581
585
586
597
600
607
611
612
625
631
634
635
639
647
650
651
652
656
658
665
670
671
672
673
676
678
680
681
686
689
694
695
708
709
710
718
724
725
727
736
737
739
743
744
753
758
768
774
778
779
780
782
785
788
789
792
795
796
798
801
805
806
810
811
815
825
826
827
836
837
839
850
856
858
860
862
864
865
867
871
878
879
884
886
889
892
903
904
906
911
912
918
920
921
924
940
949
950
955
956
973
980
983
992
995
997
998
999
1008
1011
1014
1019
1024
1030
1033
1036
1040
1043
1050
1052
1055
1056
1057
1062
1067
1077
1078
1082
1083
1084
1085
1086
1089
1097
1104
1107
1109
1123
1124
1129
1133
1143
1156
1158
1162
1163
1166
1169
1178
1179
1181
1184
1189
1209
1210
1215
1223
1224
1229
1231
1235
1238
1245
1250
1251
1252
1254
1258
1261
1271
1276
1279
1281
1305
1312
1313
1326
1327
1328
1331
1338
1347
1349
1350
1351
1354
1362
1379
1385
1387
1399
1400
1410
1414
1431
1435
1443
1447
1449
1451
1455
1465
1472
1474
1481
1483
1485
1498
1513
1516
1518
1522
1526
1527
1529
1541
1548
1552
1556
1565
1571
1572
1576
1579
1581
1589
1592
1598
1599
1600
1610
1616
1622
1629
1635
1641
1642
1643
1653
1658
1659
1664
1668
1669
1670
1672
1674
1678
1679
1683
1705
1706
1722
1731
1745
1749
1761
1768
1771
1773
1777
1784
1791
1792
1795
1798
1802
1805
1808
1811
1815
1819
1822
1830
1835
1841
1842
1843
1844
1852
1855
1856
1866
1867
1894
1900
1904
1909
1915
1920
1929
1942
1947
1948
1957
1959
1961
1969
1976
1980
1982
2003
2004
2016
2020
2025
2026
2033
2034
2041
2044
2049
2053
2066
2068
2070
2075
2076
2092
2098
2100
2124
2129
2139
2155
2166
2167
2174
2179
2194
2197
2201
2219
2220
2227
2238
2240
2245
2257
2258
2260
2263
2268
2276
2281
2294
2300
2303
2317
2321
2323
2328
2329
2330
2333
2337
2343
2344
2354
2355
2359
2364
2366
2371
2373
2385
2394
2403
2406
2418
2421
2427
2432
2439
2446
2448
2452
2455
2464
2477
2481
2491
2492
2493
2497
2499
2501
2509
2515
2518
2521
2523
2530
2539
2543
2550
2552
2560
2561
2562
2570
2571
2575
2582
2583
2589
2593
2594
2596
2602
2604
2605
2608
2609
2610
2615
2616
2622
2623
2624
2625
2627
2629
2634
2640
2643
2644
2646
2648
2650
2651
2657
2660
2663
2665
2666
2667
2674
2677
2680
2681
2685
2691
2692
2705
2706
2717
2720
2722
2724
2725
2727
2738
2739
2747
2754
2757
2758
2759
2762
2763
2765
2766
2770
2775
2779
2781
2784
2788
2790
2792
2793
2795
2796
2807
2809
2814
2818
2819
2820
2821
2824
2828
2829
2830
2835
2837
2838
2845
2848
2850
2852
2853
2856
2857
2871
2878
2879
2893
2895
2897
2901
2902
2904
2907
2910
2912
2914
2918
2919
2920
2922
2924
2927
2934
2941
2942
2943
2952
2954
2965
2967
2971
2976
2978
2980
2983
2988
2989
2994
2998
3007
3008
3013
3019
3021
3022
3029
3030
3031
3033
3034
3035
3036
3042
3046
3050
3052
3058
3060
3071
3079
3083
3084
3093
3095
3097
3108
3109
3124
3126
3127
3134
3141
3152
3153
3156
3157
3161
3169
3170
3171
3173
3182
3187
3200
3207
3209
3212
3215
3223
3225
3227
3228
3233
3238
3242
3249
3250
3255
3256
3257
3259
3261
3264
3265
3266
3268
3270
3278
3281
3286
3290
3291
3308
3309
3316
3322
3331
3337
3340
3341
3347
3357
3361
3368
3369
3373
3375
3376
3383
3384
3398
3401
3403
3409
3410
3412
3413
3416
3421
3423
3424
3426
3431
3433
3436
3437
3442
3450
3452
3453
3455
3456
3458
3459
3461
3462
3463
3464
3465
3470
3472
3476
3484
3487
3489
3495
3506
3518
3519
3520
3522
3523
3525
3529
3532
3545
3547
3552
3553
3554
3556
3557
3560
3565
3566
3567
3574
3578
3582
3584
3597
3604
3606
3609
3610
3612
3613
3616
3618
3623
3624
3626
3630
3633
3646
3651
3654
3655
3665
3680
3683
3685
3689
3695
3698
3700
3702
3703
3706
3714
3717
3718
3722
3727
3729
3730
3733
3734
3735
3737
3738
3739
3740
3741
3742
3748
3756
3757
3760
3761
3764
3766
3767
3776
3786
3790
3799
3808
3809
3810
3813
3814
3815
3816
3818
3821
3831
3837
3840
3845
3851
3853
3855
3864
3865
3867
3869
3870
3871
3873
3879
3880
3886
3890
3896
3897
3922
3923
3924
3931
3938
3942
3946
3956
3961
3963
3968
3969
3970
3972
3979
3991
3996
4006
4008
4009
4013
4020
4022
4024
4027
4030
4033
4036
4042
4043
4046
4067
4075
4079
4092
4094
4095
4096
4098
4101
4103
4113
4115
4118
4119
4122
4124
4131
4138
4139
4143
4146
4148
4153
4154
4155
4159
4160
4162
4165
4169
4171
4179
4197
4214
4217
4218
4220
4221
4228
4232
4237
4238
4241
4242
4258
4270
4271
4275
4276
4278
4293
4298
4303
4304
4310
4316
4322
4324
4326
4329
4334
4336
4337
4347
4349
4358
4359
4372
4383
4389
4390
4395
4396
4406
4424
4426
4430
4438
4439
4443
4444
4445
4447
4448
4451
4460
4467
4469
4476
4478
4479
4481
4485
4489
4491
4492
4495
4500
4502
4517
4527
4534
4536
4542
4544
4552
4561
4569
4576
4582
4587
4596
4607
4610
4612
4618
4619
4621
4625
4631
4632
4636
4638
4639
4647
4651
4662
4691
4698
4701
4703
4710
4715
4721
4726
4743
4747
4752
4753
4763
4766
4770
4774
4781
4787
4794
4798
4803
4806
4812
4817
4819
4821
4826
4839
4841
4846
4859
4872
4873
4878
4881
4883
4887
4891
4894
4895
4896
4909
4910
4912
4914
4917
4919
4920
4921
4923
4927
4930
4936
4940
4941
4943
4946
4953
4955
4959
4962
4963
4964
4973
4978
4981
4990
4996
4997
4998
4999
5008
5022
5045
5052
5054
5056
5060
5061
5071
5082
5084
5092
5101
5102
5105
5108
5120
5124
5148
5152
5160
5169
5188
5192
5195
5197
5204
5205
5207
5228
5230
5231
5234
5247
5264
5267
5273
5277
5282
5286
5292
5315
5316
5326
5328
5331
5340
5342
5351
5356
5359
5361
5366
5369
5371
5387
5388
5403
5408
5412
5416
5419
5423
5425
5428
5432
5435
5438
5454
5456
5460
5461
5464
5470
5471
5475
5476
5479
5483
5484
5486
5498
5499
5504
5511
5513
5514
5516
5523
5534
5545
5549
5551
5553
5558
5560
5566
5581
5583
5587
5590
5605
5610
5611
5626
5629
5630
5635
5651
5664
5668
5671
5674
5686
5688
5697
5702
5705
5706
5708
5709
5712
5713
5715
5718
5721
5730
5734
5738
5749
5756
5759
5767
5770
5773
5780
5790
5794
5796
5804
5815
5817
5827
5840
5843
5845
5852
5855
5856
5859
5860
5861
5867
5869
5871
5875
5876
5880
5888
5903
5912
5916
5917
5920
5938
5942
5950
5951
5959
5961
5968
5977
5981
5992
5996
6015
6023
6026
6027
6031
6033
6034
6036
6038
6039
6049
6060
6063
6064
6079
6087
6088
6092
6093
6109
6114
6121
6134
6146
6158
6159
6170
6174
6185
6199
6200
6204
6205
6212
6218
6221
6222
6224
6232
6250
6251
6253
6267
6272
6281
6283
6285
6305
6322
6331
6350
6354
6357
6359
6360
6361
6367
6371
6373
6374
6379
6389
6393
6396
6399
6411
6425
6427
6431
6432
6433
6434
6447
6457
6461
6463
6469
6472
6493
6495
6496
6502
6508
6515
6531
6533
6535
6539
6541
6548
6556
6566
6574
6587
6589
6594
6596
6600
6628
6630
6631
6637
6640
6642
6649
6658
6662
6672
6683
6686
6690
6700
6701
6703
6706
6709
6720
6721
6723
6731
6739
6755
6765
6772
6784
6790
6792
6795
6799
6801
6807
6808
6811
6812
6813
6816
6818
6837
6841
6846
6848
6868
6870
6874
6886
6888
6889
6894
6897
6906
6911
6914
6922
6927
6929
6935
6936
6964
6970
6977
6981
6994
6999
7005
7020
7040
7061
7064
7065
7074
7093
7104
7126
7128
7130
7133
7137
7143
7154
7155
7162
7168
7171
7176
7177
7178
7207
7208
7221
7223
7225
7230
7236
7241
7259
7284
7285
7291
7292
7296
7298
7314
7321
7322
7328
7333
7337
7345
7352
7358
7362
7363
7381
7382
7401
7403
7404
7405
7419
7426
7441
7447
7458
7459
7461
7471
7472
7488
7507
7508
7512
7523
7532
7538
7539
7545
7547
7550
7557
7562
7565
7570
7572
7577
7580
7583
7588
7592
7598
7599
7601
7605
7608
7612
7614
7615
7620
7629
7630
7636
7638
7641
7654
7662
7670
7671
7674
7677
7684
7687
7688
7694
7699
7701
7707
7712
7714
7715
7719
7724
7725
7730
7734
7740
7761
7765
7766
7770
7772
7774
7780
7781
7783
7785
7792
7816
7817
7828
7830
7831
7835
7840
7848
7851
7852
7870
7874
7877
7886
7889
7896
7899
7901
7903
7905
7915
7917
7919
7925
7932
7934
7948
7949
7954
7956
7958
7960
7964
7970
7971
7993
7994
7998
8009
8012
8015
8038
8040
8041
8049
8062
8065
8068
8071
8074
8075
8077
8079
8081
8102
8105
8113
8118
8120
8131
8143
8145
8161
8174
8194
8197
8215
8223
8229
8233
8234
8236
8237
8238
8239
8249
8253
8270
8276
8312
8317
8318
8334
8335
8342
8343
8345
8347
8349
8350
8354
8360
8367
8368
8372
8373
8376
8388
8390
8400
8401
8416
8426
8428
8437
8444
8446
8449
8455
8461
8469
8471
8472
8480
8486
8488
8492
8507
8511
8516
8529
8535
8561
8567
8568
8569
8572
8578
8579
8586
8594
8603
8605
8608
8612
8614
8655
8658
8666
8668
8670
8678
8684
8699
8705
8723
8732
8733
8736
8737
8746
8764
8775
8783
8785
8786
8787
8789
8792
8798
8800
8827
8834
8835
8849
8853
8856
8865
8868
8869
8877
8880
8896
8904
8912
8917
8922
8923
8928
8932
8936
8953
8965
8970
8973
8983
8986
8988
8995
8998
9008
9014
9021
9033
9037
9044
9066
9073
9078
9079
9081
9090
9095
9096
9106
9109
9118
9124
9135
9140
9143
9148
9164
9174
9178
9179
9180
9184
9191
9198
9199
9208
9214
9215
9217
9219
9222
9233
9242
9253
9262
9265
9266
9273
9281
9282
9284
9287
9290
9291
9297
9315
9316
9318
9325
9326
9336
9350
9360
9371
9373
9383
9395
9402
9412
9417
9418
9423
9430
9441
9445
9453
9460
9461
9462
9468
9476
9478
9485
9499
9502
9512
9517
9520
9524
9525
9528
9529
9549
9552
9554
9556
9560
9565
9568
9579
9582
9590
9591
9595
9638
9640
9661
9662
9663
9679
9684
9686
9691
9693
9695
9699
9708
9717
9724
9740
9742
9748
9752
9756
9759
9762
9764
9766
9767
9769
9776
9788
9797
9816
9819
9821
9823
9826
9829
9833
9840
9847
9848
9861
9865
9870
9879
9900
9903
9904
9920
9935
9955
9957
9975
9980
9981
10003
10023
10034
10044
10046
10063
10064
10074
10088
10098
10129
10131
10144
10152
10154
10156
10159
10170
10173
10181
10184
10185
10189
10205
10225
10229
10237
10244
10245
10247
10272
10310
10334
10335
10342
10384
10399
10432
10445
10459
10480
10486
10487
10499
10502
10513
10526
10529
10548
10551
10595
10655
10674
10681
10686
10695
10699
10710
10717
10728
10729
10731
10753
10761
10775
10788
10789
10790
10795
10796
10809
10813
10814
10833
10836
10844
10870
10871
10872
10887
10912
10918
10920
10924
10932
10936
10938
10941
10942
10961
11001
11005
11006
11029
11067
11068
11093
11106
11108
11115
11131
11134
11141
11143
11144
11151
11153
11160
11172
11181
11183
11194
11197
11210
11255
11256
11275
11316
11317
11323
11344
11348
11351
11358
11371
11372
11375
11384
11392
11395
11397
11403
11405
11410
11411
11413
11414
11435
11439
11458
11462
11469
11500
11507
11541
11556
11557
11561
11563
11568
11571
11578
11605
11619
11643
11644
11662
11683
11685
11715
11718
11723
11726
11728
11747
11784
11809
11847
11851
11904
11925
11994
12014
12021
12060
12081
12087
12093
12100
12126
12132
12137
12138
12143
12147
12150
12160
12170
12178
12179
12180
12182
12187
12194
12195
12203
12212
12220
12227
12247
12263
12281
12293
12299
12323
12325
12353
12357
12377
12386
12406
12426
12458
12491
12537
12544
12548
12550
12554
12558
12587
12605
12622
12626
12628
12634
12647
12676
12682
12699
12705
12708
12716
12756
12757
12764
12781
12813
12826
12863
12872
12892
12898
12906
12914
12950
12954
12960
12965
12976
12977
12990
12995
13012
13017
13028
13035
13041
13057
13069
13103
13106
13110
13113
13126
13137
13143
13172
13178
13190
13205
13212
13216
13224
13231
13238
13241
13261
13263
13264
13266
13267
13291
13300
13313
13325
13327
13356
13401
13421
13455
13457
13464
13472
13484
13496
13506
13511
13530
13532
13536
13545
13584
13604
13605
13616
13663
13684
13685
13687
13689
13690
13691
13695
13703
13718
13724
13731
13735
13754
13812
13829
13854
13858
13889
13912
13948
13963
13975
13981
13983
13997
14001
14029
14101
14117
14123
14168
14203
14225
14266
14309
14315
14355
14367
14383
14400
14411
14447
14467
14535
14550
14552
14558
14626
14627
14646
14647
14648
14650
14658
14662
14669
14720
14751
14786
14794
14799
14802
14808
14812
14819
14831
14833
14843
14847
14850
14851
14854
14855
14860
14866
14869
14901
14908
14920
14923
14929
14939
15003
15056
15061
15063
15066
15116
15127
15143
15153
15159
15163
15191
15209
15210
15216
15232
15243
15250
15272
15275
15278
15296
15317
15321
15344
15349
15367
15429
15436
15533
15539
15557
15595
15627
15645
15654
15700
15702
15710
15714
15717
15718
15720
15722
15723
15724
15726
15732
15737
15738
15739
15742
15754
15767
15835
15847
15904
15925
15932
15943
15948
15962
15981
15983
16108
16112
16117
16153
16166
16167
16173
16196
16203
16219
16241
16258
16355
16356
16363
16401
16423
16431
16433
16443
16449
16454
16481
16494
16516
16523
16568
16601
16615
16754
16775
16916
16949
16950
16952
17130
17152
17251
17265
17273
17276
17280
17287
17293
17298
17300
17304
17306
17313
17328
17334
17362
17398
17425
17430
17493
17515
17558
17566
17570
17576
17629
17745
17769
17838
17853
17862
17890
17934
17936
17937
17947
17967
17968
18008
18017
18062
18066
18077
18093
18095
18104
18105
18107
18109
18111
18112
18118
18121
18125
18126
18127
18132
18135
18138
18140
18143
18145
18153
18167
18170
18171
18173
18178
18180
18182
18183
18184
18186
18198
18203
18206
18208
18210
18221
18225
18229
18237
18239
18253
18263
18275
18276
18282
18283
18285
18286
18321
18350
18355
18374
18378
18385
18401
18441
18485
18489
18493
18524
18566
18583
18586
18612
18621
18646
18650
18664
18665
18667
18685
18720
18761
18771
18779
18780
18816
18864
18871
18917
18990
19012
19175
19283
19712
19761
